LG1	9120	9235	115
LG1	37580	37703	123
LG1	38943	39020	77
LG1	43134	43336	202
LG1	45550	46169	619
LG1	46935	47085	150
LG1	48061	48483	422
LG1	48679	49005	326
LG1	49664	49839	175
LG1	49897	50836	939
LG1	51870	51989	119
LG1	52556	52626	70
LG1	56576	57215	639
LG1	57231	57350	119
LG1	57660	58176	516
LG1	60056	60915	859
LG1	61718	61915	197
LG1	62174	62622	448
LG1	63469	63902	433
LG1	64960	65080	120
LG1	66754	67158	404
LG1	67750	68143	393
LG1	68413	68547	134
LG1	68750	68954	204
LG1	70324	70444	120
LG1	71302	71754	452
LG1	85267	85867	600
LG1	86949	87208	259
LG1	89933	90080	147
LG1	106776	107135	359
LG1	107892	108066	174
LG1	109477	110154	677
LG1	110157	110274	117
LG1	111149	111299	150
LG1	111303	111718	415
LG1	114998	115615	617
LG1	123291	124052	761
LG1	126351	126507	156
LG1	136239	136484	245
LG1	141849	142151	302
LG1	142257	142403	146
LG1	142650	142837	187
LG1	144116	144846	730
LG1	146589	147486	897
LG1	148667	148757	90
LG1	149052	149992	940
LG1	150706	151380	674
LG1	151591	151710	119
LG1	151782	151926	144
LG1	152020	152157	137
LG1	152486	152728	242
LG1	157778	160201	2423
LG1	160674	161085	411
LG1	161139	161704	565
LG1	161776	162521	745
LG1	163285	163382	97
LG1	164910	165203	293
LG1	166609	167585	976
LG1	167727	167928	201
LG1	167982	168149	167
LG1	169085	170520	1435
LG1	173002	174855	1853
LG1	177801	178044	243
LG1	179769	179936	167
LG1	180625	180790	165
LG1	186116	187290	1174
LG1	187326	190972	3646
LG1	192432	193063	631
LG1	194035	194176	141
LG1	198286	198717	431
LG1	198769	198908	139
LG1	203824	204651	827
LG1	204913	205020	107
LG1	206268	206590	322
LG1	207321	207769	448
LG1	208025	208449	424
LG1	209538	210077	539
LG1	210335	210926	591
LG1	211717	212627	910
LG1	228965	229139	174
LG1	230285	231071	786
LG1	234194	234545	351
LG1	236800	236981	181
LG1	238389	239425	1036
LG1	240020	240230	210
LG1	252081	254518	2437
LG1	272381	273572	1191
LG1	294211	294343	132
LG1	299585	299837	252
LG1	307890	308270	380
LG1	325845	326154	309
LG1	347658	348079	421
LG1	348454	348620	166
LG1	370061	370196	135
LG1	380218	380812	594
LG1	380829	381961	1132
LG1	395094	395471	377
LG1	401634	401717	83
LG1	401871	402383	512
LG1	417339	417441	102
LG1	421217	421471	254
LG1	429042	429130	88
LG1	441534	441609	75
LG1	450932	451206	274
LG1	453435	453538	103
LG1	458700	459209	509
LG1	459211	459264	53
LG1	474747	474868	121
LG1	475444	475504	60
LG1	478047	478254	207
LG1	481789	482086	297
LG1	482135	482357	222
LG1	483868	484098	230
LG1	486149	486289	140
LG1	486293	486302	9
LG1	486443	486797	354
LG1	486801	486805	4
LG1	486960	487095	135
LG1	489407	489526	119
LG1	489576	489788	212
LG1	492451	492749	298
LG1	499431	499777	346
LG1	499985	500233	248
LG1	508978	509092	114
LG1	509097	509253	156
LG1	511683	512314	631
LG1	512342	514184	1842
LG1	515696	516259	563
LG1	516372	516391	19
LG1	517753	519507	1754
LG1	519535	519732	197
LG1	536526	536738	212
LG1	553117	553222	105
LG1	565022	565128	106
LG1	568998	569200	202
LG1	571222	571470	248
LG1	573812	574346	534
LG1	601945	602581	636
LG1	604617	604890	273
LG1	605116	605367	251
LG1	608717	609217	500
LG1	610945	611711	766
LG1	618748	619145	397
LG1	619366	619461	95
LG1	628653	629049	396
LG1	688316	688431	115
LG1	688680	689107	427
LG1	691302	692102	800
LG1	713105	713257	152
LG1	729921	729996	75
LG1	749712	749867	155
LG1	759027	759084	57
LG1	776097	776828	731
LG1	776937	777040	103
LG1	782800	783150	350
LG1	783168	783329	161
LG1	787709	787981	272
LG1	788093	788435	342
LG1	812743	812986	243
LG1	818801	819009	208
LG1	829719	830139	420
LG1	838861	838976	115
LG1	843382	843488	106
LG1	848113	848223	110
LG1	866037	866817	780
LG1	870156	870193	37
LG1	870202	870243	41
LG1	895076	896352	1276
LG1	897552	898798	1246
LG1	901687	902081	394
LG1	912517	912931	414
LG1	913745	914074	329
LG1	920963	921141	178
LG1	921969	922522	553
LG1	926406	926948	542
LG1	928232	928338	106
LG1	935998	936584	586
LG1	974237	976402	2165
LG1	982318	982732	414
LG1	982803	984631	1828
LG1	993151	993294	143
LG1	993304	993365	61
LG1	995314	995439	125
LG1	997095	997241	146
LG1	1001662	1001836	174
LG1	1003811	1004506	695
LG1	1007135	1007496	361
LG1	1013669	1014061	392
LG1	1014165	1014397	232
LG1	1017802	1018587	785
LG1	1028122	1028665	543
LG1	1030609	1030808	199
LG1	1033229	1033557	328
LG1	1042132	1042551	419
LG1	1043857	1044313	456
LG1	1045887	1046299	412
LG1	1053081	1053264	183
LG1	1053608	1053857	249
LG1	1054739	1055024	285
LG1	1055057	1055322	265
LG1	1055998	1056183	185
LG1	1057129	1057223	94
LG1	1058454	1059278	824
LG1	1060851	1062115	1264
LG1	1064094	1064403	309
LG1	1067899	1069158	1259
LG1	1069197	1070708	1511
LG1	1072264	1072843	579
LG1	1074207	1074409	202
LG1	1074548	1074977	429
LG1	1075162	1075378	216
LG1	1075431	1075566	135
LG1	1077033	1077259	226
LG1	1080152	1080469	317
LG1	1081343	1081630	287
LG1	1081717	1082220	503
LG1	1083547	1083722	175
LG1	1085269	1085691	422
LG1	1086729	1086966	237
LG1	1086997	1087340	343
LG1	1093157	1093257	100
LG1	1095353	1095809	456
LG1	1099396	1099736	340
LG1	1100146	1100772	626
LG1	1101007	1101223	216
LG1	1101412	1101762	350
LG1	1102251	1102894	643
LG1	1108749	1108866	117
LG1	1109198	1109782	584
LG1	1110351	1110834	483
LG1	1111703	1112070	367
LG1	1112418	1112662	244
LG1	1112748	1112954	206
LG1	1113818	1113997	179
LG1	1114102	1114368	266
LG1	1114780	1115596	816
LG1	1115869	1116431	562
LG1	1116551	1116702	151
LG1	1118056	1118813	757
LG1	1119848	1120839	991
LG1	1123374	1124025	651
LG1	1124183	1125421	1238
LG1	1125698	1126865	1167
LG1	1127779	1129607	1828
LG1	1135298	1135490	192
LG1	1137224	1137889	665
LG1	1138040	1140176	2136
LG1	1143246	1150758	7512
LG1	1152153	1152564	411
LG1	1153806	1154528	722
LG1	1155649	1155744	95
LG1	1157045	1157524	479
LG1	1159848	1160220	372
LG1	1161416	1161612	196
LG1	1166694	1167051	357
LG1	1168528	1169244	716
LG1	1169409	1169832	423
LG1	1170798	1171314	516
LG1	1171970	1172459	489
LG1	1174801	1175106	305
LG1	1175180	1175655	475
LG1	1176631	1176741	110
LG1	1176987	1177074	87
LG1	1177160	1177608	448
LG1	1180427	1180804	377
LG1	1182798	1182966	168
LG1	1183641	1184080	439
LG1	1184160	1184516	356
LG1	1186941	1187142	201
LG1	1189709	1191044	1335
LG1	1191232	1191387	155
LG1	1191523	1192135	612
LG1	1192750	1193169	419
LG1	1193243	1193378	135
LG1	1194460	1194611	151
LG1	1194656	1194857	201
LG1	1195889	1196519	630
LG1	1197805	1198933	1128
LG1	1199098	1199674	576
LG1	1200161	1200278	117
LG1	1201147	1201859	712
LG1	1202289	1203110	821
LG1	1204207	1204617	410
LG1	1204737	1205001	264
LG1	1206283	1206953	670
LG1	1207176	1207394	218
LG1	1208624	1208746	122
LG1	1208888	1209122	234
LG1	1210063	1210228	165
LG1	1210290	1210902	612
LG1	1211164	1211324	160
LG1	1211494	1212025	531
LG1	1212086	1212233	147
LG1	1212523	1212980	457
LG1	1213862	1213996	134
LG1	1214265	1214567	302
LG1	1214621	1215309	688
LG1	1216336	1216426	90
LG1	1216706	1217472	766
LG1	1221908	1223326	1418
LG1	1224119	1225304	1185
LG1	1226282	1226759	477
LG1	1226846	1227124	278
LG1	1228110	1228521	411
LG1	1235914	1236426	512
LG1	1240357	1240578	221
LG1	1246344	1247727	1383
LG1	1247834	1248909	1075
LG1	1249122	1249567	445
LG1	1259498	1259942	444
LG1	1262237	1262332	95
LG1	1262336	1262440	104
LG1	1262444	1263410	966
LG1	1265621	1266074	453
LG1	1271027	1271504	477
LG1	1279858	1279899	41
LG1	1288009	1288320	311
LG1	1288325	1288392	67
LG1	1293807	1293844	37
LG1	1295503	1295903	400
LG1	1304414	1304712	298
LG1	1304766	1304902	136
LG1	1310466	1310505	39
LG1	1311152	1311581	429
LG1	1311646	1311925	279
LG1	1311945	1312177	232
LG1	1313422	1313770	348
LG1	1317537	1318891	1354
LG1	1318996	1319156	160
LG1	1321181	1321664	483
LG1	1323326	1323475	149
LG1	1323493	1323782	289
LG1	1324061	1324441	380
LG1	1329249	1329386	137
LG1	1330172	1330401	229
LG1	1330641	1330882	241
LG1	1331476	1331635	159
LG1	1333358	1333839	481
LG1	1335104	1335969	865
LG1	1336132	1336412	280
LG1	1338458	1338696	238
LG1	1338749	1338844	95
LG1	1339968	1340383	415
LG1	1340478	1340663	185
LG1	1341235	1341643	408
LG1	1341773	1342210	437
LG1	1342576	1342965	389
LG1	1343013	1344003	990
LG1	1344599	1344875	276
LG1	1344925	1345127	202
LG1	1346042	1346438	396
LG1	1346709	1347173	464
LG1	1347232	1348032	800
LG1	1348039	1348707	668
LG1	1349266	1349746	480
LG1	1350243	1350679	436
LG1	1350769	1350862	93
LG1	1350895	1351044	149
LG1	1351103	1351806	703
LG1	1352111	1352639	528
LG1	1352709	1353101	392
LG1	1353782	1354028	246
LG1	1354334	1355241	907
LG1	1355967	1356291	324
LG1	1356654	1357124	470
LG1	1358035	1358492	457
LG1	1358509	1359115	606
LG1	1359321	1360082	761
LG1	1361817	1363259	1442
LG1	1368046	1368509	463
LG1	1368768	1369651	883
LG1	1370273	1370570	297
LG1	1371640	1372204	564
LG1	1372718	1373312	594
LG1	1378062	1379969	1907
LG1	1381195	1381625	430
LG1	1382576	1382779	203
LG1	1382803	1383363	560
LG1	1383379	1383517	138
LG1	1383790	1383886	96
LG1	1386737	1387690	953
LG1	1387787	1387889	102
LG1	1391485	1391736	251
LG1	1391903	1392224	321
LG1	1394024	1394803	779
LG1	1395373	1395708	335
LG1	1395896	1396102	206
LG1	1396975	1397520	545
LG1	1397560	1397666	106
LG1	1398948	1399393	445
LG1	1399544	1400029	485
LG1	1400973	1401427	454
LG1	1401465	1401769	304
LG1	1401898	1402263	365
LG1	1403790	1404432	642
LG1	1405294	1405800	506
LG1	1405899	1408001	2102
LG1	1409394	1409466	72
LG1	1409595	1409902	307
LG1	1409903	1410081	178
LG1	1411322	1411591	269
LG1	1412737	1413345	608
LG1	1416858	1417410	552
LG1	1419624	1420377	753
LG1	1421010	1421721	711
LG1	1423560	1423890	330
LG1	1424073	1425604	1531
LG1	1429090	1429710	620
LG1	1429760	1430404	644
LG1	1432140	1432426	286
LG1	1437336	1437940	604
LG1	1441639	1441923	284
LG1	1442012	1442237	225
LG1	1443652	1444259	607
LG1	1445421	1445909	488
LG1	1448855	1449375	520
LG1	1450113	1450537	424
LG1	1450695	1451106	411
LG1	1451336	1451521	185
LG1	1454271	1454555	284
LG1	1455105	1455891	786
LG1	1456184	1457363	1179
LG1	1458140	1458989	849
LG1	1459587	1460206	619
LG1	1460237	1460452	215
LG1	1465662	1465924	262
LG1	1468862	1469274	412
LG1	1469396	1469459	63
LG1	1469738	1469946	208
LG1	1472425	1473316	891
LG1	1476106	1476370	264
LG1	1477240	1477552	312
LG1	1478641	1479463	822
LG1	1479518	1479695	177
LG1	1480081	1480515	434
LG1	1483706	1484130	424
LG1	1486000	1486388	388
LG1	1489538	1489676	138
LG1	1490064	1490297	233
LG1	1490556	1491019	463
LG1	1492055	1492282	227
LG1	1493336	1493929	593
LG1	1494569	1494737	168
LG1	1496323	1496519	196
LG1	1496742	1497186	444
LG1	1503806	1504547	741
LG1	1504610	1505369	759
LG1	1507156	1507744	588
LG1	1509393	1509920	527
LG1	1532283	1532676	393
LG1	1532760	1533154	394
LG1	1534472	1534560	88
LG1	1534573	1534755	182
LG1	1536029	1536872	843
LG1	1537315	1537657	342
LG1	1537899	1537929	30
LG1	1538001	1538079	78
LG1	1538205	1538760	555
LG1	1539217	1539682	465
LG1	1539720	1539971	251
LG1	1541168	1541480	312
LG1	1542051	1542378	327
LG1	1542524	1542981	457
LG1	1544030	1544903	873
LG1	1545375	1545447	72
LG1	1545589	1546026	437
LG1	1546098	1546563	465
LG1	1547093	1547242	149
LG1	1547290	1547587	297
LG1	1547736	1548024	288
LG1	1548481	1548604	123
LG1	1548655	1548771	116
LG1	1549231	1549566	335
LG1	1551871	1552039	168
LG1	1552136	1552231	95
LG1	1552697	1553064	367
LG1	1553152	1553294	142
LG1	1553409	1553687	278
LG1	1553703	1554158	455
LG1	1554251	1554455	204
LG1	1556661	1557184	523
LG1	1562450	1562706	256
LG1	1562980	1563227	247
LG1	1563422	1563620	198
LG1	1563674	1564333	659
LG1	1565892	1566095	203
LG1	1566142	1566698	556
LG1	1566843	1566884	41
LG1	1567118	1567629	511
LG1	1568447	1568910	463
LG1	1569743	1569799	56
LG1	1570788	1571108	320
LG1	1583810	1583921	111
LG1	1584085	1584313	228
LG1	1587190	1587468	278
LG1	1588672	1589113	441
LG1	1594086	1594218	132
LG1	1594418	1594755	337
LG1	1595922	1596275	353
LG1	1596339	1596640	301
LG1	1597779	1598718	939
LG1	1599796	1600384	588
LG1	1601240	1602482	1242
LG1	1602729	1602901	172
LG1	1603384	1603827	443
LG1	1608601	1608952	351
LG1	1626320	1626886	566
LG1	1631488	1631625	137
LG1	1631746	1632289	543
LG1	1638781	1639036	255
LG1	1642263	1642329	66
LG1	1646644	1646973	329
LG1	1647298	1647534	236
LG1	1648708	1648889	181
LG1	1649303	1649826	523
LG1	1652841	1654029	1188
LG1	1655872	1656384	512
LG1	1658996	1661351	2355
LG1	1665244	1666046	802
LG1	1675697	1676667	970
LG1	1680884	1681802	918
LG1	1683484	1683818	334
LG1	1689770	1689794	24
LG1	1689805	1689999	194
LG1	1695522	1695903	381
LG1	1702475	1703056	581
LG1	1707047	1707197	150
LG1	1715441	1715743	302
LG1	1719346	1720287	941
LG1	1734423	1734647	224
LG1	1736232	1736484	252
LG1	1736591	1736788	197
LG1	1745208	1745366	158
LG1	1745568	1745665	97
LG1	1747689	1747914	225
LG1	1748334	1748532	198
LG1	1749294	1749468	174
LG1	1750380	1750501	121
LG1	1751840	1751906	66
LG1	1765151	1765394	243
LG1	1765638	1765803	165
LG1	1766029	1766220	191
LG1	1767898	1768298	400
LG1	1769347	1769707	360
LG1	1772406	1772620	214
LG1	1773132	1773302	170
LG1	1773575	1773792	217
LG1	1774246	1774409	163
LG1	1774679	1774898	219
LG1	1774966	1775473	507
LG1	1781992	1782048	56
LG1	1782051	1782099	48
LG1	1784969	1785157	188
LG1	1785270	1786081	811
LG1	1830554	1832768	2214
LG1	1832770	1832966	196
LG1	1875141	1875659	518
LG1	1886252	1886927	675
LG1	1887197	1887726	529
LG1	1887868	1888076	208
LG1	1888502	1888697	195
LG1	1889821	1890502	681
LG1	1892820	1893447	627
LG1	1893493	1893909	416
LG1	1904236	1904523	287
LG1	1904588	1905665	1077
LG1	1907107	1907279	172
LG1	1908593	1908783	190
LG1	1908935	1909512	577
LG1	1925645	1926784	1139
LG1	1936116	1936415	299
LG1	1944419	1944680	261
LG1	1949907	1949997	90
LG1	1950236	1950429	193
LG1	1951711	1951887	176
LG1	1958831	1959115	284
LG1	1959215	1959346	131
LG1	1959379	1959465	86
LG1	1973012	1973267	255
LG1	1973813	1974027	214
LG1	1996733	1998919	2186
LG1	1999189	1999756	567
LG1	2008441	2008869	428
LG1	2008966	2009355	389
LG1	2013987	2014113	126
LG1	2014402	2014446	44
LG1	2014582	2014998	416
LG1	2015534	2015909	375
LG1	2016446	2016792	346
LG1	2024632	2024884	252
LG1	2034142	2034537	395
LG1	2037505	2037895	390
LG1	2045601	2045994	393
LG1	2059105	2063935	4830
LG1	2064676	2064788	112
LG1	2064857	2065048	191
LG1	2067764	2067974	210
LG1	2076384	2076567	183
LG1	2084662	2084821	159
LG1	2084935	2085142	207
LG1	2087608	2088481	873
LG1	2088583	2088971	388
LG1	2090557	2090772	215
LG1	2090834	2091009	175
LG1	2091073	2091391	318
LG1	2091685	2092143	458
LG1	2092180	2092380	200
LG1	2093469	2093656	187
LG1	2093692	2093854	162
LG1	2094262	2094389	127
LG1	2094564	2094682	118
LG1	2096006	2096204	198
LG1	2096283	2096736	453
LG1	2098970	2099180	210
LG1	2099471	2099561	90
LG1	2100275	2100346	71
LG1	2102607	2102805	198
LG1	2102933	2103156	223
LG1	2103218	2103527	309
LG1	2105376	2105509	133
LG1	2107188	2107261	73
LG1	2109531	2109829	298
LG1	2111406	2111663	257
LG1	2113523	2113669	146
LG1	2114117	2114564	447
LG1	2116116	2116338	222
LG1	2119521	2119648	127
LG1	2186418	2186451	33
LG1	2187956	2188224	268
LG1	2189221	2189379	158
LG1	2193193	2193696	503
LG1	2216381	2216723	342
LG1	2216828	2216984	156
LG1	2222283	2222591	308
LG1	2230749	2231089	340
LG1	2232770	2233246	476
LG1	2235292	2235306	14
LG1	2236352	2236435	83
LG1	2238508	2238837	329
LG1	2242443	2242764	321
LG1	2249866	2249919	53
LG1	2253704	2253898	194
LG1	2257991	2258378	387
LG1	2270164	2271216	1052
LG1	2271253	2272316	1063
LG1	2276989	2277317	328
LG1	2282200	2282427	227
LG1	2282453	2282538	85
LG1	2291371	2291634	263
LG1	2299282	2299392	110
LG1	2299405	2299598	193
LG1	2322231	2322353	122
LG1	2322525	2322906	381
LG1	2328500	2328576	76
LG1	2338391	2338509	118
LG1	2338560	2338665	105
LG1	2340467	2340907	440
LG1	2355845	2355960	115
LG1	2356933	2357170	237
LG1	2365176	2365691	515
LG1	2368157	2368164	7
LG1	2368235	2368313	78
LG1	2372837	2373128	291
LG1	2389680	2390060	380
LG1	2392468	2392686	218
LG1	2395055	2395181	126
LG1	2408616	2409081	465
LG1	2413460	2413550	90
LG1	2419742	2419984	242
LG1	2420165	2420370	205
LG1	2425692	2425801	109
LG1	2426611	2427017	406
LG1	2427213	2427295	82
LG1	2436155	2436300	145
LG1	2439150	2439361	211
LG1	2442017	2442147	130
LG1	2442259	2442562	303
LG1	2443694	2443980	286
LG1	2448657	2448945	288
LG1	2452424	2452694	270
LG1	2458736	2458823	87
LG1	2480511	2480609	98
LG1	2491250	2491844	594
LG1	2495811	2496186	375
LG1	2499327	2499547	220
LG1	2518309	2518598	289
LG1	2519205	2519675	470
LG1	2523006	2523363	357
LG1	2523496	2523763	267
LG1	2525210	2525412	202
LG1	2526221	2526426	205
LG1	2526479	2526577	98
LG1	2528015	2528307	292
LG1	2531331	2531566	235
LG1	2533577	2533741	164
LG1	2541381	2541580	199
LG1	2542501	2542990	489
LG1	2544007	2544684	677
LG1	2545361	2545411	50
LG1	2547372	2548125	753
LG1	2549939	2550020	81
LG1	2550455	2550663	208
LG1	2553390	2553548	158
LG1	2553691	2553874	183
LG1	2554679	2554947	268
LG1	2557699	2558053	354
LG1	2560277	2560379	102
LG1	2560449	2560506	57
LG1	2560558	2560682	124
LG1	2563367	2563915	548
LG1	2564001	2564149	148
LG1	2565919	2566008	89
LG1	2567065	2567203	138
LG1	2567412	2567546	134
LG1	2567619	2567705	86
LG1	2568336	2568782	446
LG1	2568786	2568920	134
LG1	2569543	2569704	161
LG1	2569797	2570177	380
LG1	2570269	2570507	238
LG1	2570608	2570742	134
LG1	2571434	2572020	586
LG1	2572100	2572173	73
LG1	2574739	2575876	1137
LG1	2576725	2576953	228
LG1	2580823	2581082	259
LG1	2583107	2583386	279
LG1	2583474	2583572	98
LG1	2584407	2584761	354
LG1	2586530	2586802	272
LG1	2587090	2587274	184
LG1	2587604	2587807	203
LG1	2588841	2588966	125
LG1	2589000	2589135	135
LG1	2589225	2589357	132
LG1	2589714	2589857	143
LG1	2589920	2590208	288
LG1	2591090	2591287	197
LG1	2593516	2593649	133
LG1	2593681	2593843	162
LG1	2595221	2595323	102
LG1	2595387	2595477	90
LG1	2595848	2595992	144
LG1	2596158	2596541	383
LG1	2598854	2599950	1096
LG1	2600260	2600802	542
LG1	2600805	2601667	862
LG1	2601767	2601813	46
LG1	2603278	2603444	166
LG1	2603458	2603730	272
LG1	2605181	2605397	216
LG1	2607024	2607670	646
LG1	2607839	2608154	315
LG1	2608381	2608716	335
LG1	2611882	2612225	343
LG1	2613949	2614150	201
LG1	2615092	2615433	341
LG1	2616047	2617000	953
LG1	2617444	2617639	195
LG1	2619794	2619964	170
LG1	2621217	2621543	326
LG1	2624782	2625228	446
LG1	2627649	2628484	835
LG1	2630061	2630339	278
LG1	2630468	2630814	346
LG1	2635151	2635337	186
LG1	2635479	2635665	186
LG1	2636216	2636321	105
LG1	2637073	2637228	155
LG1	2638013	2638281	268
LG1	2639817	2639909	92
LG1	2640527	2640620	93
LG1	2641282	2641487	205
LG1	2642998	2643339	341
LG1	2644293	2644445	152
LG1	2647558	2647771	213
LG1	2650095	2650721	626
LG1	2652086	2652259	173
LG1	2655994	2656250	256
LG1	2657709	2657893	184
LG1	2667056	2667204	148
LG1	2668963	2669192	229
LG1	2669298	2669567	269
LG1	2677422	2677543	121
LG1	2678986	2679450	464
LG1	2682505	2682783	278
LG1	2685008	2685142	134
LG1	2689173	2689648	475
LG1	2690378	2690639	261
LG1	2692992	2693286	294
LG1	2694673	2694957	284
LG1	2696641	2697065	424
LG1	2703330	2703455	125
LG1	2703469	2703766	297
LG1	2704278	2704522	244
LG1	2705234	2705849	615
LG1	2707178	2707807	629
LG1	2709768	2710074	306
LG1	2710596	2710835	239
LG1	2711200	2711369	169
LG1	2711382	2711698	316
LG1	2715132	2715879	747
LG1	2717320	2717568	248
LG1	2718668	2719149	481
LG1	2719752	2719905	153
LG1	2721150	2721349	199
LG1	2722270	2722783	513
LG1	2725100	2725582	482
LG1	2725966	2726304	338
LG1	2727034	2727525	491
LG1	2727555	2727726	171
LG1	2731683	2731877	194
LG1	2738755	2738866	111
LG1	2739025	2739301	276
LG1	2739363	2739371	8
LG1	2739404	2739920	516
LG1	2741399	2741736	337
LG1	2743786	2744260	474
LG1	2744613	2744972	359
LG1	2745133	2745427	294
LG1	2749119	2750136	1017
LG1	2750689	2751359	670
LG1	2753328	2753649	321
LG1	2763198	2763481	283
LG1	2770420	2770482	62
LG1	2770755	2770994	239
LG1	2771771	2771933	162
LG1	2775768	2775891	123
LG1	2776123	2776771	648
LG1	2776846	2777139	293
LG1	2778288	2778472	184
LG1	2779969	2780222	253
LG1	2780941	2781633	692
LG1	2785674	2785746	72
LG1	2785749	2786096	347
LG1	2789177	2789957	780
LG1	2790700	2790825	125
LG1	2792222	2792504	282
LG1	2797076	2797502	426
LG1	2799330	2799425	95
LG1	2799633	2799859	226
LG1	2800144	2800339	195
LG1	2804127	2804267	140
LG1	2804363	2804588	225
LG1	2806760	2806942	182
LG1	2807124	2807323	199
LG1	2807335	2807568	233
LG1	2807620	2807748	128
LG1	2808219	2808544	325
LG1	2808680	2808828	148
LG1	2810171	2810344	173
LG1	2810358	2810488	130
LG1	2810581	2810740	159
LG1	2812462	2812948	486
LG1	2814804	2815105	301
LG1	2815153	2815274	121
LG1	2815344	2815755	411
LG1	2816418	2816644	226
LG1	2816678	2817364	686
LG1	2818381	2818527	146
LG1	2818596	2818908	312
LG1	2818958	2819169	211
LG1	2820717	2821109	392
LG1	2821129	2833054	11925
LG1	2833099	2833205	106
LG1	2833429	2833725	296
LG1	2833952	2834146	194
LG1	2834239	2834367	128
LG1	2834497	2834597	100
LG1	2834669	2834906	237
LG1	2835770	2835979	209
LG1	2836169	2836556	387
LG1	2836685	2837289	604
LG1	2839897	2840220	323
LG1	2840289	2840985	696
LG1	2843602	2843752	150
LG1	2844592	2844870	278
LG1	2846936	2847514	578
LG1	2847894	2848071	177
LG1	2853989	2854236	247
LG1	2857552	2858101	549
LG1	2858343	2859021	678
LG1	2859062	2859354	292
LG1	2860224	2860855	631
LG1	2869705	2870027	322
LG1	2872522	2872845	323
LG1	2877221	2877349	128
LG1	2880329	2881305	976
LG1	2888493	2888583	90
LG1	2890961	2891165	204
LG1	2895155	2895547	392
LG1	2895709	2895763	54
LG1	2895798	2896301	503
LG1	2897696	2897794	98
LG1	2901017	2901617	600
LG1	2905821	2905927	106
LG1	2920459	2920870	411
LG1	2920927	2921128	201
LG1	2921141	2921365	224
LG1	2926936	2927135	199
LG1	2927266	2927568	302
LG1	2938797	2939020	223
LG1	2939563	2939737	174
LG1	2939862	2940008	146
LG1	2945656	2946099	443
LG1	2946519	2946677	158
LG1	2947791	2948001	210
LG1	2951117	2951768	651
LG1	2951884	2952103	219
LG1	2954300	2954496	196
LG1	2957070	2957343	273
LG1	2957589	2957917	328
LG1	2967529	2967825	296
LG1	2967978	2968032	54
LG1	2970958	2971207	249
LG1	2974592	2974698	106
LG1	2975994	2976329	335
LG1	2977661	2977853	192
LG1	2982687	2982844	157
LG1	2983263	2983533	270
LG1	2984809	2985404	595
LG1	2985464	2985899	435
LG1	2987368	2987476	108
LG1	2987865	2989024	1159
LG1	2989280	2989921	641
LG1	2995161	2995430	269
LG1	3001746	3002044	298
LG1	3002185	3002561	376
LG1	3003159	3003592	433
LG1	3003669	3003714	45
LG1	3004422	3004511	89
LG1	3004541	3004655	114
LG1	3006377	3006808	431
LG1	3006818	3006956	138
LG1	3018195	3018276	81
LG1	3019355	3020346	991
LG1	3020890	3021046	156
LG1	3023345	3023571	226
LG1	3024899	3025313	414
LG1	3027583	3028046	463
LG1	3028159	3028520	361
LG1	3034655	3034745	90
LG1	3034822	3035161	339
LG1	3038297	3038756	459
LG1	3042303	3042582	279
LG1	3042813	3043129	316
LG1	3043557	3043827	270
LG1	3048572	3049340	768
LG1	3050367	3050693	326
LG1	3050749	3050843	94
LG1	3054129	3054318	189
LG1	3054409	3054479	70
LG1	3056837	3057235	398
LG1	3057269	3057601	332
LG1	3058852	3058984	132
LG1	3061129	3061594	465
LG1	3063195	3063444	249
LG1	3064828	3065307	479
LG1	3066506	3067357	851
LG1	3071550	3071646	96
LG1	3071649	3072002	353
LG1	3081377	3081659	282
LG1	3083820	3084114	294
LG1	3084288	3084746	458
LG1	3085161	3085319	158
LG1	3088660	3088871	211
LG1	3088930	3089164	234
LG1	3089345	3089619	274
LG1	3091968	3092406	438
LG1	3098466	3098594	128
LG1	3102886	3103103	217
LG1	3104716	3104879	163
LG1	3105155	3105461	306
LG1	3109219	3110003	784
LG1	3110310	3111078	768
LG1	3111416	3111536	120
LG1	3112455	3112612	157
LG1	3118002	3118739	737
LG1	3119156	3119325	169
LG1	3119630	3119912	282
LG1	3123109	3123391	282
LG1	3154726	3155395	669
LG1	3158171	3158325	154
LG1	3159300	3159768	468
LG1	3162644	3162992	348
LG1	3163228	3164419	1191
LG1	3164871	3165349	478
LG1	3165434	3165687	253
LG1	3166220	3169077	2857
LG1	3170727	3171347	620
LG1	3172000	3172846	846
LG1	3173804	3173993	189
LG1	3174092	3174712	620
LG1	3178671	3180496	1825
LG1	3182938	3184580	1642
LG1	3184665	3185354	689
LG1	3193453	3194173	720
LG1	3207470	3207880	410
LG1	3207931	3208339	408
LG1	3208642	3209244	602
LG1	3210547	3211022	475
LG1	3211051	3211274	223
LG1	3213906	3214050	144
LG1	3214159	3214471	312
LG1	3217303	3217567	264
LG1	3223631	3223812	181
LG1	3225265	3225507	242
LG1	3225666	3225775	109
LG1	3234701	3235450	749
LG1	3235736	3236102	366
LG1	3236129	3236485	356
LG1	3236642	3236994	352
LG1	3250230	3250336	106
LG1	3256105	3256220	115
LG1	3259014	3259143	129
LG1	3259921	3259977	56
LG1	3269043	3269120	77
LG1	3275185	3275276	91
LG1	3276940	3277108	168
LG1	3291656	3291976	320
LG1	3292421	3292791	370
LG1	3332456	3332508	52
LG1	3365834	3365980	146
LG1	3366678	3366735	57
LG1	3367291	3367405	114
LG1	3367470	3368100	630
LG1	3368347	3368635	288
LG1	3368771	3369128	357
LG1	3370643	3370889	246
LG1	3370942	3371061	119
LG1	3372074	3372621	547
LG1	3372712	3372931	219
LG1	3372958	3373494	536
LG1	3373539	3373723	184
LG1	3373794	3373914	120
LG1	3374521	3374701	180
LG1	3377512	3377671	159
LG1	3382958	3383106	148
LG1	3383989	3384132	143
LG1	3385687	3385941	254
LG1	3386994	3387107	113
LG1	3388830	3390153	1323
LG1	3390156	3390324	168
LG1	3391028	3391168	140
LG1	3393307	3393458	151
LG1	3394541	3394747	206
LG1	3394798	3395266	468
LG1	3395578	3395823	245
LG1	3396165	3396287	122
LG1	3396515	3396838	323
LG1	3396906	3397083	177
LG1	3399910	3400186	276
LG1	3400229	3400359	130
LG1	3400400	3400579	179
LG1	3401204	3401938	734
LG1	3402129	3402487	358
LG1	3402932	3403111	179
LG1	3403427	3403755	328
LG1	3403830	3404093	263
LG1	3404174	3404392	218
LG1	3404803	3405186	383
LG1	3406306	3406422	116
LG1	3407880	3407954	74
LG1	3408118	3408455	337
LG1	3409641	3410134	493
LG1	3411948	3412165	217
LG1	3412242	3412421	179
LG1	3412874	3413067	193
LG1	3414305	3414452	147
LG1	3415145	3415266	121
LG1	3415580	3415711	131
LG1	3416633	3416874	241
LG1	3417933	3418030	97
LG1	3418449	3418618	169
LG1	3421374	3421485	111
LG1	3424630	3424853	223
LG1	3426319	3426887	568
LG1	3427090	3427972	882
LG1	3429507	3430382	875
LG1	3431089	3431254	165
LG1	3431561	3431752	191
LG1	3431873	3431978	105
LG1	3434778	3434975	197
LG1	3435838	3436141	303
LG1	3436371	3436517	146
LG1	3436633	3436758	125
LG1	3437984	3438285	301
LG1	3438483	3438961	478
LG1	3439049	3439222	173
LG1	3441186	3441775	589
LG1	3442280	3442506	226
LG1	3443502	3443760	258
LG1	3444445	3444565	120
LG1	3444765	3444925	160
LG1	3445039	3445190	151
LG1	3446412	3446616	204
LG1	3447637	3448140	503
LG1	3450883	3451020	137
LG1	3452607	3453456	849
LG1	3453630	3453740	110
LG1	3454648	3455205	557
LG1	3471909	3472026	117
LG1	3473686	3475950	2264
LG1	3475987	3478081	2094
LG1	3506946	3507166	220
LG1	3508471	3509603	1132
LG1	3510011	3510623	612
LG1	3511049	3511361	312
LG1	3518469	3518675	206
LG1	3526532	3526705	173
LG1	3531443	3531886	443
LG1	3533282	3533638	356
LG1	3533746	3534034	288
LG1	3534076	3534163	87
LG1	3534641	3534822	181
LG1	3535014	3535169	155
LG1	3535773	3536036	263
LG1	3536368	3536546	178
LG1	3536658	3537007	349
LG1	3537119	3537313	194
LG1	3537451	3537669	218
LG1	3538087	3538288	201
LG1	3538330	3538517	187
LG1	3538550	3538625	75
LG1	3538950	3539019	69
LG1	3539022	3539219	197
LG1	3539256	3539662	406
LG1	3539809	3539902	93
LG1	3541840	3542007	167
LG1	3543047	3543374	327
LG1	3543428	3543713	285
LG1	3543887	3544201	314
LG1	3545264	3545673	409
LG1	3545700	3546219	519
LG1	3547420	3547586	166
LG1	3547678	3547867	189
LG1	3547944	3548061	117
LG1	3548198	3548846	648
LG1	3548939	3549252	313
LG1	3549303	3549709	406
LG1	3549754	3550032	278
LG1	3550649	3550958	309
LG1	3553839	3554193	354
LG1	3554217	3554347	130
LG1	3554405	3554608	203
LG1	3555408	3555496	88
LG1	3555560	3555783	223
LG1	3555844	3557920	2076
LG1	3560405	3560813	408
LG1	3561171	3561384	213
LG1	3562634	3562973	339
LG1	3563014	3563201	187
LG1	3564125	3564246	121
LG1	3564507	3564586	79
LG1	3565672	3565788	116
LG1	3566418	3566536	118
LG1	3567658	3567750	92
LG1	3569140	3569273	133
LG1	3571192	3572153	961
LG1	3591631	3592014	383
LG1	3629469	3629567	98
LG1	3676599	3676985	386
LG1	3683154	3683526	372
LG1	3765873	3768052	2179
LG1	3783691	3783923	232
LG1	3785598	3785813	215
LG1	3786172	3786624	452
LG1	3787015	3787167	152
LG1	3787483	3787622	139
LG1	3791151	3791286	135
LG1	3792849	3793346	497
LG1	3796327	3796486	159
LG1	3796529	3796716	187
LG1	3796726	3796933	207
LG1	3797083	3797233	150
LG1	3797350	3797458	108
LG1	3801962	3802867	905
LG1	3805188	3805492	304
LG1	3806329	3807033	704
LG1	3809772	3810025	253
LG1	3810094	3810370	276
LG1	3810442	3810671	229
LG1	3810910	3811179	269
LG1	3812192	3812671	479
LG1	3813617	3813825	208
LG1	3816241	3832827	16586
LG1	3832834	3833666	832
LG1	3833703	3841208	7505
LG1	3841354	3842303	949
LG1	3842770	3843253	483
LG1	3843872	3844095	223
LG1	3844494	3844822	328
LG1	3844893	3845121	228
LG1	3846864	3847129	265
LG1	3848749	3849191	442
LG1	3849327	3849992	665
LG1	3851774	3851999	225
LG1	3852175	3852294	119
LG1	3853047	3853384	337
LG1	3854792	3855776	984
LG1	3856011	3856432	421
LG1	3857144	3857348	204
LG1	3857570	3857884	314
LG1	3857897	3858048	151
LG1	3858363	3858547	184
LG1	3860713	3860902	189
LG1	3865195	3865384	189
LG1	3874540	3874771	231
LG1	3875347	3875576	229
LG1	3878192	3878243	51
LG1	3887543	3887657	114
LG1	3934325	3935047	722
LG1	3935881	3935988	107
LG1	3936109	3936238	129
LG1	3936538	3936597	59
LG1	3942415	3942852	437
LG1	3944529	3944618	89
LG1	3946032	3946444	412
LG1	3948467	3948586	119
LG1	3951925	3952082	157
LG1	3952234	3952658	424
LG1	3953945	3954529	584
LG1	3963749	3964666	917
LG1	3964700	3967172	2472
LG1	3971849	3972100	251
LG1	3972242	3972332	90
LG1	3972357	3972492	135
LG1	3977487	3977620	133
LG1	3977709	3977908	199
LG1	3985285	3985403	118
LG1	4012520	4017618	5098
LG1	4017632	4017982	350
LG1	4018112	4018222	110
LG1	4018225	4018543	318
LG1	4018955	4019384	429
LG1	4019721	4019837	116
LG1	4019847	4019948	101
LG1	4053284	4053511	227
LG1	4053642	4053820	178
LG1	4053825	4055589	1764
LG1	4055591	4055598	7
LG1	4055609	4055777	168
LG1	4055780	4056034	254
LG1	4057427	4057564	137
LG1	4057628	4057775	147
LG1	4058429	4058506	77
LG1	4058622	4058716	94
LG1	4059376	4059492	116
LG1	4059671	4059838	167
LG1	4060026	4060151	125
LG1	4064127	4064581	454
LG1	4077016	4077170	154
LG1	4078651	4078835	184
LG1	4079432	4079536	104
LG1	4079839	4079979	140
LG1	4081046	4081466	420
LG1	4083347	4083661	314
LG1	4094271	4095319	1048
LG1	4096238	4097154	916
LG1	4098409	4098598	189
LG1	4098796	4099004	208
LG1	4100722	4100866	144
LG1	4101990	4102172	182
LG1	4102639	4102804	165
LG1	4103086	4103307	221
LG1	4103481	4103601	120
LG1	4103794	4104241	447
LG1	4104906	4105128	222
LG1	4107238	4107338	100
LG1	4108004	4108298	294
LG1	4109945	4110177	232
LG1	4110826	4111017	191
LG1	4111486	4111663	177
LG1	4112260	4112416	156
LG1	4112664	4112751	87
LG1	4112941	4113014	73
LG1	4121676	4121735	59
LG1	4122041	4122300	259
LG1	4125738	4125869	131
LG1	4126100	4126182	82
LG1	4126460	4126565	105
LG1	4129483	4129778	295
LG1	4130062	4130381	319
LG1	4133260	4133634	374
LG1	4134648	4134999	351
LG1	4138822	4138994	172
LG1	4140704	4140942	238
LG1	4145228	4145356	128
LG1	4145842	4146156	314
LG1	4146235	4146392	157
LG1	4147507	4147588	81
LG1	4154893	4155182	289
LG1	4157123	4157362	239
LG1	4159464	4159568	104
LG1	4159607	4159706	99
LG1	4159735	4159820	85
LG1	4159962	4160000	38
LG1	4160008	4162201	2193
LG1	4162222	4162328	106
LG1	4163473	4163618	145
LG1	4163666	4164175	509
LG1	4164258	4164751	493
LG1	4176254	4176488	234
LG1	4177315	4177398	83
LG1	4181797	4181977	180
LG1	4182988	4183317	329
LG1	4183723	4184206	483
LG1	4199044	4199542	498
LG1	4203884	4204335	451
LG1	4204543	4204776	233
LG1	4207180	4207805	625
LG1	4208232	4208573	341
LG1	4209303	4209352	49
LG1	4220905	4221351	446
LG1	4245418	4245588	170
LG1	4245649	4245825	176
LG1	4245968	4246190	222
LG1	4246193	4246235	42
LG1	4246393	4246603	210
LG1	4246745	4247012	267
LG1	4248299	4248508	209
LG1	4251718	4251853	135
LG1	4271806	4272302	496
LG1	4339417	4340141	724
LG1	4342383	4342830	447
LG1	4351086	4351180	94
LG1	4476591	4477376	785
LG1	4477413	4477489	76
LG1	4499130	4499844	714
LG1	4504832	4504995	163
LG1	4505356	4505394	38
LG1	4505963	4506130	167
LG1	4520193	4520701	508
LG1	4521185	4521338	153
LG1	4523369	4523485	116
LG1	4524103	4524383	280
LG1	4525389	4525592	203
LG1	4528014	4528248	234
LG1	4528868	4528972	104
LG1	4529328	4529470	142
LG1	4529998	4530140	142
LG1	4530158	4530247	89
LG1	4531488	4531653	165
LG1	4535322	4535554	232
LG1	4536102	4536279	177
LG1	4537888	4538311	423
LG1	4539918	4540367	449
LG1	4540448	4540684	236
LG1	4542724	4543145	421
LG1	4543260	4543407	147
LG1	4543535	4544089	554
LG1	4545913	4546308	395
LG1	4550253	4550367	114
LG1	4556595	4556787	192
LG1	4557970	4558118	148
LG1	4561447	4561513	66
LG1	4562358	4563210	852
LG1	4563293	4563364	71
LG1	4563532	4563823	291
LG1	4563841	4563908	67
LG1	4564206	4564729	523
LG1	4564855	4564952	97
LG1	4565416	4565572	156
LG1	4566022	4566115	93
LG1	4567507	4567824	317
LG1	4568107	4568269	162
LG1	4571181	4571434	253
LG1	4571717	4571871	154
LG1	4571986	4572153	167
LG1	4573245	4573384	139
LG1	4573816	4574090	274
LG1	4574964	4575347	383
LG1	4598292	4598674	382
LG1	4618383	4618812	429
LG1	4619644	4619708	64
LG1	4637034	4637135	101
LG1	4637285	4637403	118
LG1	4640848	4641311	463
LG1	4641563	4641658	95
LG1	4643049	4643424	375
LG1	4656239	4656443	204
LG1	4656929	4657122	193
LG1	4662926	4663452	526
LG1	4669867	4670251	384
LG1	4686665	4686901	236
LG1	4688081	4688296	215
LG1	4691103	4691304	201
LG1	4692459	4692642	183
LG1	4693063	4693309	246
LG1	4695275	4695437	162
LG1	4699052	4699301	249
LG1	4699526	4699620	94
LG1	4699761	4699931	170
LG1	4700979	4701178	199
LG1	4706351	4706444	93
LG1	4707831	4707992	161
LG1	4708000	4711470	3470
LG1	4711472	4711539	67
LG1	4711558	4711632	74
LG1	4717439	4717882	443
LG1	4717902	4717952	50
LG1	4720075	4720244	169
LG1	4720556	4720825	269
LG1	4721247	4721508	261
LG1	4722707	4723223	516
LG1	4723974	4724189	215
LG1	4725705	4726089	384
LG1	4726312	4726784	472
LG1	4727027	4727456	429
LG1	4730983	4731362	379
LG1	4735150	4735351	201
LG1	4737172	4737726	554
LG1	4738717	4738871	154
LG1	4747474	4747727	253
LG1	4748336	4748506	170
LG1	4748734	4748918	184
LG1	4752421	4752562	141
LG1	4752749	4752803	54
LG1	4752986	4753162	176
LG1	4759548	4760120	572
LG1	4761706	4761957	251
LG1	4762101	4762390	289
LG1	4762649	4762804	155
LG1	4766133	4766474	341
LG1	4770267	4774880	4613
LG1	4780622	4780713	91
LG1	4794533	4794892	359
LG1	4800636	4801059	423
LG1	4801137	4801745	608
LG1	4804991	4805665	674
LG1	4815537	4815981	444
LG1	4816947	4817091	144
LG1	4821663	4821980	317
LG1	4822429	4822622	193
LG1	4835086	4835295	209
LG1	4836209	4836307	98
LG1	4836816	4836936	120
LG1	4842015	4843046	1031
LG1	4844063	4844424	361
LG1	4856583	4856975	392
LG1	4863021	4863220	199
LG1	4870625	4870711	86
LG1	4878093	4878254	161
LG1	4885200	4885391	191
LG1	4885703	4885885	182
LG1	4893134	4893288	154
LG1	4893374	4893566	192
LG1	4894278	4894452	174
LG1	4898734	4898897	163
LG1	4907288	4907374	86
LG1	4932384	4932440	56
LG1	4956307	4956644	337
LG1	4957121	4957188	67
LG1	4958648	4958801	153
LG1	4959254	4959644	390
LG1	4963945	4964232	287
LG1	4966398	4967373	975
LG1	4972587	4972681	94
LG1	4981963	4982189	226
LG1	4985744	4986041	297
LG1	4989381	4989618	237
LG1	4992033	4992302	269
LG1	4995067	4995418	351
LG1	4995751	4995807	56
LG1	5001057	5001128	71
LG1	5014394	5014612	218
LG1	5016702	5016920	218
LG1	5017043	5017236	193
LG1	5017852	5018050	198
LG1	5022557	5022822	265
LG1	5023397	5023722	325
LG1	5023749	5023954	205
LG1	5033600	5033752	152
LG1	5033997	5034201	204
LG1	5034272	5034423	151
LG1	5035498	5036355	857
LG1	5036461	5036624	163
LG1	5037093	5037208	115
LG1	5037919	5037993	74
LG1	5038030	5038172	142
LG1	5038181	5038952	771
LG1	5041820	5042562	742
LG1	5042746	5043012	266
LG1	5045482	5045588	106
LG1	5047070	5047680	610
LG1	5047974	5048133	159
LG1	5050192	5050304	112
LG1	5050361	5050782	421
LG1	5051244	5052349	1105
LG1	5055410	5055535	125
LG1	5055720	5056001	281
LG1	5058672	5059403	731
LG1	5063894	5064404	510
LG1	5065885	5066274	389
LG1	5068704	5069020	316
LG1	5101282	5101419	137
LG1	5101447	5101577	130
LG1	5101715	5101865	150
LG1	5101934	5102063	129
LG1	5103579	5103693	114
LG1	5104073	5104284	211
LG1	5105904	5106061	157
LG1	5106223	5106307	84
LG1	5117332	5117492	160
LG1	5118223	5118437	214
LG1	5118650	5118926	276
LG1	5119653	5120114	461
LG1	5121412	5121602	190
LG1	5121721	5121807	86
LG1	5121972	5122049	77
LG1	5122272	5122503	231
LG1	5129275	5129623	348
LG1	5130001	5130664	663
LG1	5134924	5135449	525
LG1	5135595	5135782	187
LG1	5135804	5136204	400
LG1	5136207	5136315	108
LG1	5136339	5137094	755
LG1	5159842	5159928	86
LG1	5169465	5169628	163
LG1	5183754	5183898	144
LG1	5184405	5184619	214
LG1	5189928	5190938	1010
LG1	5191000	5191222	222
LG1	5192742	5193184	442
LG1	5195821	5196023	202
LG1	5197084	5197360	276
LG1	5197674	5197837	163
LG1	5197962	5198177	215
LG1	5202897	5203072	175
LG1	5203088	5203547	459
LG1	5207334	5207664	330
LG1	5210937	5211217	280
LG1	5212027	5212167	140
LG1	5212847	5213042	195
LG1	5213327	5213374	47
LG1	5214472	5214615	143
LG1	5214741	5215050	309
LG1	5215889	5216312	423
LG1	5216793	5218094	1301
LG1	5219448	5219881	433
LG1	5220968	5221054	86
LG1	5223096	5223558	462
LG1	5224601	5224808	207
LG1	5225840	5225922	82
LG1	5226396	5227006	610
LG1	5228539	5229151	612
LG1	5229187	5229416	229
LG1	5229911	5230193	282
LG1	5233956	5234068	112
LG1	5234842	5234982	140
LG1	5235997	5236277	280
LG1	5237468	5237894	426
LG1	5238220	5238445	225
LG1	5238472	5238664	192
LG1	5240241	5240422	181
LG1	5241772	5241984	212
LG1	5242689	5243255	566
LG1	5243434	5243546	112
LG1	5243734	5244200	466
LG1	5244348	5244437	89
LG1	5244864	5245149	285
LG1	5248012	5248189	177
LG1	5250482	5250947	465
LG1	5251356	5251531	175
LG1	5252335	5252612	277
LG1	5259359	5259837	478
LG1	5270840	5270927	87
LG1	5288956	5289058	102
LG1	5289432	5289516	84
LG1	5289913	5290011	98
LG1	5290202	5290362	160
LG1	5322351	5322669	318
LG1	5322860	5323384	524
LG1	5329663	5330198	535
LG1	5332690	5332851	161
LG1	5338999	5339104	105
LG1	5341809	5341899	90
LG1	5351875	5352005	130
LG1	5354328	5354416	88
LG1	5361269	5361381	112
LG1	5363146	5363249	103
LG1	5363870	5363979	109
LG1	5402793	5403019	226
LG1	5405226	5405300	74
LG1	5405769	5405855	86
LG1	5412969	5413158	189
LG1	5416368	5416684	316
LG1	5417661	5417823	162
LG1	5419001	5419264	263
LG1	5420821	5420962	141
LG1	5420963	5421175	212
LG1	5421391	5421580	189
LG1	5424868	5425055	187
LG1	5425440	5425575	135
LG1	5427020	5427220	200
LG1	5428351	5428479	128
LG1	5428557	5428699	142
LG1	5429316	5429500	184
LG1	5430931	5431171	240
LG1	5431310	5431485	175
LG1	5431640	5431772	132
LG1	5433313	5433456	143
LG1	5433520	5433807	287
LG1	5433985	5434698	713
LG1	5434950	5435020	70
LG1	5435533	5435589	56
LG1	5437083	5437230	147
LG1	5437272	5437512	240
LG1	5439436	5439739	303
LG1	5440027	5440180	153
LG1	5440711	5440815	104
LG1	5440816	5441050	234
LG1	5441195	5441463	268
LG1	5446760	5446932	172
LG1	5447356	5447439	83
LG1	5447863	5448024	161
LG1	5448793	5448997	204
LG1	5449202	5449362	160
LG1	5450086	5450228	142
LG1	5450272	5450878	606
LG1	5451023	5451105	82
LG1	5451169	5451507	338
LG1	5452159	5452396	237
LG1	5455322	5455447	125
LG1	5455512	5455617	105
LG1	5472687	5472911	224
LG1	5473062	5473295	233
LG1	5473444	5473686	242
LG1	5474370	5474554	184
LG1	5474723	5474873	150
LG1	5478294	5478456	162
LG1	5478864	5479108	244
LG1	5479809	5479962	153
LG1	5480075	5480314	239
LG1	5480350	5480544	194
LG1	5481145	5481516	371
LG1	5481588	5481789	201
LG1	5482906	5483047	141
LG1	5483741	5483912	171
LG1	5484057	5484811	754
LG1	5485912	5486017	105
LG1	5490390	5491219	829
LG1	5506568	5507259	691
LG1	5510299	5510577	278
LG1	5512860	5512922	62
LG1	5513044	5513385	341
LG1	5514112	5514276	164
LG1	5526116	5526261	145
LG1	5526482	5527281	799
LG1	5528616	5529168	552
LG1	5531160	5531412	252
LG1	5532460	5532581	121
LG1	5534796	5534966	170
LG1	5536101	5536459	358
LG1	5554555	5554670	115
LG1	5556771	5556976	205
LG1	5557268	5558767	1499
LG1	5561258	5561742	484
LG1	5561823	5561916	93
LG1	5561956	5562175	219
LG1	5562427	5562591	164
LG1	5566964	5567117	153
LG1	5575285	5575678	393
LG1	5582263	5582327	64
LG1	5585243	5585460	217
LG1	5595231	5595372	141
LG1	5600137	5600260	123
LG1	5603032	5603086	54
LG1	5604708	5604739	31
LG1	5605098	5605358	260
LG1	5606374	5606565	191
LG1	5606595	5606735	140
LG1	5611574	5611881	307
LG1	5612014	5612200	186
LG1	5612226	5612375	149
LG1	5625312	5625468	156
LG1	5626865	5627044	179
LG1	5634037	5634187	150
LG1	5634275	5634469	194
LG1	5636601	5636728	127
LG1	5641991	5642292	301
LG1	5649290	5649478	188
LG1	5649776	5649895	119
LG1	5650072	5650298	226
LG1	5671798	5672256	458
LG1	5683681	5684038	357
LG1	5691995	5693528	1533
LG1	5693674	5695826	2152
LG1	5696899	5697641	742
LG1	5698730	5700133	1403
LG1	5700757	5701518	761
LG1	5702420	5702739	319
LG1	5703138	5704145	1007
LG1	5704407	5705167	760
LG1	5707466	5707717	251
LG1	5708025	5709245	1220
LG1	5709973	5710311	338
LG1	5711604	5711646	42
LG1	5712350	5712422	72
LG1	5716985	5717059	74
LG1	5717061	5717088	27
LG1	5719046	5719505	459
LG1	5721089	5721612	523
LG1	5722281	5722473	192
LG1	5722555	5723715	1160
LG1	5724569	5724790	221
LG1	5724833	5725693	860
LG1	5727364	5727891	527
LG1	5727931	5728801	870
LG1	5728850	5728910	60
LG1	5728973	5729422	449
LG1	5730459	5730594	135
LG1	5731336	5731892	556
LG1	5732976	5733263	287
LG1	5733403	5733978	575
LG1	5734375	5734560	185
LG1	5734800	5734867	67
LG1	5735209	5736065	856
LG1	5740366	5740843	477
LG1	5744575	5745556	981
LG1	5745583	5746051	468
LG1	5746137	5746271	134
LG1	5748883	5749070	187
LG1	5749852	5750886	1034
LG1	5752264	5752341	77
LG1	5752587	5752831	244
LG1	5753753	5754194	441
LG1	5755759	5755833	74
LG1	5756458	5756663	205
LG1	5757063	5757863	800
LG1	5759405	5759534	129
LG1	5760299	5760478	179
LG1	5760513	5760789	276
LG1	5760831	5762803	1972
LG1	5763745	5764513	768
LG1	5766008	5766077	69
LG1	5766333	5768017	1684
LG1	5768577	5770126	1549
LG1	5772568	5772927	359
LG1	5774940	5776255	1315
LG1	5776382	5776418	36
LG1	5776481	5777000	519
LG1	5778758	5779634	876
LG1	5779674	5779863	189
LG1	5779927	5780413	486
LG1	5782146	5782662	516
LG1	5782750	5782809	59
LG1	5783250	5783492	242
LG1	5783583	5784004	421
LG1	5784105	5787381	3276
LG1	5787582	5788438	856
LG1	5788623	5788661	38
LG1	5788741	5788967	226
LG1	5789057	5790782	1725
LG1	5791078	5791593	515
LG1	5791963	5792194	231
LG1	5792518	5792754	236
LG1	5793210	5793399	189
LG1	5793433	5793735	302
LG1	5793814	5793920	106
LG1	5794168	5794511	343
LG1	5794544	5794720	176
LG1	5795756	5796037	281
LG1	5797008	5797669	661
LG1	5797697	5798649	952
LG1	5799597	5800856	1259
LG1	5801156	5801886	730
LG1	5802470	5807199	4729
LG1	5809454	5810567	1113
LG1	5810605	5810848	243
LG1	5818273	5818366	93
LG1	5819831	5819915	84
LG1	5820070	5820124	54
LG1	5821158	5821243	85
LG1	5821283	5821614	331
LG1	5821882	5822291	409
LG1	5825579	5826091	512
LG1	5826391	5826518	127
LG1	5830771	5831200	429
LG1	5831309	5831636	327
LG1	5833466	5834375	909
LG1	5834481	5834889	408
LG1	5834949	5835316	367
LG1	5835588	5836061	473
LG1	5838895	5839377	482
LG1	5840579	5841185	606
LG1	5851954	5852323	369
LG1	5852785	5853526	741
LG1	5855638	5856281	643
LG1	5858936	5859719	783
LG1	5868091	5868163	72
LG1	5869167	5870026	859
LG1	5870190	5870437	247
LG1	5871892	5872727	835
LG1	5874226	5874476	250
LG1	5874484	5874720	236
LG1	5876057	5876287	230
LG1	5878832	5880034	1202
LG1	5884269	5884515	246
LG1	5884678	5886004	1326
LG1	5886267	5886389	122
LG1	5890263	5892127	1864
LG1	5892367	5892449	82
LG1	5893513	5893848	335
LG1	5905391	5905672	281
LG1	5907687	5908296	609
LG1	5910462	5910778	316
LG1	5910779	5911007	228
LG1	5914365	5914705	340
LG1	5916752	5917654	902
LG1	5917771	5917903	132
LG1	5920916	5921332	416
LG1	5931240	5932746	1506
LG1	5935427	5935793	366
LG1	5935911	5936097	186
LG1	5938095	5938923	828
LG1	5940152	5940557	405
LG1	5943649	5946137	2488
LG1	5946258	5947553	1295
LG1	5947600	5947992	392
LG1	5949686	5950094	408
LG1	5951374	5951436	62
LG1	5952503	5952774	271
LG1	5954972	5956464	1492
LG1	5959076	5959785	709
LG1	5962503	5963054	551
LG1	5963107	5963133	26
LG1	5966589	5966851	262
LG1	5969139	5969182	43
LG1	5969284	5970034	750
LG1	5970929	5972157	1228
LG1	5972165	5972435	270
LG1	5972876	5974196	1320
LG1	5977518	5977783	265
LG1	5980560	5981070	510
LG1	5982667	5982994	327
LG1	5984824	5986120	1296
LG1	5989217	5989272	55
LG1	5994395	5994844	449
LG1	5997826	5998117	291
LG1	6000036	6001173	1137
LG1	6001786	6002112	326
LG1	6004555	6005104	549
LG1	6005375	6006312	937
LG1	6009975	6010857	882
LG1	6012671	6013255	584
LG1	6013858	6014842	984
LG1	6015263	6015713	450
LG1	6015868	6016025	157
LG1	6016244	6016466	222
LG1	6016798	6017155	357
LG1	6018603	6019094	491
LG1	6020451	6020974	523
LG1	6021677	6022141	464
LG1	6023232	6023810	578
LG1	6025533	6025865	332
LG1	6026660	6027918	1258
LG1	6031577	6032138	561
LG1	6032322	6032660	338
LG1	6034227	6034839	612
LG1	6035589	6036010	421
LG1	6036353	6036778	425
LG1	6037325	6038114	789
LG1	6038235	6038658	423
LG1	6041025	6042412	1387
LG1	6044664	6045425	761
LG1	6046004	6046144	140
LG1	6047338	6047383	45
LG1	6048846	6049625	779
LG1	6051570	6052956	1386
LG1	6053763	6054378	615
LG1	6055715	6056479	764
LG1	6056614	6057272	658
LG1	6057387	6057876	489
LG1	6058041	6058463	422
LG1	6059992	6061258	1266
LG1	6063923	6064476	553
LG1	6064625	6066463	1838
LG1	6067465	6068146	681
LG1	6068160	6068252	92
LG1	6068506	6069490	984
LG1	6072948	6074601	1653
LG1	6075405	6075969	564
LG1	6078096	6079131	1035
LG1	6079512	6080207	695
LG1	6080334	6080643	309
LG1	6080756	6081002	246
LG1	6082087	6083018	931
LG1	6085199	6085723	524
LG1	6086339	6086691	352
LG1	6089567	6089829	262
LG1	6090556	6091188	632
LG1	6093160	6093241	81
LG1	6095201	6097403	2202
LG1	6100501	6100824	323
LG1	6102680	6102801	121
LG1	6102960	6103173	213
LG1	6103275	6103685	410
LG1	6104564	6104683	119
LG1	6105185	6105965	780
LG1	6109048	6109584	536
LG1	6111716	6111822	106
LG1	6111928	6112456	528
LG1	6112726	6113167	441
LG1	6113354	6114431	1077
LG1	6116243	6116958	715
LG1	6117874	6117978	104
LG1	6118298	6118869	571
LG1	6120488	6120989	501
LG1	6121631	6122440	809
LG1	6123365	6123690	325
LG1	6124813	6125480	667
LG1	6128350	6128532	182
LG1	6132043	6132151	108
LG1	6132487	6132580	93
LG1	6134081	6135434	1353
LG1	6136815	6137262	447
LG1	6139339	6140875	1536
LG1	6141011	6141215	204
LG1	6144874	6145457	583
LG1	6146187	6146751	564
LG1	6149147	6149986	839
LG1	6150942	6151390	448
LG1	6152305	6152400	95
LG1	6154718	6155049	331
LG1	6157945	6158103	158
LG1	6158121	6158970	849
LG1	6160604	6160784	180
LG1	6162311	6162514	203
LG1	6163842	6164747	905
LG1	6166548	6167643	1095
LG1	6167977	6168639	662
LG1	6170095	6170212	117
LG1	6170526	6170629	103
LG1	6173332	6173537	205
LG1	6173541	6173686	145
LG1	6176347	6177654	1307
LG1	6177740	6177986	246
LG1	6181537	6181776	239
LG1	6182612	6182820	208
LG1	6184375	6185007	632
LG1	6186391	6187162	771
LG1	6189283	6190070	787
LG1	6190963	6191756	793
LG1	6193922	6195024	1102
LG1	6199511	6199590	79
LG1	6201225	6201480	255
LG1	6202191	6202359	168
LG1	6202754	6203523	769
LG1	6211471	6211675	204
LG1	6213000	6213652	652
LG1	6214813	6215129	316
LG1	6215900	6216305	405
LG1	6217210	6217587	377
LG1	6217794	6218379	585
LG1	6220590	6221100	510
LG1	6222314	6222585	271
LG1	6224918	6225061	143
LG1	6226819	6227478	659
LG1	6228816	6229643	827
LG1	6230239	6230669	430
LG1	6231458	6231865	407
LG1	6233164	6233885	721
LG1	6235558	6237119	1561
LG1	6238458	6239992	1534
LG1	6241474	6242030	556
LG1	6243384	6243945	561
LG1	6245754	6247635	1881
LG1	6247821	6248237	416
LG1	6249494	6249715	221
LG1	6251127	6251532	405
LG1	6252357	6253013	656
LG1	6254103	6254545	442
LG1	6254573	6254701	128
LG1	6254743	6254848	105
LG1	6273818	6274467	649
LG1	6274548	6275366	818
LG1	6275627	6276153	526
LG1	6277140	6277447	307
LG1	6282666	6283656	990
LG1	6288163	6288404	241
LG1	6289960	6290855	895
LG1	6293640	6293745	105
LG1	6293935	6293998	63
LG1	6294148	6295026	878
LG1	6295067	6295091	24
LG1	6306342	6306691	349
LG1	6307751	6307819	68
LG1	6309725	6310838	1113
LG1	6311369	6314106	2737
LG1	6314139	6314554	415
LG1	6314735	6315139	404
LG1	6315204	6315434	230
LG1	6315663	6316084	421
LG1	6316474	6317158	684
LG1	6317273	6317556	283
LG1	6317561	6318430	869
LG1	6318509	6318911	402
LG1	6318912	6319115	203
LG1	6319168	6319594	426
LG1	6319627	6319979	352
LG1	6320040	6320542	502
LG1	6320735	6323174	2439
LG1	6323278	6323705	427
LG1	6323765	6325025	1260
LG1	6325136	6325298	162
LG1	6325401	6325843	442
LG1	6325881	6326344	463
LG1	6327123	6327711	588
LG1	6329191	6330253	1062
LG1	6331316	6332692	1376
LG1	6333233	6333792	559
LG1	6334016	6334430	414
LG1	6334821	6335233	412
LG1	6335315	6335516	201
LG1	6336448	6337276	828
LG1	6337353	6338196	843
LG1	6339693	6340141	448
LG1	6340214	6340576	362
LG1	6340791	6341457	666
LG1	6341676	6341782	106
LG1	6342237	6343012	775
LG1	6343230	6344254	1024
LG1	6345704	6345974	270
LG1	6346184	6347010	826
LG1	6352923	6353675	752
LG1	6356225	6356529	304
LG1	6356632	6356824	192
LG1	6357729	6357934	205
LG1	6358397	6358615	218
LG1	6359566	6360010	444
LG1	6360854	6361116	262
LG1	6362319	6362389	70
LG1	6363359	6363563	204
LG1	6363678	6364258	580
LG1	6364679	6365517	838
LG1	6366603	6367127	524
LG1	6368039	6368289	250
LG1	6368380	6368452	72
LG1	6368459	6368832	373
LG1	6368864	6369253	389
LG1	6369469	6370894	1425
LG1	6371115	6371356	241
LG1	6371536	6371732	196
LG1	6374798	6374970	172
LG1	6375086	6375408	322
LG1	6375528	6376068	540
LG1	6376144	6376908	764
LG1	6376920	6377941	1021
LG1	6378073	6378153	80
LG1	6378235	6378400	165
LG1	6378569	6379514	945
LG1	6379531	6379803	272
LG1	6379843	6380171	328
LG1	6381292	6381479	187
LG1	6382545	6383178	633
LG1	6383520	6387115	3595
LG1	6388397	6389372	975
LG1	6389471	6389653	182
LG1	6389729	6391399	1670
LG1	6391401	6391661	260
LG1	6391802	6392647	845
LG1	6394091	6394636	545
LG1	6394746	6396383	1637
LG1	6396571	6399059	2488
LG1	6399180	6399869	689
LG1	6400312	6402821	2509
LG1	6405557	6405689	132
LG1	6405797	6406355	558
LG1	6406824	6407009	185
LG1	6407203	6408508	1305
LG1	6408623	6408856	233
LG1	6410229	6410338	109
LG1	6411257	6411565	308
LG1	6411913	6412387	474
LG1	6412976	6413734	758
LG1	6415079	6416207	1128
LG1	6416808	6420013	3205
LG1	6420182	6420579	397
LG1	6420593	6421852	1259
LG1	6422070	6422100	30
LG1	6422158	6422595	437
LG1	6422651	6422979	328
LG1	6424854	6425455	601
LG1	6427316	6428066	750
LG1	6428080	6428183	103
LG1	6428909	6429380	471
LG1	6430519	6431574	1055
LG1	6433439	6433815	376
LG1	6436404	6436965	561
LG1	6438455	6439171	716
LG1	6439555	6439649	94
LG1	6441322	6441948	626
LG1	6444995	6445166	171
LG1	6445984	6446061	77
LG1	6446731	6447134	403
LG1	6448685	6449292	607
LG1	6450017	6450158	141
LG1	6450209	6451011	802
LG1	6453560	6453910	350
LG1	6453972	6454239	267
LG1	6454277	6454982	705
LG1	6456911	6457222	311
LG1	6457829	6458137	308
LG1	6459499	6459593	94
LG1	6460415	6460729	314
LG1	6461767	6462135	368
LG1	6462867	6463159	292
LG1	6463213	6463719	506
LG1	6464458	6464796	338
LG1	6464843	6465084	241
LG1	6465651	6465799	148
LG1	6467519	6468093	574
LG1	6469142	6469575	433
LG1	6470553	6470597	44
LG1	6471797	6472528	731
LG1	6475860	6477356	1496
LG1	6479169	6479926	757
LG1	6481961	6482466	505
LG1	6483357	6483637	280
LG1	6484121	6484664	543
LG1	6486017	6486114	97
LG1	6486566	6487510	944
LG1	6489236	6489621	385
LG1	6489658	6489770	112
LG1	6489774	6489940	166
LG1	6490414	6491210	796
LG1	6492406	6493449	1043
LG1	6494443	6495375	932
LG1	6496667	6497515	848
LG1	6497584	6497682	98
LG1	6497898	6498582	684
LG1	6499947	6500046	99
LG1	6500476	6500996	520
LG1	6501466	6501796	330
LG1	6504710	6504933	223
LG1	6507409	6507668	259
LG1	6509011	6509179	168
LG1	6509200	6509763	563
LG1	6511017	6511346	329
LG1	6526689	6526851	162
LG1	6527417	6527860	443
LG1	6527939	6528213	274
LG1	6536585	6537339	754
LG1	6539075	6539286	211
LG1	6540624	6540933	309
LG1	6545444	6545546	102
LG1	6545571	6545863	292
LG1	6546050	6546456	406
LG1	6573161	6573960	799
LG1	6600900	6601140	240
LG1	6601291	6601693	402
LG1	6603238	6606181	2943
LG1	6621408	6621825	417
LG1	6623346	6624116	770
LG1	6625930	6626086	156
LG1	6626123	6626218	95
LG1	6630296	6630389	93
LG1	6631678	6632426	748
LG1	6633783	6633991	208
LG1	6648811	6649168	357
LG1	6657081	6657230	149
LG1	6682979	6683827	848
LG1	6690907	6691075	168
LG1	6692258	6692520	262
LG1	6727268	6727802	534
LG1	6737293	6737386	93
LG1	6738620	6739376	756
LG1	6740693	6740909	216
LG1	6752570	6752838	268
LG1	6760373	6760446	73
LG1	6770090	6770591	501
LG1	6771143	6771332	189
LG1	6771464	6772024	560
LG1	6772151	6773180	1029
LG1	6773276	6773988	712
LG1	6791460	6792104	644
LG1	6794200	6794276	76
LG1	6794327	6794334	7
LG1	6794347	6794900	553
LG1	6796796	6797236	440
LG1	6797413	6797590	177
LG1	6798729	6798852	123
LG1	6798878	6798981	103
LG1	6799171	6799335	164
LG1	6799801	6799883	82
LG1	6800275	6800350	75
LG1	6800976	6801155	179
LG1	6801222	6801362	140
LG1	6801696	6801849	153
LG1	6803319	6804934	1615
LG1	6805107	6805223	116
LG1	6805576	6805675	99
LG1	6807310	6807410	100
LG1	6807777	6808111	334
LG1	6808813	6809055	242
LG1	6809100	6809238	138
LG1	6812351	6812526	175
LG1	6813064	6815346	2282
LG1	6815550	6816022	472
LG1	6820124	6820281	157
LG1	6820695	6821980	1285
LG1	6821983	6822209	226
LG1	6823244	6824169	925
LG1	6824284	6825075	791
LG1	6826658	6826954	296
LG1	6829559	6829900	341
LG1	6832455	6832887	432
LG1	6834416	6834700	284
LG1	6834755	6835447	692
LG1	6835798	6836062	264
LG1	6841920	6841971	51
LG1	6841975	6842039	64
LG1	6842888	6844035	1147
LG1	6844089	6844164	75
LG1	6844409	6845124	715
LG1	6845473	6845906	433
LG1	6847711	6847970	259
LG1	6850307	6851541	1234
LG1	6852107	6852599	492
LG1	6852790	6853347	557
LG1	6853877	6854592	715
LG1	6855358	6855762	404
LG1	6859159	6859787	628
LG1	6860071	6860289	218
LG1	6860347	6860676	329
LG1	6862103	6863967	1864
LG1	6864285	6864629	344
LG1	6865106	6866021	915
LG1	6868923	6869078	155
LG1	6870828	6871560	732
LG1	6871680	6871852	172
LG1	6875570	6875941	371
LG1	6876873	6877125	252
LG1	6884236	6886419	2183
LG1	6886702	6889064	2362
LG1	6889866	6890154	288
LG1	6892654	6892843	189
LG1	6896446	6896637	191
LG1	6896640	6896979	339
LG1	6898588	6899016	428
LG1	6899893	6900118	225
LG1	6900850	6900917	67
LG1	6901466	6901630	164
LG1	6902790	6902914	124
LG1	6903580	6903661	81
LG1	6904104	6904471	367
LG1	6904706	6904751	45
LG1	6905913	6905967	54
LG1	6905972	6906348	376
LG1	6907041	6907209	168
LG1	6907333	6907790	457
LG1	6909790	6910102	312
LG1	6911337	6912064	727
LG1	6913151	6913799	648
LG1	6916897	6917949	1052
LG1	6921162	6921440	278
LG1	6922343	6922795	452
LG1	6922900	6923081	181
LG1	6924073	6924127	54
LG1	6924449	6924519	70
LG1	6924561	6924768	207
LG1	6925124	6925401	277
LG1	6925444	6925622	178
LG1	6925716	6925857	141
LG1	6925990	6926479	489
LG1	6927010	6927354	344
LG1	6927393	6927885	492
LG1	6928972	6929284	312
LG1	6929649	6929859	210
LG1	6930157	6930320	163
LG1	6933303	6933438	135
LG1	6933481	6933745	264
LG1	6933974	6934813	839
LG1	6936041	6936456	415
LG1	6937039	6937545	506
LG1	6938154	6938497	343
LG1	6939873	6940361	488
LG1	6940364	6940515	151
LG1	6942217	6945122	2905
LG1	6946764	6947070	306
LG1	6948741	6949120	379
LG1	6949363	6949501	138
LG1	6949588	6949862	274
LG1	6952635	6952892	257
LG1	6957788	6958123	335
LG1	6959284	6960179	895
LG1	6972118	6972175	57
LG1	6972933	6973334	401
LG1	6976320	6977109	789
LG1	6977465	6978008	543
LG1	6980380	6980722	342
LG1	6981575	6982143	568
LG1	6984630	6985029	399
LG1	6987423	6989268	1845
LG1	6990197	6991769	1572
LG1	6992193	6992364	171
LG1	6992476	6992710	234
LG1	6992750	6993893	1143
LG1	6996541	6996584	43
LG1	6996657	6997050	393
LG1	6998819	6999174	355
LG1	7002670	7002776	106
LG1	7002800	7003021	221
LG1	7010873	7011153	280
LG1	7013619	7014201	582
LG1	7015361	7015479	118
LG1	7016907	7017102	195
LG1	7029565	7029758	193
LG1	7029911	7030429	518
LG1	7032221	7033059	838
LG1	7035825	7036151	326
LG1	7036534	7036956	422
LG1	7038765	7038977	212
LG1	7041725	7042539	814
LG1	7042574	7043524	950
LG1	7045038	7045614	576
LG1	7046734	7047719	985
LG1	7048620	7049079	459
LG1	7049183	7049400	217
LG1	7050549	7050877	328
LG1	7053214	7053658	444
LG1	7055274	7055484	210
LG1	7055579	7055826	247
LG1	7055839	7056427	588
LG1	7056429	7057054	625
LG1	7057208	7057576	368
LG1	7057774	7057897	123
LG1	7059920	7060669	749
LG1	7060977	7061545	568
LG1	7063362	7065680	2318
LG1	7066027	7067289	1262
LG1	7069712	7070040	328
LG1	7070404	7070793	389
LG1	7071418	7071639	221
LG1	7072601	7072746	145
LG1	7073386	7073578	192
LG1	7074013	7074376	363
LG1	7074413	7074576	163
LG1	7075977	7076116	139
LG1	7076144	7076501	357
LG1	7077528	7077914	386
LG1	7079741	7079974	233
LG1	7080256	7080937	681
LG1	7083798	7084402	604
LG1	7085747	7086114	367
LG1	7087944	7088483	539
LG1	7090045	7090223	178
LG1	7093579	7093743	164
LG1	7094206	7094516	310
LG1	7096355	7096557	202
LG1	7097200	7097330	130
LG1	7099716	7099873	157
LG1	7101058	7101298	240
LG1	7101803	7101960	157
LG1	7103094	7103365	271
LG1	7103467	7103534	67
LG1	7103872	7104090	218
LG1	7104846	7104967	121
LG1	7106235	7106423	188
LG1	7106798	7106910	112
LG1	7107048	7107659	611
LG1	7108414	7110517	2103
LG1	7114307	7114480	173
LG1	7115292	7115697	405
LG1	7117461	7118055	594
LG1	7118338	7118715	377
LG1	7121130	7121444	314
LG1	7121450	7121704	254
LG1	7121948	7122229	281
LG1	7122417	7122824	407
LG1	7123976	7124124	148
LG1	7126415	7126725	310
LG1	7130475	7130844	369
LG1	7130865	7130961	96
LG1	7134027	7134686	659
LG1	7134856	7135066	210
LG1	7135609	7136684	1075
LG1	7138859	7138995	136
LG1	7139809	7139928	119
LG1	7140504	7140692	188
LG1	7143049	7144069	1020
LG1	7146354	7146632	278
LG1	7146963	7148276	1313
LG1	7150411	7150433	22
LG1	7150481	7151623	1142
LG1	7151676	7152100	424
LG1	7155900	7156701	801
LG1	7156882	7157218	336
LG1	7157640	7157938	298
LG1	7158748	7159090	342
LG1	7163861	7164548	687
LG1	7164679	7165228	549
LG1	7167336	7167572	236
LG1	7168500	7168880	380
LG1	7169902	7171672	1770
LG1	7171864	7172208	344
LG1	7172309	7173567	1258
LG1	7173972	7175225	1253
LG1	7175517	7175638	121
LG1	7175997	7176537	540
LG1	7178887	7179153	266
LG1	7179256	7179563	307
LG1	7179609	7179828	219
LG1	7180044	7180625	581
LG1	7182412	7182750	338
LG1	7182897	7183175	278
LG1	7183703	7184281	578
LG1	7185680	7186032	352
LG1	7186071	7186488	417
LG1	7186607	7188335	1728
LG1	7188487	7189062	575
LG1	7190366	7190733	367
LG1	7194498	7195005	507
LG1	7196866	7199068	2202
LG1	7199289	7199390	101
LG1	7205867	7205984	117
LG1	7213365	7213473	108
LG1	7213508	7215061	1553
LG1	7216605	7217697	1092
LG1	7217741	7218677	936
LG1	7220113	7220557	444
LG1	7220576	7220635	59
LG1	7220654	7221043	389
LG1	7222253	7222366	113
LG1	7222688	7224611	1923
LG1	7237695	7238698	1003
LG1	7238995	7239071	76
LG1	7239989	7240828	839
LG1	7242428	7243631	1203
LG1	7246913	7247660	747
LG1	7249483	7250807	1324
LG1	7252664	7254329	1665
LG1	7258950	7259328	378
LG1	7261199	7261326	127
LG1	7261345	7261523	178
LG1	7273379	7273722	343
LG1	7275061	7276082	1021
LG1	7278140	7278493	353
LG1	7278918	7279082	164
LG1	7279615	7279923	308
LG1	7283940	7284279	339
LG1	7285728	7286046	318
LG1	7286069	7286398	329
LG1	7287349	7288535	1186
LG1	7290384	7291195	811
LG1	7292845	7293531	686
LG1	7297384	7297756	372
LG1	7298009	7299984	1975
LG1	7300106	7300560	454
LG1	7300659	7300741	82
LG1	7301617	7302267	650
LG1	7302456	7302771	315
LG1	7303005	7303048	43
LG1	7303149	7306565	3416
LG1	7306769	7307003	234
LG1	7307060	7307372	312
LG1	7307523	7307629	106
LG1	7307718	7307810	92
LG1	7308184	7310706	2522
LG1	7310828	7311067	239
LG1	7312165	7313001	836
LG1	7313974	7315515	1541
LG1	7315637	7316782	1145
LG1	7319972	7322038	2066
LG1	7323139	7323338	199
LG1	7323383	7324170	787
LG1	7324622	7325398	776
LG1	7325600	7325806	206
LG1	7325999	7326318	319
LG1	7326816	7327276	460
LG1	7327778	7327855	77
LG1	7327868	7328086	218
LG1	7330595	7331458	863
LG1	7332361	7333006	645
LG1	7333957	7334799	842
LG1	7335532	7336276	744
LG1	7338592	7339039	447
LG1	7340545	7340974	429
LG1	7341522	7342011	489
LG1	7343188	7343538	350
LG1	7344170	7345352	1182
LG1	7345361	7345594	233
LG1	7345616	7346054	438
LG1	7346123	7346831	708
LG1	7346868	7348176	1308
LG1	7349363	7349777	414
LG1	7350282	7351308	1026
LG1	7351898	7353082	1184
LG1	7353541	7354128	587
LG1	7354637	7355071	434
LG1	7357044	7357958	914
LG1	7360776	7361961	1185
LG1	7363786	7364245	459
LG1	7364483	7366640	2157
LG1	7368129	7369064	935
LG1	7369812	7369945	133
LG1	7371178	7371622	444
LG1	7371782	7371940	158
LG1	7372106	7373250	1144
LG1	7374911	7375139	228
LG1	7375398	7375945	547
LG1	7377867	7379190	1323
LG1	7385601	7386071	470
LG1	7388312	7389051	739
LG1	7391213	7391454	241
LG1	7391610	7392046	436
LG1	7395267	7395360	93
LG1	7397335	7398579	1244
LG1	7401075	7402018	943
LG1	7402026	7402352	326
LG1	7403328	7403474	146
LG1	7404636	7404704	68
LG1	7405035	7405202	167
LG1	7405226	7406281	1055
LG1	7408891	7409457	566
LG1	7410868	7412438	1570
LG1	7412712	7413748	1036
LG1	7415645	7415955	310
LG1	7417298	7417485	187
LG1	7419356	7419586	230
LG1	7421933	7422498	565
LG1	7424195	7424496	301
LG1	7425624	7425861	237
LG1	7425909	7426656	747
LG1	7426865	7427234	369
LG1	7427380	7427563	183
LG1	7428401	7428816	415
LG1	7428858	7429776	918
LG1	7430035	7430560	525
LG1	7430869	7430981	112
LG1	7431166	7431863	697
LG1	7433786	7434740	954
LG1	7435758	7435915	157
LG1	7436030	7436537	507
LG1	7436858	7436998	140
LG1	7439223	7439932	709
LG1	7441743	7442592	849
LG1	7442864	7443241	377
LG1	7443364	7443891	527
LG1	7443987	7444534	547
LG1	7444691	7445363	672
LG1	7447209	7449530	2321
LG1	7449774	7450096	322
LG1	7456482	7456702	220
LG1	7457180	7458756	1576
LG1	7459114	7459765	651
LG1	7459808	7459862	54
LG1	7460455	7461195	740
LG1	7462473	7463706	1233
LG1	7464450	7465807	1357
LG1	7465979	7468196	2217
LG1	7468733	7468764	31
LG1	7469562	7469816	254
LG1	7470732	7471503	771
LG1	7472512	7473501	989
LG1	7473803	7474655	852
LG1	7474887	7476718	1831
LG1	7476832	7476989	157
LG1	7476997	7477812	815
LG1	7478272	7478842	570
LG1	7479829	7480203	374
LG1	7480702	7480885	183
LG1	7482015	7482419	404
LG1	7482705	7483783	1078
LG1	7483904	7484066	162
LG1	7484086	7484207	121
LG1	7484210	7484615	405
LG1	7485497	7486002	505
LG1	7486858	7487168	310
LG1	7489999	7490914	915
LG1	7491059	7491332	273
LG1	7492039	7492805	766
LG1	7492983	7493323	340
LG1	7495462	7496602	1140
LG1	7497950	7498226	276
LG1	7502211	7503152	941
LG1	7504552	7504885	333
LG1	7506322	7506690	368
LG1	7506922	7507031	109
LG1	7507402	7507872	470
LG1	7509970	7511668	1698
LG1	7513549	7514681	1132
LG1	7514920	7516408	1488
LG1	7517828	7519279	1451
LG1	7520212	7520856	644
LG1	7520860	7520962	102
LG1	7523071	7523212	141
LG1	7523626	7524757	1131
LG1	7526585	7527327	742
LG1	7528523	7530341	1818
LG1	7531588	7531918	330
LG1	7533113	7533861	748
LG1	7534267	7535219	952
LG1	7536859	7537325	466
LG1	7538365	7542099	3734
LG1	7542704	7543551	847
LG1	7543617	7544395	778
LG1	7544984	7545302	318
LG1	7545807	7546265	458
LG1	7546469	7547042	573
LG1	7549088	7550489	1401
LG1	7551577	7552616	1039
LG1	7553215	7554026	811
LG1	7557137	7559089	1952
LG1	7559659	7560816	1157
LG1	7560923	7561658	735
LG1	7561768	7561927	159
LG1	7561931	7561994	63
LG1	7564095	7564348	253
LG1	7564533	7564595	62
LG1	7566776	7567382	606
LG1	7567496	7567636	140
LG1	7567753	7567988	235
LG1	7568093	7568425	332
LG1	7568921	7571005	2084
LG1	7571069	7571182	113
LG1	7571573	7572153	580
LG1	7572205	7573557	1352
LG1	7573608	7574364	756
LG1	7574924	7575617	693
LG1	7576117	7576507	390
LG1	7577625	7578131	506
LG1	7579090	7579165	75
LG1	7579530	7581696	2166
LG1	7581711	7582015	304
LG1	7582402	7583221	819
LG1	7583663	7584242	579
LG1	7584653	7585024	371
LG1	7585289	7586732	1443
LG1	7587459	7588090	631
LG1	7588316	7588888	572
LG1	7589734	7590132	398
LG1	7590262	7591109	847
LG1	7591657	7592918	1261
LG1	7593133	7593498	365
LG1	7594155	7594754	599
LG1	7595982	7597221	1239
LG1	7597714	7598834	1120
LG1	7599076	7600043	967
LG1	7600068	7600656	588
LG1	7601223	7602544	1321
LG1	7603086	7604244	1158
LG1	7604475	7605035	560
LG1	7605693	7606962	1269
LG1	7607577	7608724	1147
LG1	7608783	7609550	767
LG1	7609973	7610168	195
LG1	7610594	7610688	94
LG1	7610843	7611371	528
LG1	7611729	7612950	1221
LG1	7613004	7613220	216
LG1	7614270	7614834	564
LG1	7614944	7615718	774
LG1	7615788	7618072	2284
LG1	7619121	7620363	1242
LG1	7620416	7620822	406
LG1	7621040	7621493	453
LG1	7621962	7622777	815
LG1	7623166	7623220	54
LG1	7624438	7625563	1125
LG1	7627169	7628428	1259
LG1	7629061	7631288	2227
LG1	7632007	7632138	131
LG1	7632751	7633334	583
LG1	7633994	7634348	354
LG1	7634527	7634629	102
LG1	7634824	7638903	4079
LG1	7639341	7639738	397
LG1	7639792	7640190	398
LG1	7640315	7640569	254
LG1	7640731	7641209	478
LG1	7641255	7643384	2129
LG1	7644174	7644812	638
LG1	7645200	7645604	404
LG1	7645996	7646316	320
LG1	7646536	7647900	1364
LG1	7647951	7648858	907
LG1	7648964	7650107	1143
LG1	7650274	7650860	586
LG1	7650991	7651585	594
LG1	7651814	7652668	854
LG1	7653087	7654129	1042
LG1	7654218	7655683	1465
LG1	7655725	7655908	183
LG1	7656066	7656573	507
LG1	7656576	7657500	924
LG1	7657579	7658257	678
LG1	7658393	7659437	1044
LG1	7659984	7660323	339
LG1	7660429	7660950	521
LG1	7661015	7661148	133
LG1	7661654	7661803	149
LG1	7662278	7662705	427
LG1	7662962	7664572	1610
LG1	7664696	7667321	2625
LG1	7667479	7671718	4239
LG1	7671776	7672368	592
LG1	7673576	7674598	1022
LG1	7674763	7676160	1397
LG1	7677230	7680821	3591
LG1	7681472	7682687	1215
LG1	7686568	7688122	1554
LG1	7688379	7690449	2070
LG1	7691522	7692264	742
LG1	7693346	7694078	732
LG1	7694131	7694760	629
LG1	7695375	7696131	756
LG1	7697017	7697334	317
LG1	7697732	7698741	1009
LG1	7698993	7699751	758
LG1	7709447	7709809	362
LG1	7709812	7709933	121
LG1	7713364	7713553	189
LG1	7722273	7723102	829
LG1	7723508	7723666	158
LG1	7726173	7727377	1204
LG1	7727434	7728238	804
LG1	7738971	7739261	290
LG1	7740282	7740498	216
LG1	7742056	7742220	164
LG1	7742263	7742461	198
LG1	7743154	7744481	1327
LG1	7745411	7745567	156
LG1	7745952	7746136	184
LG1	7762816	7762866	50
LG1	7763988	7764320	332
LG1	7764347	7765406	1059
LG1	7772942	7773562	620
LG1	7775698	7775759	61
LG1	7786257	7786333	76
LG1	7788914	7789123	209
LG1	7792102	7792548	446
LG1	7793251	7793709	458
LG1	7794532	7794661	129
LG1	7795902	7796208	306
LG1	7799279	7799373	94
LG1	7799409	7799682	273
LG1	7799695	7800722	1027
LG1	7803900	7804377	477
LG1	7807039	7807154	115
LG1	7809352	7809436	84
LG1	7812353	7812701	348
LG1	7821154	7821517	363
LG1	7826929	7827509	580
LG1	7831657	7831772	115
LG1	7836389	7836504	115
LG1	7839199	7839314	115
LG1	7850441	7850826	385
LG1	7859687	7860060	373
LG1	7863521	7863632	111
LG1	7865089	7865150	61
LG1	7865898	7866514	616
LG1	7869740	7869895	155
LG1	7869898	7870003	105
LG1	7870468	7877153	6685
LG1	7880374	7880567	193
LG1	7880640	7880954	314
LG1	7882800	7882979	179
LG1	7884926	7885058	132
LG1	7885670	7886078	408
LG1	7886398	7886788	390
LG1	7887574	7888159	585
LG1	7889084	7889613	529
LG1	7896232	7896531	299
LG1	7896924	7897374	450
LG1	7898335	7898503	168
LG1	7900821	7901073	252
LG1	7901094	7901570	476
LG1	7910550	7910691	141
LG1	7910713	7911046	333
LG1	7911058	7911253	195
LG1	7911439	7912057	618
LG1	7918018	7918769	751
LG1	7918945	7919230	285
LG1	7921927	7922046	119
LG1	7922590	7923010	420
LG1	7923013	7923435	422
LG1	7925582	7925706	124
LG1	7929032	7929218	186
LG1	7929404	7929895	491
LG1	7929912	7930860	948
LG1	7931090	7931315	225
LG1	7931320	7931459	139
LG1	7932923	7933056	133
LG1	7935258	7935394	136
LG1	7938177	7938692	515
LG1	7938693	7939186	493
LG1	7942088	7942182	94
LG1	7942220	7942306	86
LG1	7943854	7944042	188
LG1	7945036	7945099	63
LG1	7946921	7948319	1398
LG1	7948335	7948708	373
LG1	7951363	7951682	319
LG1	7954307	7954643	336
LG1	7954667	7954857	190
LG1	7957263	7957685	422
LG1	7959940	7960585	645
LG1	7965118	7966042	924
LG1	7967251	7967398	147
LG1	7968281	7968454	173
LG1	7968467	7969010	543
LG1	7969271	7969440	169
LG1	7971807	7972384	577
LG1	7972504	7972556	52
LG1	7973232	7973494	262
LG1	7975844	7976126	282
LG1	7977825	7978653	828
LG1	7981806	7982187	381
LG1	7984235	7984355	120
LG1	7984532	7984768	236
LG1	7987122	7987208	86
LG1	7987343	7988325	982
LG1	7989295	7989437	142
LG1	7990028	7990317	289
LG1	7990652	7990973	321
LG1	7992957	7993284	327
LG1	7993331	7993383	52
LG1	7997089	7997333	244
LG1	7999450	7999689	239
LG1	7999959	8000243	284
LG1	8000275	8000381	106
LG1	8002315	8002542	227
LG1	8004198	8004370	172
LG1	8004614	8005123	509
LG1	8005188	8005332	144
LG1	8007410	8007532	122
LG1	8008972	8009099	127
LG1	8014682	8014867	185
LG1	8014948	8015477	529
LG1	8023344	8023494	150
LG1	8027995	8028211	216
LG1	8029302	8029606	304
LG1	8033483	8033587	104
LG1	8036942	8037132	190
LG1	8040198	8040719	521
LG1	8040817	8041013	196
LG1	8041878	8041923	45
LG1	8043120	8043466	346
LG1	8045247	8045570	323
LG1	8050583	8051267	684
LG1	8057556	8057801	245
LG1	8061522	8061658	136
LG1	8061739	8061875	136
LG1	8069816	8070111	295
LG1	8072911	8073477	566
LG1	8075234	8075527	293
LG1	8076893	8077096	203
LG1	8081481	8081804	323
LG1	8082056	8082254	198
LG1	8083694	8083916	222
LG1	8084704	8084804	100
LG1	8095542	8096467	925
LG1	8097294	8097441	147
LG1	8097444	8097612	168
LG1	8100077	8100181	104
LG1	8128820	8129217	397
LG1	8133487	8133638	151
LG1	8136632	8137090	458
LG1	8151421	8151799	378
LG1	8156018	8157092	1074
LG1	8159163	8159245	82
LG1	8189160	8190433	1273
LG1	8191759	8192287	528
LG1	8192433	8192734	301
LG1	8204364	8204470	106
LG1	8204589	8204938	349
LG1	8207880	8208090	210
LG1	8224928	8225104	176
LG1	8225114	8225380	266
LG1	8243817	8244537	720
LG1	8255636	8255775	139
LG1	8255789	8255795	6
LG1	8257260	8258076	816
LG1	8258909	8259272	363
LG1	8259404	8259567	163
LG1	8266818	8266992	174
LG1	8269035	8269249	214
LG1	8269398	8269512	114
LG1	8270084	8270312	228
LG1	8270756	8270969	213
LG1	8273625	8273800	175
LG1	8281139	8281238	99
LG1	8282511	8282704	193
LG1	8288503	8288626	123
LG1	8291014	8291356	342
LG1	8297619	8297846	227
LG1	8299739	8299860	121
LG1	8302558	8302886	328
LG1	8306651	8312096	5445
LG1	8314527	8314704	177
LG1	8317183	8317657	474
LG1	8318496	8318740	244
LG1	8335344	8335645	301
LG1	8337238	8337438	200
LG1	8339043	8339181	138
LG1	8343335	8343484	149
LG1	8348733	8348932	199
LG1	8350296	8350490	194
LG1	8350817	8351026	209
LG1	8352570	8353497	927
LG1	8373673	8373947	274
LG1	8384854	8384987	133
LG1	8386727	8386865	138
LG1	8387031	8387171	140
LG1	8387189	8387802	613
LG1	8389078	8389162	84
LG1	8390159	8390288	129
LG1	8392386	8392543	157
LG1	8396188	8396235	47
LG1	8396277	8396283	6
LG1	8396297	8396359	62
LG1	8400820	8401023	203
LG1	8401155	8401232	77
LG1	8401914	8402069	155
LG1	8402969	8403289	320
LG1	8416224	8416339	115
LG1	8419347	8419462	115
LG1	8442854	8443070	216
LG1	8464555	8464960	405
LG1	8464971	8466284	1313
LG1	8482977	8483460	483
LG1	8484634	8484843	209
LG1	8486555	8487004	449
LG1	8491461	8492129	668
LG1	8500776	8501104	328
LG1	8501760	8502360	600
LG1	8504704	8505531	827
LG1	8507294	8508015	721
LG1	8508393	8509109	716
LG1	8509623	8509797	174
LG1	8510192	8510599	407
LG1	8510863	8511332	469
LG1	8511739	8512291	552
LG1	8513114	8513854	740
LG1	8514736	8515126	390
LG1	8515438	8516319	881
LG1	8516642	8516701	59
LG1	8516719	8516875	156
LG1	8517379	8517525	146
LG1	8519355	8520244	889
LG1	8520759	8520914	155
LG1	8523012	8523611	599
LG1	8523646	8523951	305
LG1	8524158	8524293	135
LG1	8524651	8524979	328
LG1	8528274	8528707	433
LG1	8540350	8540406	56
LG1	8541123	8541460	337
LG1	8541886	8542557	671
LG1	8559608	8559974	366
LG1	8561203	8561318	115
LG1	8565314	8565475	161
LG1	8566504	8566719	215
LG1	8577981	8578338	357
LG1	8581111	8581308	197
LG1	8582997	8583105	108
LG1	8583121	8584068	947
LG1	8584070	8584956	886
LG1	8585566	8586219	653
LG1	8587296	8587840	544
LG1	8588371	8588698	327
LG1	8589302	8589792	490
LG1	8590320	8590483	163
LG1	8590965	8591075	110
LG1	8591395	8591489	94
LG1	8592305	8592355	50
LG1	8592565	8592694	129
LG1	8593506	8593668	162
LG1	8593848	8594024	176
LG1	8597434	8597622	188
LG1	8597708	8597859	151
LG1	8606633	8607230	597
LG1	8607326	8613302	5976
LG1	8613506	8614419	913
LG1	8614841	8616227	1386
LG1	8626434	8627434	1000
LG1	8627649	8627697	48
LG1	8627793	8628543	750
LG1	8630481	8630597	116
LG1	8630848	8631853	1005
LG1	8631961	8632329	368
LG1	8632950	8633439	489
LG1	8635798	8636336	538
LG1	8636369	8636418	49
LG1	8636802	8637642	840
LG1	8638206	8638501	295
LG1	8647582	8647675	93
LG1	8648491	8648945	454
LG1	8649060	8649524	464
LG1	8652127	8652272	145
LG1	8652456	8652512	56
LG1	8654977	8655018	41
LG1	8655097	8655384	287
LG1	8656526	8656823	297
LG1	8659075	8659253	178
LG1	8659567	8660610	1043
LG1	8661529	8661698	169
LG1	8661780	8661945	165
LG1	8664102	8664309	207
LG1	8672022	8672544	522
LG1	8672698	8672732	34
LG1	8674051	8674112	61
LG1	8674138	8674551	413
LG1	8674891	8675252	361
LG1	8675687	8676934	1247
LG1	8677217	8677408	191
LG1	8677791	8678281	490
LG1	8680895	8681169	274
LG1	8681248	8682009	761
LG1	8683351	8683806	455
LG1	8683988	8684186	198
LG1	8684453	8684950	497
LG1	8685280	8685521	241
LG1	8685930	8687710	1780
LG1	8688380	8689924	1544
LG1	8689947	8691176	1229
LG1	8691768	8691872	104
LG1	8694949	8695090	141
LG1	8695673	8695976	303
LG1	8697002	8697079	77
LG1	8698593	8698839	246
LG1	8703564	8704055	491
LG1	8705190	8705421	231
LG1	8705779	8706284	505
LG1	8706472	8707384	912
LG1	8710756	8711381	625
LG1	8713473	8713819	346
LG1	8716960	8717260	300
LG1	8719341	8719578	237
LG1	8720337	8720403	66
LG1	8721028	8721227	199
LG1	8723552	8723702	150
LG1	8724461	8724597	136
LG1	8725655	8726015	360
LG1	8726247	8726692	445
LG1	8726702	8726989	287
LG1	8727911	8728687	776
LG1	8730394	8730518	124
LG1	8730584	8731442	858
LG1	8731671	8732218	547
LG1	8733422	8734949	1527
LG1	8735367	8735968	601
LG1	8736159	8736347	188
LG1	8736814	8737451	637
LG1	8737934	8738346	412
LG1	8738897	8739484	587
LG1	8740186	8740998	812
LG1	8742850	8743637	787
LG1	8744034	8744766	732
LG1	8744770	8746505	1735
LG1	8746585	8747272	687
LG1	8747331	8748387	1056
LG1	8748644	8748926	282
LG1	8755186	8755290	104
LG1	8755601	8755779	178
LG1	8756135	8756651	516
LG1	8761852	8761967	115
LG1	8778159	8778375	216
LG1	8794031	8794272	241
LG1	8807961	8808140	179
LG1	8810501	8810836	335
LG1	8812800	8813008	208
LG1	8813292	8813671	379
LG1	8814436	8815956	1520
LG1	8816017	8816372	355
LG1	8819257	8819670	413
LG1	8820193	8821048	855
LG1	8826170	8826389	219
LG1	8826774	8826984	210
LG1	8828476	8828887	411
LG1	8828917	8829144	227
LG1	8829347	8829459	112
LG1	8832910	8834327	1417
LG1	8834518	8835067	549
LG1	8868305	8869025	720
LG1	8869135	8869524	389
LG1	8869721	8869941	220
LG1	8872232	8872467	235
LG1	8872477	8872551	74
LG1	8876029	8876158	129
LG1	8885691	8885896	205
LG1	8887960	8888782	822
LG1	8891596	8891809	213
LG1	8917972	8918070	98
LG1	8918468	8918583	115
LG1	8926832	8926945	113
LG1	8943383	8943535	152
LG1	8943560	8943933	373
LG1	8946890	8947727	837
LG1	8949511	8949694	183
LG1	8950379	8950733	354
LG1	8962695	8963274	579
LG1	8964148	8964716	568
LG1	8966181	8966876	695
LG1	8967059	8967212	153
LG1	8967454	8967895	441
LG1	8968670	8968904	234
LG1	8969679	8969822	143
LG1	8970428	8970670	242
LG1	8972884	8973561	677
LG1	8974492	8974617	125
LG1	8974918	8976465	1547
LG1	8976509	8976810	301
LG1	8977033	8978895	1862
LG1	8979239	8979402	163
LG1	8979581	8979923	342
LG1	8980203	8980426	223
LG1	8980480	8980589	109
LG1	8981260	8982409	1149
LG1	8982736	8982871	135
LG1	8983710	8983896	186
LG1	8987901	8988017	116
LG1	8988666	8989186	520
LG1	8989422	8989767	345
LG1	8990932	8991404	472
LG1	8996778	8997292	514
LG1	8999496	9000305	809
LG1	9000840	9001027	187
LG1	9001973	9002506	533
LG1	9005029	9005276	247
LG1	9005501	9005644	143
LG1	9005735	9005998	263
LG1	9007507	9009029	1522
LG1	9010109	9010300	191
LG1	9011814	9012039	225
LG1	9012166	9012517	351
LG1	9013454	9013761	307
LG1	9013893	9014512	619
LG1	9014858	9015526	668
LG1	9031059	9031867	808
LG1	9031971	9033029	1058
LG1	9034183	9034277	94
LG1	9037030	9037094	64
LG1	9037954	9038284	330
LG1	9040053	9040557	504
LG1	9042332	9043082	750
LG1	9044820	9045193	373
LG1	9045358	9045721	363
LG1	9052272	9053003	731
LG1	9054548	9055486	938
LG1	9058199	9058293	94
LG1	9058985	9059527	542
LG1	9061515	9061762	247
LG1	9064227	9064969	742
LG1	9078371	9078906	535
LG1	9082902	9083506	604
LG1	9083843	9083942	99
LG1	9084453	9084695	242
LG1	9087032	9087126	94
LG1	9088113	9088485	372
LG1	9088667	9089337	670
LG1	9092484	9092785	301
LG1	9100929	9101412	483
LG1	9102970	9103102	132
LG1	9103985	9105219	1234
LG1	9106032	9106205	173
LG1	9109938	9110399	461
LG1	9115379	9115613	234
LG1	9115690	9117039	1349
LG1	9119085	9120999	1914
LG1	9123011	9123306	295
LG1	9123622	9123858	236
LG1	9126664	9127012	348
LG1	9127094	9127579	485
LG1	9128906	9129448	542
LG1	9132568	9132831	263
LG1	9133338	9133466	128
LG1	9133701	9134792	1091
LG1	9136612	9136788	176
LG1	9136975	9137065	90
LG1	9137264	9137322	58
LG1	9137687	9140245	2558
LG1	9140390	9142124	1734
LG1	9142362	9147645	5283
LG1	9151297	9151520	223
LG1	9152203	9152952	749
LG1	9153982	9154759	777
LG1	9154766	9155054	288
LG1	9155304	9155554	250
LG1	9157377	9157956	579
LG1	9164769	9165018	249
LG1	9165065	9165216	151
LG1	9165709	9166107	398
LG1	9167997	9168475	478
LG1	9168957	9169305	348
LG1	9170997	9171493	496
LG1	9171980	9173006	1026
LG1	9175928	9176601	673
LG1	9178584	9179022	438
LG1	9179554	9179745	191
LG1	9182604	9182997	393
LG1	9184802	9185161	359
LG1	9186644	9187412	768
LG1	9188276	9188345	69
LG1	9188484	9188700	216
LG1	9189960	9190067	107
LG1	9191865	9192214	349
LG1	9194193	9194574	381
LG1	9195990	9196522	532
LG1	9197618	9198194	576
LG1	9198877	9198989	112
LG1	9199087	9199233	146
LG1	9199542	9200088	546
LG1	9202525	9203036	511
LG1	9206646	9207048	402
LG1	9208796	9210763	1967
LG1	9212780	9212992	212
LG1	9213006	9213299	293
LG1	9213455	9213563	108
LG1	9214816	9215465	649
LG1	9216079	9216250	171
LG1	9216302	9216785	483
LG1	9217520	9218306	786
LG1	9218841	9219044	203
LG1	9219830	9220356	526
LG1	9220993	9221765	772
LG1	9224594	9224811	217
LG1	9225478	9226100	622
LG1	9226291	9227085	794
LG1	9232002	9232347	345
LG1	9232544	9233003	459
LG1	9233399	9234167	768
LG1	9235329	9235762	433
LG1	9237105	9237373	268
LG1	9239356	9240443	1087
LG1	9240564	9240824	260
LG1	9243802	9244655	853
LG1	9245648	9246375	727
LG1	9246828	9247339	511
LG1	9250472	9250945	473
LG1	9250996	9251544	548
LG1	9258427	9259224	797
LG1	9263146	9263340	194
LG1	9263456	9264097	641
LG1	9271626	9272149	523
LG1	9274885	9275111	226
LG1	9278368	9278814	446
LG1	9281830	9282241	411
LG1	9282349	9282796	447
LG1	9286711	9287080	369
LG1	9288871	9288926	55
LG1	9291672	9292162	490
LG1	9294041	9294421	380
LG1	9294461	9295744	1283
LG1	9302392	9302484	92
LG1	9303078	9304369	1291
LG1	9304436	9305214	778
LG1	9310389	9310765	376
LG1	9311983	9312060	77
LG1	9317223	9317620	397
LG1	9318272	9318756	484
LG1	9319506	9319708	202
LG1	9322653	9323112	459
LG1	9325823	9325908	85
LG1	9328209	9328746	537
LG1	9332641	9333373	732
LG1	9334924	9335551	627
LG1	9339721	9340191	470
LG1	9344242	9345514	1272
LG1	9345965	9346167	202
LG1	9346289	9346566	277
LG1	9348696	9349722	1026
LG1	9349941	9350635	694
LG1	9350852	9351172	320
LG1	9351409	9352329	920
LG1	9353049	9353400	351
LG1	9354333	9354706	373
LG1	9354938	9355930	992
LG1	9357813	9359412	1599
LG1	9361492	9361731	239
LG1	9362298	9362418	120
LG1	9364150	9364607	457
LG1	9364728	9365549	821
LG1	9365827	9366609	782
LG1	9366727	9367127	400
LG1	9367176	9367510	334
LG1	9368946	9369182	236
LG1	9370900	9371226	326
LG1	9372660	9372715	55
LG1	9372719	9373260	541
LG1	9374182	9374355	173
LG1	9374865	9376679	1814
LG1	9378819	9382546	3727
LG1	9382876	9383563	687
LG1	9383779	9383928	149
LG1	9384332	9386184	1852
LG1	9386906	9387413	507
LG1	9389799	9390012	213
LG1	9397492	9397593	101
LG1	9398074	9398180	106
LG1	9399292	9400086	794
LG1	9400513	9400736	223
LG1	9401805	9402107	302
LG1	9402760	9403009	249
LG1	9403794	9404180	386
LG1	9405692	9407162	1470
LG1	9408927	9409428	501
LG1	9410038	9410420	382
LG1	9412267	9412448	181
LG1	9414409	9415130	721
LG1	9416231	9416346	115
LG1	9418286	9418648	362
LG1	9420027	9420139	112
LG1	9420150	9420554	404
LG1	9421095	9423356	2261
LG1	9424020	9424787	767
LG1	9424906	9426084	1178
LG1	9426387	9428228	1841
LG1	9430479	9431516	1037
LG1	9433229	9434057	828
LG1	9435646	9435852	206
LG1	9436014	9438724	2710
LG1	9439772	9440994	1222
LG1	9441017	9442474	1457
LG1	9445396	9446516	1120
LG1	9448550	9449268	718
LG1	9449289	9451046	1757
LG1	9452533	9453459	926
LG1	9455832	9456338	506
LG1	9458564	9459232	668
LG1	9459277	9460279	1002
LG1	9460520	9460588	68
LG1	9460653	9461746	1093
LG1	9461889	9463982	2093
LG1	9466138	9467745	1607
LG1	9469739	9470494	755
LG1	9470578	9471124	546
LG1	9471532	9471812	280
LG1	9473030	9473310	280
LG1	9473512	9475579	2067
LG1	9476519	9480555	4036
LG1	9480614	9482394	1780
LG1	9487295	9487741	446
LG1	9488316	9489576	1260
LG1	9490026	9490530	504
LG1	9491172	9491375	203
LG1	9491632	9492029	397
LG1	9492814	9493392	578
LG1	9495252	9496510	1258
LG1	9496787	9497849	1062
LG1	9498362	9498607	245
LG1	9501907	9502252	345
LG1	9504238	9505226	988
LG1	9505285	9506878	1593
LG1	9506912	9507244	332
LG1	9507372	9507842	470
LG1	9508457	9509177	720
LG1	9510035	9510304	269
LG1	9512925	9513195	270
LG1	9513200	9513560	360
LG1	9515403	9515965	562
LG1	9517398	9517829	431
LG1	9522580	9522654	74
LG1	9536738	9536807	69
LG1	9538670	9539103	433
LG1	9543671	9544272	601
LG1	9546960	9548514	1554
LG1	9548766	9548846	80
LG1	9549177	9549625	448
LG1	9554378	9555168	790
LG1	9557852	9558002	150
LG1	9558249	9558987	738
LG1	9560568	9561101	533
LG1	9561108	9561287	179
LG1	9566776	9567098	322
LG1	9567728	9567789	61
LG1	9567961	9570094	2133
LG1	9572116	9572885	769
LG1	9574575	9574840	265
LG1	9576038	9576318	280
LG1	9576320	9577007	687
LG1	9577022	9577322	300
LG1	9581104	9582151	1047
LG1	9582308	9582774	466
LG1	9583381	9584327	946
LG1	9584604	9584759	155
LG1	9586575	9586651	76
LG1	9587575	9588274	699
LG1	9588286	9588336	50
LG1	9590495	9590933	438
LG1	9591927	9592422	495
LG1	9592726	9593125	399
LG1	9594072	9594618	546
LG1	9595987	9596482	495
LG1	9596625	9597005	380
LG1	9598334	9598448	114
LG1	9598945	9599127	182
LG1	9600891	9602568	1677
LG1	9602662	9603594	932
LG1	9603741	9603889	148
LG1	9603912	9604108	196
LG1	9604160	9604234	74
LG1	9606017	9606067	50
LG1	9613138	9613627	489
LG1	9613889	9614514	625
LG1	9616160	9617517	1357
LG1	9617546	9618070	524
LG1	9618343	9618615	272
LG1	9618953	9619162	209
LG1	9619333	9620178	845
LG1	9620436	9620639	203
LG1	9621041	9621162	121
LG1	9621469	9621841	372
LG1	9622594	9622877	283
LG1	9624010	9624296	286
LG1	9624535	9625217	682
LG1	9625401	9625740	339
LG1	9626616	9626782	166
LG1	9628218	9629224	1006
LG1	9629551	9630059	508
LG1	9630296	9630617	321
LG1	9632796	9633313	517
LG1	9633411	9633531	120
LG1	9633732	9634701	969
LG1	9635612	9636009	397
LG1	9636167	9636420	253
LG1	9637277	9637635	358
LG1	9637716	9638492	776
LG1	9638611	9639312	701
LG1	9640389	9640581	192
LG1	9640789	9641401	612
LG1	9641512	9643342	1830
LG1	9644092	9644261	169
LG1	9644448	9645314	866
LG1	9646030	9647633	1603
LG1	9648437	9649530	1093
LG1	9649642	9649721	79
LG1	9649763	9650042	279
LG1	9650106	9650783	677
LG1	9651381	9652902	1521
LG1	9653240	9654463	1223
LG1	9654544	9655167	623
LG1	9655760	9656601	841
LG1	9656725	9656919	194
LG1	9657052	9657801	749
LG1	9658030	9658321	291
LG1	9660908	9662386	1478
LG1	9662429	9664459	2030
LG1	9665806	9667278	1472
LG1	9667284	9667546	262
LG1	9669319	9669743	424
LG1	9669880	9670244	364
LG1	9672639	9673601	962
LG1	9673715	9674297	582
LG1	9676120	9676596	476
LG1	9676860	9677636	776
LG1	9678143	9678599	456
LG1	9678664	9678842	178
LG1	9679067	9679335	268
LG1	9679806	9680461	655
LG1	9680601	9680918	317
LG1	9681317	9681405	88
LG1	9682095	9682644	549
LG1	9685449	9685581	132
LG1	9685591	9686042	451
LG1	9686095	9686192	97
LG1	9686306	9687336	1030
LG1	9687577	9687655	78
LG1	9689491	9690426	935
LG1	9690747	9691617	870
LG1	9693447	9693767	320
LG1	9694215	9694574	359
LG1	9694699	9696410	1711
LG1	9698003	9698264	261
LG1	9698299	9699153	854
LG1	9699475	9699563	88
LG1	9701790	9703848	2058
LG1	9704261	9706075	1814
LG1	9707737	9709254	1517
LG1	9713027	9713968	941
LG1	9718698	9719104	406
LG1	9719739	9719956	217
LG1	9721213	9721476	263
LG1	9722302	9723284	982
LG1	9725518	9725952	434
LG1	9728698	9729750	1052
LG1	9731677	9732095	418
LG1	9732677	9733027	350
LG1	9733967	9734199	232
LG1	9734371	9734445	74
LG1	9734535	9734641	106
LG1	9737867	9738094	227
LG1	9738144	9738291	147
LG1	9738661	9738777	116
LG1	9739690	9739953	263
LG1	9741633	9742307	674
LG1	9744437	9745649	1212
LG1	9745683	9746459	776
LG1	9746580	9746801	221
LG1	9747373	9748074	701
LG1	9752161	9752346	185
LG1	9753756	9754108	352
LG1	9754190	9754809	619
LG1	9754924	9759399	4475
LG1	9759527	9760693	1166
LG1	9762030	9762971	941
LG1	9763300	9764194	894
LG1	9764298	9764872	574
LG1	9765094	9765354	260
LG1	9765535	9765822	287
LG1	9766045	9766184	139
LG1	9767226	9768970	1744
LG1	9769042	9769348	306
LG1	9771074	9773356	2282
LG1	9773633	9774161	528
LG1	9774782	9774836	54
LG1	9775288	9775514	226
LG1	9775657	9776174	517
LG1	9776205	9776942	737
LG1	9777447	9778091	644
LG1	9778312	9779554	1242
LG1	9781442	9781583	141
LG1	9786964	9787043	79
LG1	9790193	9790946	753
LG1	9791048	9793538	2490
LG1	9794255	9794384	129
LG1	9794495	9794677	182
LG1	9795231	9796150	919
LG1	9796598	9797992	1394
LG1	9799109	9801382	2273
LG1	9801936	9802733	797
LG1	9803163	9803778	615
LG1	9804542	9806422	1880
LG1	9807914	9808327	413
LG1	9809268	9810351	1083
LG1	9811545	9815757	4212
LG1	9816086	9817195	1109
LG1	9818641	9819051	410
LG1	9820040	9820300	260
LG1	9820835	9821552	717
LG1	9821601	9823509	1908
LG1	9825688	9826125	437
LG1	9826789	9827113	324
LG1	9827947	9828239	292
LG1	9828247	9828485	238
LG1	9829541	9829749	208
LG1	9829774	9829941	167
LG1	9831761	9832788	1027
LG1	9832906	9833099	193
LG1	9834503	9834764	261
LG1	9837093	9837599	506
LG1	9838681	9838765	84
LG1	9838990	9839167	177
LG1	9840739	9840985	246
LG1	9840994	9841506	512
LG1	9842192	9843931	1739
LG1	9844477	9845467	990
LG1	9846859	9847073	214
LG1	9847704	9847876	172
LG1	9849046	9849303	257
LG1	9849718	9850695	977
LG1	9850958	9851680	722
LG1	9852122	9852482	360
LG1	9852814	9852980	166
LG1	9853299	9853618	319
LG1	9856422	9857074	652
LG1	9858433	9860006	1573
LG1	9860263	9860743	480
LG1	9861788	9862314	526
LG1	9862718	9863462	744
LG1	9863589	9864671	1082
LG1	9864967	9865608	641
LG1	9866187	9866700	513
LG1	9866923	9866944	21
LG1	9867084	9868322	1238
LG1	9869013	9870606	1593
LG1	9870753	9871864	1111
LG1	9873538	9874049	511
LG1	9874065	9874540	475
LG1	9875813	9877147	1334
LG1	9877716	9878095	379
LG1	9878791	9880749	1958
LG1	9880792	9881133	341
LG1	9881603	9882344	741
LG1	9885038	9885833	795
LG1	9887328	9888139	811
LG1	9888802	9889249	447
LG1	9889623	9889951	328
LG1	9890008	9890225	217
LG1	9890234	9890331	97
LG1	9890340	9890429	89
LG1	9891463	9892274	811
LG1	9895872	9896014	142
LG1	9896837	9897429	592
LG1	9897700	9898467	767
LG1	9899105	9899463	358
LG1	9899532	9899763	231
LG1	9899847	9900184	337
LG1	9902673	9903106	433
LG1	9903826	9903905	79
LG1	9904445	9906083	1638
LG1	9906515	9907166	651
LG1	9908959	9909311	352
LG1	9911731	9912355	624
LG1	9912379	9912477	98
LG1	9912863	9913248	385
LG1	9913655	9913731	76
LG1	9916144	9916699	555
LG1	9916881	9919523	2642
LG1	9919599	9920730	1131
LG1	9921704	9922017	313
LG1	9922052	9922778	726
LG1	9923857	9924162	305
LG1	9925051	9925625	574
LG1	9925739	9927063	1324
LG1	9928190	9928821	631
LG1	9929170	9929742	572
LG1	9930723	9931121	398
LG1	9931384	9931794	410
LG1	9933091	9933889	798
LG1	9934740	9935973	1233
LG1	9935975	9937840	1865
LG1	9939707	9942149	2442
LG1	9946236	9946955	719
LG1	9947274	9947571	297
LG1	9951340	9951512	172
LG1	9954174	9954683	509
LG1	9955350	9955535	185
LG1	9958502	9959189	687
LG1	9962502	9962794	292
LG1	9963240	9963439	199
LG1	9965723	9965920	197
LG1	9966512	9967025	513
LG1	9968884	9968958	74
LG1	9969137	9970332	1195
LG1	9971147	9972151	1004
LG1	9972759	9972888	129
LG1	9974191	9974270	79
LG1	9979332	9979676	344
LG1	9980341	9980408	67
LG1	9980450	9981926	1476
LG1	9984236	9984576	340
LG1	10000164	10001456	1292
LG1	10003463	10003761	298
LG1	10008026	10008083	57
LG1	10009726	10010104	378
LG1	10010333	10010867	534
LG1	10010927	10011027	100
LG1	10011365	10011793	428
LG1	10011927	10012289	362
LG1	10013559	10014106	547
LG1	10014451	10014535	84
LG1	10014849	10015311	462
LG1	10018399	10019329	930
LG1	10019597	10019852	255
LG1	10020016	10020875	859
LG1	10020899	10021220	321
LG1	10022065	10022611	546
LG1	10027337	10028405	1068
LG1	10028645	10029009	364
LG1	10033414	10033674	260
LG1	10036510	10036719	209
LG1	10046658	10046842	184
LG1	10049756	10049930	174
LG1	10053192	10053302	110
LG1	10054444	10055015	571
LG1	10056565	10058717	2152
LG1	10062575	10063017	442
LG1	10063661	10063963	302
LG1	10064031	10064577	546
LG1	10065460	10065770	310
LG1	10069376	10069756	380
LG1	10069784	10069876	92
LG1	10069896	10069984	88
LG1	10071114	10072119	1005
LG1	10072681	10074231	1550
LG1	10074256	10074948	692
LG1	10077074	10077159	85
LG1	10077866	10078099	233
LG1	10078782	10079265	483
LG1	10082189	10082753	564
LG1	10085558	10086017	459
LG1	10091878	10092286	408
LG1	10092414	10094865	2451
LG1	10096003	10096251	248
LG1	10096628	10097206	578
LG1	10097296	10097714	418
LG1	10098110	10098269	159
LG1	10098354	10099691	1337
LG1	10101443	10102348	905
LG1	10102693	10103650	957
LG1	10103773	10103873	100
LG1	10104091	10104946	855
LG1	10105355	10105787	432
LG1	10107196	10107320	124
LG1	10107981	10109469	1488
LG1	10110008	10110115	107
LG1	10110189	10110595	406
LG1	10115432	10116419	987
LG1	10116792	10116979	187
LG1	10118873	10119487	614
LG1	10120046	10120723	677
LG1	10121010	10121214	204
LG1	10121599	10121778	179
LG1	10122810	10123652	842
LG1	10124386	10124531	145
LG1	10125373	10126164	791
LG1	10127339	10127669	330
LG1	10129687	10131110	1423
LG1	10131441	10131536	95
LG1	10132473	10133491	1018
LG1	10136154	10136698	544
LG1	10142782	10144347	1565
LG1	10145081	10145486	405
LG1	10145623	10146696	1073
LG1	10148999	10149260	261
LG1	10151175	10151382	207
LG1	10152758	10153675	917
LG1	10153693	10153791	98
LG1	10153984	10154440	456
LG1	10154817	10154953	136
LG1	10155290	10155661	371
LG1	10156307	10157295	988
LG1	10157929	10158327	398
LG1	10158830	10159364	534
LG1	10160423	10161537	1114
LG1	10161935	10162456	521
LG1	10163245	10164742	1497
LG1	10164952	10166876	1924
LG1	10166906	10167053	147
LG1	10167305	10167318	13
LG1	10167442	10167805	363
LG1	10168455	10169445	990
LG1	10170946	10171788	842
LG1	10172011	10173372	1361
LG1	10174592	10174827	235
LG1	10174982	10175674	692
LG1	10176974	10178271	1297
LG1	10180531	10180902	371
LG1	10180923	10181996	1073
LG1	10182843	10184013	1170
LG1	10184150	10184865	715
LG1	10185426	10186062	636
LG1	10186281	10187159	878
LG1	10187322	10187583	261
LG1	10187694	10190329	2635
LG1	10190385	10191295	910
LG1	10192099	10193193	1094
LG1	10193383	10193737	354
LG1	10193849	10194245	396
LG1	10194647	10195783	1136
LG1	10195987	10197448	1461
LG1	10197549	10198216	667
LG1	10199059	10199811	752
LG1	10199907	10201357	1450
LG1	10201530	10203155	1625
LG1	10203812	10205112	1300
LG1	10205269	10205585	316
LG1	10205620	10206227	607
LG1	10206357	10207116	759
LG1	10207118	10207342	224
LG1	10208277	10209056	779
LG1	10209108	10209212	104
LG1	10209242	10209920	678
LG1	10210604	10210892	288
LG1	10210931	10211518	587
LG1	10211923	10212093	170
LG1	10213314	10215721	2407
LG1	10217103	10217162	59
LG1	10217360	10218238	878
LG1	10219446	10219808	362
LG1	10220635	10222554	1919
LG1	10222745	10223895	1150
LG1	10224747	10224941	194
LG1	10225041	10226003	962
LG1	10226067	10226654	587
LG1	10227409	10227556	147
LG1	10227912	10228395	483
LG1	10228852	10229814	962
LG1	10230099	10230371	272
LG1	10230495	10232216	1721
LG1	10233562	10233806	244
LG1	10235488	10236067	579
LG1	10236357	10236417	60
LG1	10236979	10237015	36
LG1	10237595	10238086	491
LG1	10239541	10239910	369
LG1	10241713	10242071	358
LG1	10244890	10245002	112
LG1	10246817	10247284	467
LG1	10247365	10248035	670
LG1	10249016	10249237	221
LG1	10250369	10250874	505
LG1	10253248	10254280	1032
LG1	10254385	10254678	293
LG1	10256711	10257676	965
LG1	10261889	10267334	5445
LG1	10267376	10267405	29
LG1	10267625	10267723	98
LG1	10267739	10267802	63
LG1	10268200	10268341	141
LG1	10268353	10268662	309
LG1	10270320	10270763	443
LG1	10272128	10272792	664
LG1	10275375	10275791	416
LG1	10276625	10277106	481
LG1	10278672	10279078	406
LG1	10279262	10279627	365
LG1	10280791	10281877	1086
LG1	10282605	10282873	268
LG1	10283111	10283167	56
LG1	10284147	10284276	129
LG1	10284748	10285631	883
LG1	10286028	10286171	143
LG1	10286509	10286968	459
LG1	10287087	10287343	256
LG1	10287818	10288750	932
LG1	10292347	10292736	389
LG1	10298013	10298264	251
LG1	10298695	10299166	471
LG1	10300340	10300461	121
LG1	10300504	10300885	381
LG1	10301112	10301238	126
LG1	10302121	10302540	419
LG1	10303048	10303148	100
LG1	10303275	10303441	166
LG1	10304028	10305726	1698
LG1	10305762	10306081	319
LG1	10306708	10307114	406
LG1	10308079	10308568	489
LG1	10308724	10308800	76
LG1	10310285	10312659	2374
LG1	10313718	10315276	1558
LG1	10315308	10315713	405
LG1	10316249	10317026	777
LG1	10317076	10317941	865
LG1	10319460	10320236	776
LG1	10321181	10322268	1087
LG1	10322371	10323392	1021
LG1	10326359	10326612	253
LG1	10326771	10327845	1074
LG1	10327872	10328752	880
LG1	10330205	10330659	454
LG1	10334948	10335191	243
LG1	10335519	10335578	59
LG1	10335899	10336125	226
LG1	10336223	10336442	219
LG1	10336919	10337413	494
LG1	10338782	10339050	268
LG1	10339815	10340123	308
LG1	10340770	10340871	101
LG1	10341001	10341231	230
LG1	10342373	10344008	1635
LG1	10346733	10346866	133
LG1	10346996	10347436	440
LG1	10348781	10348986	205
LG1	10350252	10351852	1600
LG1	10353425	10355181	1756
LG1	10356004	10356685	681
LG1	10360338	10361116	778
LG1	10363247	10364578	1331
LG1	10364596	10364688	92
LG1	10364732	10368487	3755
LG1	10368501	10368808	307
LG1	10370031	10370330	299
LG1	10370457	10371200	743
LG1	10372371	10373862	1491
LG1	10375122	10375443	321
LG1	10375612	10375696	84
LG1	10375989	10376853	864
LG1	10377814	10377942	128
LG1	10378523	10379305	782
LG1	10379851	10380192	341
LG1	10381609	10382134	525
LG1	10382465	10382859	394
LG1	10383054	10383159	105
LG1	10383263	10383601	338
LG1	10383661	10384289	628
LG1	10385402	10385619	217
LG1	10387120	10387409	289
LG1	10387455	10388245	790
LG1	10388990	10389164	174
LG1	10389237	10389900	663
LG1	10390838	10390992	154
LG1	10391215	10392260	1045
LG1	10392344	10392555	211
LG1	10392620	10393847	1227
LG1	10393910	10394866	956
LG1	10394904	10396341	1437
LG1	10397998	10398240	242
LG1	10398935	10399469	534
LG1	10399659	10399836	177
LG1	10401655	10402841	1186
LG1	10403130	10404445	1315
LG1	10404567	10404974	407
LG1	10405141	10406427	1286
LG1	10406555	10406685	130
LG1	10408026	10408212	186
LG1	10408412	10408681	269
LG1	10409486	10410107	621
LG1	10411552	10411647	95
LG1	10412133	10412304	171
LG1	10412815	10412994	179
LG1	10413042	10413373	331
LG1	10414985	10415086	101
LG1	10416290	10416781	491
LG1	10417535	10417761	226
LG1	10418005	10418847	842
LG1	10418961	10419105	144
LG1	10419331	10419472	141
LG1	10420214	10420552	338
LG1	10424193	10424730	537
LG1	10425085	10425159	74
LG1	10425441	10426069	628
LG1	10426091	10426322	231
LG1	10426681	10429058	2377
LG1	10429913	10431525	1612
LG1	10431971	10432035	64
LG1	10433618	10433828	210
LG1	10434314	10434891	577
LG1	10435630	10436229	599
LG1	10436586	10436721	135
LG1	10436881	10437353	472
LG1	10438732	10439342	610
LG1	10439967	10440262	295
LG1	10441721	10442962	1241
LG1	10445064	10446581	1517
LG1	10446973	10448411	1438
LG1	10449197	10449484	287
LG1	10450513	10451001	488
LG1	10451077	10451418	341
LG1	10452857	10454244	1387
LG1	10455703	10456276	573
LG1	10456436	10456608	172
LG1	10456968	10458124	1156
LG1	10458235	10458710	475
LG1	10459879	10460281	402
LG1	10460617	10461592	975
LG1	10462292	10462357	65
LG1	10462379	10463058	679
LG1	10463106	10463297	191
LG1	10464008	10464052	44
LG1	10466050	10466586	536
LG1	10468013	10469068	1055
LG1	10469527	10469610	83
LG1	10472696	10472751	55
LG1	10472801	10472999	198
LG1	10473282	10473457	175
LG1	10474250	10474803	553
LG1	10477940	10479323	1383
LG1	10482188	10482344	156
LG1	10484137	10485190	1053
LG1	10485202	10485876	674
LG1	10488272	10488365	93
LG1	10489554	10489847	293
LG1	10490861	10491048	187
LG1	10491144	10491230	86
LG1	10492527	10492972	445
LG1	10494931	10495225	294
LG1	10496672	10497570	898
LG1	10497684	10499619	1935
LG1	10501904	10502195	291
LG1	10502255	10502504	249
LG1	10505262	10507223	1961
LG1	10507278	10507736	458
LG1	10511098	10511994	896
LG1	10514157	10514306	149
LG1	10515263	10515887	624
LG1	10516412	10517180	768
LG1	10518483	10519138	655
LG1	10519300	10520040	740
LG1	10520044	10521120	1076
LG1	10522780	10523311	531
LG1	10523469	10523643	174
LG1	10525222	10526254	1032
LG1	10526510	10527531	1021
LG1	10529782	10529907	125
LG1	10530257	10530821	564
LG1	10534179	10534509	330
LG1	10535572	10536132	560
LG1	10540848	10541715	867
LG1	10544984	10545309	325
LG1	10548254	10548857	603
LG1	10548942	10549119	177
LG1	10549828	10550686	858
LG1	10550765	10551357	592
LG1	10551853	10552434	581
LG1	10552516	10553266	750
LG1	10553722	10553804	82
LG1	10553887	10554384	497
LG1	10555139	10555606	467
LG1	10555685	10556089	404
LG1	10557585	10557794	209
LG1	10557966	10558272	306
LG1	10560407	10561911	1504
LG1	10563224	10565206	1982
LG1	10565544	10565704	160
LG1	10569484	10570201	717
LG1	10572195	10573066	871
LG1	10573089	10574073	984
LG1	10578011	10578403	392
LG1	10578520	10579901	1381
LG1	10581293	10582313	1020
LG1	10582514	10582729	215
LG1	10582807	10582952	145
LG1	10585054	10586203	1149
LG1	10591244	10594835	3591
LG1	10596311	10596427	116
LG1	10596506	10597056	550
LG1	10599456	10599728	272
LG1	10601904	10602551	647
LG1	10605837	10606590	753
LG1	10609134	10610320	1186
LG1	10612818	10613187	369
LG1	10614878	10615100	222
LG1	10619745	10620366	621
LG1	10620464	10620837	373
LG1	10621354	10621710	356
LG1	10625433	10626899	1466
LG1	10629627	10630450	823
LG1	10632593	10633478	885
LG1	10636268	10637608	1340
LG1	10639326	10639850	524
LG1	10641210	10642125	915
LG1	10642918	10643198	280
LG1	10643809	10644232	423
LG1	10645598	10645958	360
LG1	10646245	10646550	305
LG1	10646786	10646927	141
LG1	10647032	10647223	191
LG1	10647773	10647971	198
LG1	10648997	10649285	288
LG1	10649825	10650070	245
LG1	10650152	10651007	855
LG1	10655345	10655637	292
LG1	10656536	10656911	375
LG1	10657221	10657440	219
LG1	10657742	10658181	439
LG1	10660343	10660805	462
LG1	10661629	10661806	177
LG1	10661860	10662367	507
LG1	10663375	10664213	838
LG1	10665521	10665786	265
LG1	10665952	10666124	172
LG1	10666781	10666925	144
LG1	10668145	10669814	1669
LG1	10670171	10670468	297
LG1	10671136	10671430	294
LG1	10671627	10671839	212
LG1	10673996	10675112	1116
LG1	10675119	10675399	280
LG1	10676048	10677007	959
LG1	10677255	10677632	377
LG1	10677687	10677944	257
LG1	10677962	10678332	370
LG1	10678426	10683442	5016
LG1	10683486	10683796	310
LG1	10684334	10684953	619
LG1	10685101	10686568	1467
LG1	10687877	10688258	381
LG1	10688634	10689496	862
LG1	10689932	10690943	1011
LG1	10691020	10691265	245
LG1	10691980	10692427	447
LG1	10692603	10692814	211
LG1	10693953	10694404	451
LG1	10694436	10694649	213
LG1	10694675	10695066	391
LG1	10695779	10696042	263
LG1	10696434	10697184	750
LG1	10697345	10697703	358
LG1	10697844	10698864	1020
LG1	10701691	10702706	1015
LG1	10702853	10703494	641
LG1	10703513	10703637	124
LG1	10704623	10704978	355
LG1	10705006	10705487	481
LG1	10705621	10706130	509
LG1	10706372	10706600	228
LG1	10707784	10708422	638
LG1	10708468	10708961	493
LG1	10709145	10709773	628
LG1	10712418	10712830	412
LG1	10712875	10713497	622
LG1	10714383	10715294	911
LG1	10715603	10715762	159
LG1	10717341	10717646	305
LG1	10718890	10719836	946
LG1	10720026	10720469	443
LG1	10721291	10721837	546
LG1	10724982	10725794	812
LG1	10726112	10727099	987
LG1	10727116	10727156	40
LG1	10732166	10733032	866
LG1	10733582	10733896	314
LG1	10734144	10734306	162
LG1	10735034	10735550	516
LG1	10735786	10737592	1806
LG1	10737872	10739037	1165
LG1	10739448	10740971	1523
LG1	10741045	10742657	1612
LG1	10742941	10743298	357
LG1	10743424	10743867	443
LG1	10743908	10744048	140
LG1	10744097	10745704	1607
LG1	10745809	10745887	78
LG1	10746172	10747605	1433
LG1	10749007	10749206	199
LG1	10749510	10749604	94
LG1	10751938	10752143	205
LG1	10752433	10752490	57
LG1	10753708	10753824	116
LG1	10754239	10754331	92
LG1	10754698	10754808	110
LG1	10754994	10755099	105
LG1	10757530	10758207	677
LG1	10758403	10758805	402
LG1	10758987	10760704	1717
LG1	10760904	10761932	1028
LG1	10763308	10763789	481
LG1	10764349	10764566	217
LG1	10765158	10765332	174
LG1	10765742	10765959	217
LG1	10766016	10768164	2148
LG1	10771798	10772432	634
LG1	10772804	10773019	215
LG1	10773099	10773221	122
LG1	10776166	10776374	208
LG1	10776437	10776574	137
LG1	10776728	10777187	459
LG1	10778598	10783100	4502
LG1	10783143	10784021	878
LG1	10784941	10785071	130
LG1	10786891	10787214	323
LG1	10790126	10790501	375
LG1	10790823	10791542	719
LG1	10792080	10792526	446
LG1	10792557	10792684	127
LG1	10793306	10793855	549
LG1	10794033	10794389	356
LG1	10794808	10795707	899
LG1	10795773	10796114	341
LG1	10796279	10797075	796
LG1	10797160	10797291	131
LG1	10797419	10797579	160
LG1	10797830	10798009	179
LG1	10798995	10800399	1404
LG1	10801578	10802170	592
LG1	10802457	10802787	330
LG1	10802843	10803214	371
LG1	10803541	10803731	190
LG1	10803761	10804291	530
LG1	10804679	10805551	872
LG1	10806453	10807046	593
LG1	10807478	10807588	110
LG1	10810749	10811220	471
LG1	10811820	10812665	845
LG1	10817211	10818728	1517
LG1	10819078	10819228	150
LG1	10820326	10820645	319
LG1	10821001	10821537	536
LG1	10821660	10823009	1349
LG1	10825594	10825768	174
LG1	10826125	10826450	325
LG1	10829815	10833273	3458
LG1	10833342	10833717	375
LG1	10835194	10837115	1921
LG1	10837492	10838131	639
LG1	10840489	10841255	766
LG1	10841295	10841527	232
LG1	10841821	10842678	857
LG1	10843052	10843125	73
LG1	10843551	10843844	293
LG1	10844088	10844261	173
LG1	10845126	10845232	106
LG1	10845371	10846736	1365
LG1	10847963	10850022	2059
LG1	10851057	10853205	2148
LG1	10853556	10855504	1948
LG1	10856038	10856533	495
LG1	10857152	10857394	242
LG1	10857560	10859579	2019
LG1	10859622	10859689	67
LG1	10860096	10861284	1188
LG1	10862475	10864982	2507
LG1	10866084	10866527	443
LG1	10866560	10868133	1573
LG1	10868150	10870825	2675
LG1	10870940	10872502	1562
LG1	10873034	10874035	1001
LG1	10874075	10879682	5607
LG1	10879923	10880141	218
LG1	10880166	10881205	1039
LG1	10881568	10882794	1226
LG1	10883093	10883359	266
LG1	10884490	10884716	226
LG1	10884784	10885249	465
LG1	10885631	10885724	93
LG1	10887212	10888397	1185
LG1	10888507	10889800	1293
LG1	10890504	10890594	90
LG1	10890613	10891408	795
LG1	10891920	10896173	4253
LG1	10896311	10896986	675
LG1	10898593	10900385	1792
LG1	10900502	10900693	191
LG1	10900919	10901143	224
LG1	10901197	10901792	595
LG1	10901995	10903564	1569
LG1	10904155	10905002	847
LG1	10905022	10905624	602
LG1	10906433	10907357	924
LG1	10908606	10908685	79
LG1	10908745	10909715	970
LG1	10909806	10911007	1201
LG1	10911581	10911700	119
LG1	10912237	10913980	1743
LG1	10915386	10916517	1131
LG1	10916521	10918633	2112
LG1	10920107	10921023	916
LG1	10921609	10922558	949
LG1	10923430	10924016	586
LG1	10925397	10927559	2162
LG1	10927778	10928557	779
LG1	10928931	10929310	379
LG1	10930008	10931135	1127
LG1	10931277	10931974	697
LG1	10932362	10932585	223
LG1	10932656	10933859	1203
LG1	10934048	10934998	950
LG1	10935194	10936643	1449
LG1	10936793	10937366	573
LG1	10937660	10939321	1661
LG1	10940971	10941752	781
LG1	10941938	10947977	6039
LG1	10947990	10948243	253
LG1	10949044	10950288	1244
LG1	10950414	10951170	756
LG1	10951458	10954021	2563
LG1	10954377	10956600	2223
LG1	10956796	10957918	1122
LG1	10958691	10960310	1619
LG1	10960797	10962172	1375
LG1	10962382	10963411	1029
LG1	10963464	10964044	580
LG1	10964181	10964652	471
LG1	10965547	10969483	3936
LG1	10969712	10971225	1513
LG1	10971565	10972241	676
LG1	10973221	10973861	640
LG1	10974004	10975548	1544
LG1	10975972	10976692	720
LG1	10976807	10976861	54
LG1	10976960	10977650	690
LG1	10979315	10980468	1153
LG1	10980527	10982999	2472
LG1	10984499	10985501	1002
LG1	10987827	10987988	161
LG1	10988009	10989604	1595
LG1	10991492	10991868	376
LG1	10991901	10994106	2205
LG1	10996471	10997570	1099
LG1	10998770	10999688	918
LG1	11000528	11001207	679
LG1	11001900	11002005	105
LG1	11002169	11002541	372
LG1	11003043	11003152	109
LG1	11004016	11004995	979
LG1	11006797	11007436	639
LG1	11007788	11008209	421
LG1	11008273	11008433	160
LG1	11011298	11012926	1628
LG1	11013083	11013859	776
LG1	11014902	11016701	1799
LG1	11018325	11019116	791
LG1	11020678	11021924	1246
LG1	11022599	11023254	655
LG1	11025987	11027117	1130
LG1	11027799	11028606	807
LG1	11029157	11029577	420
LG1	11030346	11030405	59
LG1	11031433	11032048	615
LG1	11032178	11032252	74
LG1	11033107	11034196	1089
LG1	11034917	11036044	1127
LG1	11040094	11040181	87
LG1	11040214	11040330	116
LG1	11040832	11041252	420
LG1	11041259	11041581	322
LG1	11041910	11042091	181
LG1	11043769	11044479	710
LG1	11045651	11046570	919
LG1	11047516	11047612	96
LG1	11049694	11049996	302
LG1	11050217	11050613	396
LG1	11050908	11051801	893
LG1	11051872	11052038	166
LG1	11052045	11052712	667
LG1	11053375	11054560	1185
LG1	11054748	11055250	502
LG1	11055451	11055708	257
LG1	11056575	11057149	574
LG1	11057279	11059696	2417
LG1	11060091	11060677	586
LG1	11062469	11062642	173
LG1	11062666	11063046	380
LG1	11064701	11065783	1082
LG1	11065957	11066611	654
LG1	11067138	11067652	514
LG1	11067710	11068382	672
LG1	11068410	11069040	630
LG1	11069151	11069377	226
LG1	11069711	11070360	649
LG1	11070612	11071300	688
LG1	11074312	11076274	1962
LG1	11076309	11076876	567
LG1	11077582	11078102	520
LG1	11080121	11080876	755
LG1	11080935	11081745	810
LG1	11081749	11081926	177
LG1	11082617	11083573	956
LG1	11083664	11083923	259
LG1	11084043	11084245	202
LG1	11084484	11086128	1644
LG1	11086283	11088757	2474
LG1	11088943	11090565	1622
LG1	11091265	11091836	571
LG1	11092019	11094071	2052
LG1	11094704	11095080	376
LG1	11095121	11095358	237
LG1	11096803	11097326	523
LG1	11098004	11098969	965
LG1	11099204	11099645	441
LG1	11100211	11100281	70
LG1	11100363	11102171	1808
LG1	11102380	11102729	349
LG1	11102787	11103728	941
LG1	11104333	11105137	804
LG1	11106133	11106342	209
LG1	11106995	11107213	218
LG1	11107223	11107320	97
LG1	11108023	11108091	68
LG1	11108438	11108777	339
LG1	11108900	11109307	407
LG1	11109588	11111535	1947
LG1	11112213	11112481	268
LG1	11112762	11113094	332
LG1	11113215	11114357	1142
LG1	11114889	11115651	762
LG1	11117006	11117838	832
LG1	11119021	11119522	501
LG1	11119526	11120177	651
LG1	11120505	11122066	1561
LG1	11122109	11122151	42
LG1	11122688	11123715	1027
LG1	11124550	11124846	296
LG1	11126316	11126884	568
LG1	11127077	11127575	498
LG1	11128325	11128642	317
LG1	11128655	11129191	536
LG1	11129379	11129948	569
LG1	11130319	11130504	185
LG1	11130526	11130934	408
LG1	11131039	11131583	544
LG1	11132187	11132453	266
LG1	11134098	11134414	316
LG1	11134595	11134678	83
LG1	11134690	11135022	332
LG1	11136866	11137466	600
LG1	11137804	11138332	528
LG1	11138552	11138608	56
LG1	11138931	11139194	263
LG1	11139205	11139719	514
LG1	11141264	11141271	7
LG1	11141466	11141711	245
LG1	11141854	11143027	1173
LG1	11144044	11144113	69
LG1	11144156	11144562	406
LG1	11145729	11145784	55
LG1	11146523	11146898	375
LG1	11147518	11148024	506
LG1	11148760	11150341	1581
LG1	11151963	11152474	511
LG1	11153439	11153791	352
LG1	11153867	11154696	829
LG1	11154713	11154734	21
LG1	11155037	11155432	395
LG1	11156358	11156547	189
LG1	11156836	11156895	59
LG1	11157032	11157318	286
LG1	11157357	11157387	30
LG1	11157882	11158179	297
LG1	11159974	11160302	328
LG1	11160453	11160988	535
LG1	11161016	11161104	88
LG1	11161736	11162475	739
LG1	11163083	11163814	731
LG1	11164010	11164583	573
LG1	11165063	11165450	387
LG1	11166740	11167034	294
LG1	11167204	11167371	167
LG1	11167604	11168275	671
LG1	11168867	11169285	418
LG1	11169675	11170876	1201
LG1	11170878	11171693	815
LG1	11172024	11173718	1694
LG1	11176979	11177566	587
LG1	11179377	11180245	868
LG1	11182284	11182695	411
LG1	11184748	11186548	1800
LG1	11186729	11187141	412
LG1	11187342	11187715	373
LG1	11188344	11188666	322
LG1	11189900	11190107	207
LG1	11190275	11190998	723
LG1	11192334	11193477	1143
LG1	11194129	11195159	1030
LG1	11195492	11195635	143
LG1	11195768	11196469	701
LG1	11196927	11197107	180
LG1	11197773	11197885	112
LG1	11198827	11199896	1069
LG1	11200385	11200495	110
LG1	11200828	11202139	1311
LG1	11203873	11204415	542
LG1	11206017	11206163	146
LG1	11206281	11206785	504
LG1	11208594	11209189	595
LG1	11209727	11211628	1901
LG1	11212130	11213610	1480
LG1	11213888	11214436	548
LG1	11214496	11214990	494
LG1	11215962	11222004	6042
LG1	11222162	11223079	917
LG1	11225363	11225548	185
LG1	11225770	11225859	89
LG1	11225916	11226483	567
LG1	11226591	11227225	634
LG1	11227285	11227639	354
LG1	11227731	11227815	84
LG1	11228669	11234638	5969
LG1	11235690	11236279	589
LG1	11236558	11237756	1198
LG1	11238416	11238531	115
LG1	11238534	11238595	61
LG1	11239831	11240102	271
LG1	11240155	11241662	1507
LG1	11242634	11242827	193
LG1	11242866	11243072	206
LG1	11243367	11244115	748
LG1	11244175	11245519	1344
LG1	11246137	11246442	305
LG1	11246868	11247243	375
LG1	11247623	11247843	220
LG1	11247854	11247901	47
LG1	11248422	11249125	703
LG1	11249613	11249931	318
LG1	11250295	11251715	1420
LG1	11251848	11253850	2002
LG1	11254250	11254382	132
LG1	11254401	11254649	248
LG1	11254742	11254876	134
LG1	11254900	11255482	582
LG1	11255567	11255894	327
LG1	11256189	11256481	292
LG1	11256572	11256718	146
LG1	11257934	11258085	151
LG1	11258334	11259018	684
LG1	11261784	11264691	2907
LG1	11265958	11267020	1062
LG1	11267069	11267835	766
LG1	11270688	11270808	120
LG1	11271087	11271171	84
LG1	11272363	11273562	1199
LG1	11275591	11275838	247
LG1	11276377	11276522	145
LG1	11277897	11278718	821
LG1	11278933	11279002	69
LG1	11279005	11279091	86
LG1	11279164	11279292	128
LG1	11279585	11280458	873
LG1	11281074	11281260	186
LG1	11282402	11282643	241
LG1	11282898	11283804	906
LG1	11284210	11284274	64
LG1	11284777	11285145	368
LG1	11285152	11285424	272
LG1	11285464	11285678	214
LG1	11285693	11285736	43
LG1	11285768	11286315	547
LG1	11287400	11289037	1637
LG1	11290873	11291813	940
LG1	11294692	11294928	236
LG1	11295050	11296535	1485
LG1	11296609	11297330	721
LG1	11298325	11299180	855
LG1	11299509	11300586	1077
LG1	11301913	11303073	1160
LG1	11306525	11307901	1376
LG1	11309003	11309855	852
LG1	11310951	11311816	865
LG1	11314365	11314916	551
LG1	11315103	11315498	395
LG1	11317499	11317726	227
LG1	11319058	11320525	1467
LG1	11321176	11323699	2523
LG1	11323948	11324007	59
LG1	11324939	11325262	323
LG1	11326378	11326964	586
LG1	11329679	11330735	1056
LG1	11332576	11333941	1365
LG1	11333970	11335027	1057
LG1	11336695	11340311	3616
LG1	11340344	11340414	70
LG1	11340743	11341298	555
LG1	11341323	11341743	420
LG1	11342959	11344242	1283
LG1	11344285	11345063	778
LG1	11346250	11346785	535
LG1	11346833	11348680	1847
LG1	11350749	11351834	1085
LG1	11353590	11355087	1497
LG1	11356056	11356353	297
LG1	11357505	11358234	729
LG1	11358624	11360702	2078
LG1	11362832	11363163	331
LG1	11364327	11364525	198
LG1	11364896	11365768	872
LG1	11368074	11369556	1482
LG1	11369967	11372682	2715
LG1	11372783	11373530	747
LG1	11373978	11374095	117
LG1	11374619	11376539	1920
LG1	11377188	11377726	538
LG1	11378866	11379148	282
LG1	11382086	11382528	442
LG1	11382620	11383485	865
LG1	11384463	11385505	1042
LG1	11387159	11387414	255
LG1	11387597	11387994	397
LG1	11390187	11390449	262
LG1	11390528	11390828	300
LG1	11390842	11391051	209
LG1	11391054	11391511	457
LG1	11393965	11394631	666
LG1	11397175	11397582	407
LG1	11398971	11399146	175
LG1	11399832	11400253	421
LG1	11400288	11401020	732
LG1	11402298	11403093	795
LG1	11403142	11403362	220
LG1	11403544	11404038	494
LG1	11407162	11407464	302
LG1	11410328	11410863	535
LG1	11411865	11412177	312
LG1	11413878	11413989	111
LG1	11415730	11416122	392
LG1	11416566	11417193	627
LG1	11421476	11422223	747
LG1	11422551	11422885	334
LG1	11424048	11424385	337
LG1	11424763	11425169	406
LG1	11425262	11425917	655
LG1	11426279	11426449	170
LG1	11429881	11430582	701
LG1	11432730	11432808	78
LG1	11434019	11434226	207
LG1	11434289	11434441	152
LG1	11435512	11435826	314
LG1	11436953	11437757	804
LG1	11438413	11438493	80
LG1	11440937	11441143	206
LG1	11441743	11441931	188
LG1	11442444	11443031	587
LG1	11445686	11445968	282
LG1	11446135	11446208	73
LG1	11446239	11448162	1923
LG1	11448906	11449426	520
LG1	11450783	11451090	307
LG1	11456305	11456516	211
LG1	11456907	11457428	521
LG1	11457442	11458152	710
LG1	11458699	11459058	359
LG1	11459129	11459567	438
LG1	11461804	11462004	200
LG1	11462320	11462710	390
LG1	11462834	11463086	252
LG1	11463658	11464025	367
LG1	11466314	11466537	223
LG1	11470812	11470876	64
LG1	11471736	11472154	418
LG1	11472303	11472506	203
LG1	11473382	11473658	276
LG1	11477083	11477397	314
LG1	11479297	11479450	153
LG1	11479698	11479976	278
LG1	11480514	11480615	101
LG1	11482722	11483081	359
LG1	11483205	11483717	512
LG1	11486452	11486712	260
LG1	11488758	11488957	199
LG1	11489636	11489961	325
LG1	11490854	11491117	263
LG1	11496291	11496909	618
LG1	11499447	11501490	2043
LG1	11501615	11503095	1480
LG1	11503742	11504064	322
LG1	11504640	11504765	125
LG1	11504805	11505113	308
LG1	11508119	11509475	1356
LG1	11513307	11513496	189
LG1	11513646	11514679	1033
LG1	11515782	11515910	128
LG1	11515983	11516735	752
LG1	11516770	11517232	462
LG1	11517343	11518699	1356
LG1	11520489	11521286	797
LG1	11521516	11521843	327
LG1	11521877	11522544	667
LG1	11522683	11524428	1745
LG1	11524491	11524556	65
LG1	11525192	11525802	610
LG1	11528040	11528803	763
LG1	11530605	11531586	981
LG1	11531664	11532087	423
LG1	11532710	11533042	332
LG1	11533191	11534040	849
LG1	11535303	11536054	751
LG1	11536282	11537218	936
LG1	11537695	11540506	2811
LG1	11542224	11542518	294
LG1	11544985	11545216	231
LG1	11546138	11546892	754
LG1	11548461	11548937	476
LG1	11549949	11550285	336
LG1	11550616	11551291	675
LG1	11552468	11552984	516
LG1	11553009	11553947	938
LG1	11553989	11554370	381
LG1	11554513	11554960	447
LG1	11555345	11555481	136
LG1	11555779	11555899	120
LG1	11556040	11556577	537
LG1	11556751	11557085	334
LG1	11557267	11557522	255
LG1	11557998	11558922	924
LG1	11559013	11559464	451
LG1	11559656	11559934	278
LG1	11561283	11561646	363
LG1	11561669	11561955	286
LG1	11562028	11562799	771
LG1	11562916	11563005	89
LG1	11563496	11564042	546
LG1	11569548	11570332	784
LG1	11570351	11570378	27
LG1	11570380	11570612	232
LG1	11570613	11570690	77
LG1	11572089	11572455	366
LG1	11574396	11574968	572
LG1	11574995	11575301	306
LG1	11575550	11576663	1113
LG1	11577161	11577379	218
LG1	11579016	11579491	475
LG1	11580789	11580935	146
LG1	11582011	11582186	175
LG1	11582238	11582268	30
LG1	11582330	11583208	878
LG1	11583230	11586488	3258
LG1	11586637	11586656	19
LG1	11586770	11587183	413
LG1	11591538	11592640	1102
LG1	11592642	11594144	1502
LG1	11594748	11595093	345
LG1	11595094	11595482	388
LG1	11595938	11596124	186
LG1	11599789	11600674	885
LG1	11602095	11602279	184
LG1	11602357	11602370	13
LG1	11602573	11603163	590
LG1	11603208	11603289	81
LG1	11604102	11604444	342
LG1	11604990	11605088	98
LG1	11605392	11606320	928
LG1	11606503	11607078	575
LG1	11607453	11607983	530
LG1	11608750	11610003	1253
LG1	11610984	11611944	960
LG1	11612659	11613599	940
LG1	11614052	11614296	244
LG1	11614473	11615375	902
LG1	11617418	11617693	275
LG1	11618801	11618973	172
LG1	11619344	11620760	1416
LG1	11620919	11621120	201
LG1	11621150	11621375	225
LG1	11621452	11621878	426
LG1	11622076	11623255	1179
LG1	11625228	11625750	522
LG1	11625965	11627327	1362
LG1	11627504	11627750	246
LG1	11627926	11629390	1464
LG1	11629559	11629783	224
LG1	11630062	11631336	1274
LG1	11631438	11631513	75
LG1	11631621	11633532	1911
LG1	11674645	11674743	98
LG1	11675703	11676488	785
LG1	11677009	11678356	1347
LG1	11678381	11678520	139
LG1	11681144	11681524	380
LG1	11681714	11681945	231
LG1	11683377	11683636	259
LG1	11683846	11684405	559
LG1	11686517	11688518	2001
LG1	11691964	11692493	529
LG1	11692853	11693975	1122
LG1	11697526	11697583	57
LG1	11697708	11698515	807
LG1	11703133	11703202	69
LG1	11705209	11705292	83
LG1	11705592	11706103	511
LG1	11706144	11706310	166
LG1	11706961	11707739	778
LG1	11707929	11708250	321
LG1	11708309	11709091	782
LG1	11709366	11709414	48
LG1	11709821	11711779	1958
LG1	11712095	11714218	2123
LG1	11715034	11715385	351
LG1	11715604	11716290	686
LG1	11716467	11716848	381
LG1	11717003	11717393	390
LG1	11719313	11719560	247
LG1	11720285	11720373	88
LG1	11720383	11721209	826
LG1	11721859	11722854	995
LG1	11723265	11723825	560
LG1	11723975	11724675	700
LG1	11725547	11725637	90
LG1	11725950	11726405	455
LG1	11726836	11727655	819
LG1	11727754	11728553	799
LG1	11729976	11730224	248
LG1	11733082	11733163	81
LG1	11733770	11734254	484
LG1	11734960	11735053	93
LG1	11735712	11736839	1127
LG1	11736841	11736941	100
LG1	11737824	11738029	205
LG1	11739286	11740176	890
LG1	11741721	11743407	1686
LG1	11743771	11746695	2924
LG1	11747012	11748153	1141
LG1	11750531	11750785	254
LG1	11753391	11753857	466
LG1	11753898	11754090	192
LG1	11756128	11756521	393
LG1	11760967	11761104	137
LG1	11761136	11762110	974
LG1	11762183	11762620	437
LG1	11762682	11763155	473
LG1	11764740	11765004	264
LG1	11766034	11766259	225
LG1	11766364	11766530	166
LG1	11766640	11766808	168
LG1	11767682	11768113	431
LG1	11768652	11768807	155
LG1	11769841	11770014	173
LG1	11770760	11771732	972
LG1	11775870	11776131	261
LG1	11776820	11776999	179
LG1	11777527	11777644	117
LG1	11778171	11779644	1473
LG1	11779663	11779674	11
LG1	11779682	11780344	662
LG1	11782106	11782282	176
LG1	11782340	11782996	656
LG1	11783227	11784414	1187
LG1	11784725	11785838	1113
LG1	11786824	11787526	702
LG1	11787668	11788684	1016
LG1	11789887	11790511	624
LG1	11790737	11791186	449
LG1	11791962	11792802	840
LG1	11796873	11797614	741
LG1	11798557	11799681	1124
LG1	11801035	11801772	737
LG1	11802090	11803592	1502
LG1	11804708	11805968	1260
LG1	11806932	11808207	1275
LG1	11809436	11810074	638
LG1	11812507	11813419	912
LG1	11816436	11817074	638
LG1	11818626	11819124	498
LG1	11819257	11820137	880
LG1	11820314	11820340	26
LG1	11820558	11820663	105
LG1	11820756	11821684	928
LG1	11823507	11823645	138
LG1	11826056	11827576	1520
LG1	11827589	11828135	546
LG1	11829767	11830500	733
LG1	11830827	11831122	295
LG1	11831970	11832212	242
LG1	11832594	11832835	241
LG1	11833871	11834122	251
LG1	11835202	11835641	439
LG1	11836035	11836521	486
LG1	11836999	11837091	92
LG1	11838485	11838908	423
LG1	11839963	11841268	1305
LG1	11843061	11843633	572
LG1	11843691	11844291	600
LG1	11845544	11846015	471
LG1	11846288	11846605	317
LG1	11848605	11849234	629
LG1	11849563	11850944	1381
LG1	11851078	11851134	56
LG1	11851665	11852132	467
LG1	11853109	11856047	2938
LG1	11856675	11857189	514
LG1	11857593	11857651	58
LG1	11858083	11858640	557
LG1	11858759	11859802	1043
LG1	11860983	11862335	1352
LG1	11862342	11864813	2471
LG1	11865823	11866013	190
LG1	11866516	11866757	241
LG1	11866801	11868221	1420
LG1	11872015	11873530	1515
LG1	11875704	11876436	732
LG1	11877427	11877674	247
LG1	11877707	11878408	701
LG1	11878674	11878752	78
LG1	11878977	11879304	327
LG1	11880434	11880887	453
LG1	11880917	11882153	1236
LG1	11882562	11883251	689
LG1	11885952	11886096	144
LG1	11886414	11888203	1789
LG1	11888507	11888615	108
LG1	11888712	11889898	1186
LG1	11893799	11895794	1995
LG1	11896369	11897352	983
LG1	11897958	11898720	762
LG1	11901405	11902179	774
LG1	11902218	11902358	140
LG1	11903356	11903406	50
LG1	11903492	11903652	160
LG1	11903691	11904833	1142
LG1	11904984	11905329	345
LG1	11907889	11908036	147
LG1	11908054	11908662	608
LG1	11910112	11910600	488
LG1	11914221	11914536	315
LG1	11916575	11916603	28
LG1	11916667	11917638	971
LG1	11919165	11920118	953
LG1	11922037	11923554	1517
LG1	11923567	11923957	390
LG1	11923964	11924620	656
LG1	11925984	11929238	3254
LG1	11929473	11931346	1873
LG1	11931624	11934317	2693
LG1	11934467	11935109	642
LG1	11935271	11935336	65
LG1	11935362	11937120	1758
LG1	11937171	11937212	41
LG1	11937255	11937502	247
LG1	11937743	11938221	478
LG1	11938431	11939910	1479
LG1	11940160	11945309	5149
LG1	11945465	11947297	1832
LG1	11947667	11952619	4952
LG1	11955291	11956836	1545
LG1	11957370	11958224	854
LG1	11959389	11960005	616
LG1	11960409	11960866	457
LG1	11962677	11963196	519
LG1	11965484	11966108	624
LG1	11967732	11968443	711
LG1	11968864	11969251	387
LG1	11969274	11969408	134
LG1	11971208	11973340	2132
LG1	11973934	11974358	424
LG1	11974707	11974811	104
LG1	11974933	11976572	1639
LG1	11976874	11977012	138
LG1	11977840	11978192	352
LG1	11978855	11980145	1290
LG1	11981020	11981122	102
LG1	11981642	11983574	1932
LG1	11985455	11985507	52
LG1	11985639	11987246	1607
LG1	11988567	11989528	961
LG1	11990013	11990539	526
LG1	11991171	11994635	3464
LG1	11998603	12000101	1498
LG1	12001895	12002738	843
LG1	12004976	12005508	532
LG1	12008637	12011269	2632
LG1	12011666	12011791	125
LG1	12013186	12013641	455
LG1	12018151	12019204	1053
LG1	12019329	12020037	708
LG1	12020338	12020363	25
LG1	12020628	12021746	1118
LG1	12024766	12026137	1371
LG1	12027403	12028725	1322
LG1	12029482	12029600	118
LG1	12030349	12030648	299
LG1	12030659	12030785	126
LG1	12032204	12032857	653
LG1	12032958	12033636	678
LG1	12034649	12036907	2258
LG1	12038152	12039428	1276
LG1	12040039	12040344	305
LG1	12042347	12043235	888
LG1	12043450	12045120	1670
LG1	12045546	12045653	107
LG1	12046148	12046981	833
LG1	12048030	12049039	1009
LG1	12049136	12049531	395
LG1	12051977	12053510	1533
LG1	12053846	12053980	134
LG1	12055762	12056742	980
LG1	12060752	12061583	831
LG1	12064652	12066272	1620
LG1	12067664	12068457	793
LG1	12069022	12069395	373
LG1	12071232	12072935	1703
LG1	12074489	12075436	947
LG1	12079213	12080557	1344
LG1	12080741	12081112	371
LG1	12081143	12081675	532
LG1	12081737	12081945	208
LG1	12082071	12082242	171
LG1	12082432	12082607	175
LG1	12082843	12085637	2794
LG1	12085711	12085985	274
LG1	12086099	12086448	349
LG1	12086983	12088846	1863
LG1	12089411	12090078	667
LG1	12091594	12091691	97
LG1	12091914	12092734	820
LG1	12092791	12092888	97
LG1	12093684	12094097	413
LG1	12094271	12094928	657
LG1	12095106	12095477	371
LG1	12095765	12100274	4509
LG1	12101888	12102366	478
LG1	12104569	12105453	884
LG1	12105919	12106222	303
LG1	12106531	12106770	239
LG1	12107681	12107831	150
LG1	12108684	12108986	302
LG1	12109076	12109436	360
LG1	12109611	12110088	477
LG1	12110952	12111202	250
LG1	12115635	12117271	1636
LG1	12117731	12118615	884
LG1	12119752	12119822	70
LG1	12123542	12124212	670
LG1	12125945	12126324	379
LG1	12128761	12129056	295
LG1	12129679	12129833	154
LG1	12130316	12130457	141
LG1	12130463	12130610	147
LG1	12130659	12130955	296
LG1	12131020	12131394	374
LG1	12132755	12133779	1024
LG1	12134023	12134057	34
LG1	12141059	12141226	167
LG1	12141257	12143096	1839
LG1	12143164	12143214	50
LG1	12145036	12146132	1096
LG1	12147426	12150455	3029
LG1	12152486	12152996	510
LG1	12154360	12154728	368
LG1	12154781	12155036	255
LG1	12155071	12155793	722
LG1	12156542	12157125	583
LG1	12157195	12157987	792
LG1	12158762	12158949	187
LG1	12158987	12159877	890
LG1	12161643	12162075	432
LG1	12164635	12164922	287
LG1	12165017	12165393	376
LG1	12166414	12166993	579
LG1	12167010	12167553	543
LG1	12167599	12167632	33
LG1	12172103	12172662	559
LG1	12172664	12172836	172
LG1	12173555	12175724	2169
LG1	12176993	12177571	578
LG1	12179562	12179982	420
LG1	12180319	12180546	227
LG1	12182368	12182692	324
LG1	12182717	12183520	803
LG1	12185015	12185219	204
LG1	12185242	12185537	295
LG1	12185600	12185680	80
LG1	12189272	12189419	147
LG1	12191911	12192712	801
LG1	12192989	12193145	156
LG1	12194160	12195412	1252
LG1	12195421	12195518	97
LG1	12196906	12197282	376
LG1	12198150	12199392	1242
LG1	12200926	12201010	84
LG1	12202617	12202859	242
LG1	12202927	12203731	804
LG1	12215092	12215297	205
LG1	12220262	12220362	100
LG1	12220397	12220742	345
LG1	12220955	12221136	181
LG1	12221377	12221955	578
LG1	12222013	12223792	1779
LG1	12224001	12224355	354
LG1	12224565	12226591	2026
LG1	12226603	12227432	829
LG1	12227640	12229698	2058
LG1	12229821	12230885	1064
LG1	12231008	12231626	618
LG1	12232606	12233085	479
LG1	12233499	12234655	1156
LG1	12239033	12239110	77
LG1	12239207	12239557	350
LG1	12243058	12243388	330
LG1	12244240	12244765	525
LG1	12244791	12244821	30
LG1	12246014	12246139	125
LG1	12246160	12246411	251
LG1	12246412	12246780	368
LG1	12246841	12247846	1005
LG1	12247961	12248315	354
LG1	12249554	12250337	783
LG1	12255815	12256244	429
LG1	12256256	12256545	289
LG1	12257277	12257555	278
LG1	12257821	12258530	709
LG1	12259839	12260677	838
LG1	12261864	12262156	292
LG1	12263691	12265229	1538
LG1	12267203	12267386	183
LG1	12269253	12270766	1513
LG1	12271737	12272078	341
LG1	12272670	12273140	470
LG1	12273457	12274560	1103
LG1	12274605	12275307	702
LG1	12275398	12276191	793
LG1	12276342	12278304	1962
LG1	12278491	12278755	264
LG1	12278940	12280874	1934
LG1	12280912	12281424	512
LG1	12281481	12281811	330
LG1	12283114	12283770	656
LG1	12284925	12285021	96
LG1	12285556	12286923	1367
LG1	12287128	12287214	86
LG1	12287349	12287906	557
LG1	12288187	12288592	405
LG1	12288757	12289339	582
LG1	12291042	12291484	442
LG1	12291655	12293147	1492
LG1	12293750	12298327	4577
LG1	12299681	12300281	600
LG1	12302528	12302646	118
LG1	12303449	12303545	96
LG1	12303606	12304178	572
LG1	12304329	12305050	721
LG1	12305130	12306896	1766
LG1	12307967	12308403	436
LG1	12308550	12308771	221
LG1	12310711	12313683	2972
LG1	12315877	12317836	1959
LG1	12318075	12318662	587
LG1	12318705	12318892	187
LG1	12319051	12320229	1178
LG1	12320561	12321093	532
LG1	12322624	12322626	2
LG1	12322627	12322793	166
LG1	12324166	12324916	750
LG1	12324970	12325510	540
LG1	12325846	12325911	65
LG1	12327638	12329426	1788
LG1	12329837	12330044	207
LG1	12330182	12330927	745
LG1	12331359	12332134	775
LG1	12332137	12332881	744
LG1	12332947	12334589	1642
LG1	12335913	12336657	744
LG1	12337224	12337814	590
LG1	12342157	12342314	157
LG1	12342866	12343113	247
LG1	12343151	12344049	898
LG1	12345390	12345826	436
LG1	12346000	12346064	64
LG1	12346265	12346919	654
LG1	12346971	12347553	582
LG1	12347652	12348057	405
LG1	12349489	12350311	822
LG1	12350365	12350855	490
LG1	12352338	12352470	132
LG1	12352609	12353130	521
LG1	12353181	12354110	929
LG1	12354122	12356733	2611
LG1	12356755	12357502	747
LG1	12357593	12358090	497
LG1	12358139	12358209	70
LG1	12359217	12359749	532
LG1	12361416	12361949	533
LG1	12364183	12364859	676
LG1	12365081	12365142	61
LG1	12378321	12379358	1037
LG1	12380624	12381277	653
LG1	12383441	12384267	826
LG1	12389684	12389812	128
LG1	12390000	12390091	91
LG1	12399788	12399849	61
LG1	12400778	12401051	273
LG1	12401131	12401624	493
LG1	12403145	12403799	654
LG1	12405316	12405855	539
LG1	12407108	12407341	233
LG1	12410021	12410683	662
LG1	12410744	12410968	224
LG1	12411178	12411281	103
LG1	12413666	12413752	86
LG1	12413828	12414840	1012
LG1	12415758	12417762	2004
LG1	12417837	12418969	1132
LG1	12419393	12419721	328
LG1	12419892	12420322	430
LG1	12421256	12422336	1080
LG1	12424954	12425054	100
LG1	12425091	12426140	1049
LG1	12426326	12427182	856
LG1	12427209	12427815	606
LG1	12427965	12428136	171
LG1	12428330	12430961	2631
LG1	12431425	12431698	273
LG1	12432023	12432189	166
LG1	12432228	12432605	377
LG1	12433439	12434034	595
LG1	12436140	12437666	1526
LG1	12439939	12440466	527
LG1	12442449	12443944	1495
LG1	12444872	12445792	920
LG1	12446626	12446999	373
LG1	12447192	12447384	192
LG1	12449660	12449917	257
LG1	12450116	12450915	799
LG1	12456278	12456903	625
LG1	12456944	12457355	411
LG1	12457686	12458157	471
LG1	12458163	12458560	397
LG1	12459916	12460723	807
LG1	12463371	12463634	263
LG1	12464974	12465337	363
LG1	12465506	12466372	866
LG1	12466436	12467084	648
LG1	12467124	12468305	1181
LG1	12468556	12468984	428
LG1	12471487	12472632	1145
LG1	12474909	12475007	98
LG1	12476592	12476814	222
LG1	12484969	12485163	194
LG1	12496949	12498666	1717
LG1	12498751	12500323	1572
LG1	12500340	12501116	776
LG1	12501861	12502211	350
LG1	12502321	12502446	125
LG1	12503339	12503911	572
LG1	12504493	12504789	296
LG1	12505502	12505667	165
LG1	12505974	12506645	671
LG1	12506688	12506905	217
LG1	12507294	12508087	793
LG1	12508147	12508272	125
LG1	12508565	12510099	1534
LG1	12510265	12512775	2510
LG1	12512881	12513696	815
LG1	12516295	12516774	479
LG1	12517366	12517536	170
LG1	12517955	12518179	224
LG1	12519178	12520906	1728
LG1	12521537	12521819	282
LG1	12522101	12522536	435
LG1	12522653	12523124	471
LG1	12523809	12525146	1337
LG1	12525352	12525930	578
LG1	12527520	12527753	233
LG1	12528918	12529007	89
LG1	12529388	12530100	712
LG1	12531077	12531464	387
LG1	12531745	12532098	353
LG1	12537052	12537555	503
LG1	12537785	12537860	75
LG1	12537870	12538019	149
LG1	12540147	12540403	256
LG1	12541623	12541640	17
LG1	12541670	12542070	400
LG1	12542345	12544281	1936
LG1	12546163	12546347	184
LG1	12546451	12546587	136
LG1	12547558	12548528	970
LG1	12550326	12551226	900
LG1	12551345	12551403	58
LG1	12551586	12552181	595
LG1	12552456	12552498	42
LG1	12553802	12555600	1798
LG1	12555919	12556007	88
LG1	12556286	12556501	215
LG1	12558087	12559521	1434
LG1	12560098	12560298	200
LG1	12562190	12562493	303
LG1	12562564	12563560	996
LG1	12566824	12568070	1246
LG1	12570025	12570064	39
LG1	12570615	12571685	1070
LG1	12573866	12574872	1006
LG1	12574922	12576391	1469
LG1	12576411	12576601	190
LG1	12576666	12577783	1117
LG1	12578041	12578286	245
LG1	12579051	12579353	302
LG1	12579455	12580464	1009
LG1	12580509	12580680	171
LG1	12581973	12582076	103
LG1	12582205	12584348	2143
LG1	12585012	12585453	441
LG1	12585514	12586174	660
LG1	12586356	12587611	1255
LG1	12589190	12590114	924
LG1	12592672	12595128	2456
LG1	12596790	12598146	1356
LG1	12598228	12599260	1032
LG1	12599613	12600422	809
LG1	12601791	12602591	800
LG1	12603509	12603719	210
LG1	12608883	12609612	729
LG1	12609686	12610458	772
LG1	12612249	12612333	84
LG1	12612587	12612825	238
LG1	12613092	12614390	1298
LG1	12614780	12615705	925
LG1	12615742	12619587	3845
LG1	12622455	12623318	863
LG1	12623543	12623740	197
LG1	12623748	12623989	241
LG1	12624405	12624864	459
LG1	12625323	12625536	213
LG1	12626458	12626652	194
LG1	12626773	12626873	100
LG1	12627429	12628009	580
LG1	12631111	12631698	587
LG1	12631704	12632753	1049
LG1	12634060	12634589	529
LG1	12634803	12635240	437
LG1	12636347	12637701	1354
LG1	12638826	12641653	2827
LG1	12642900	12643577	677
LG1	12643586	12643704	118
LG1	12651868	12653264	1396
LG1	12653459	12653952	493
LG1	12654479	12657036	2557
LG1	12657233	12657325	92
LG1	12658922	12659854	932
LG1	12660474	12660722	248
LG1	12661628	12664339	2711
LG1	12665048	12666662	1614
LG1	12667110	12668175	1065
LG1	12668268	12668662	394
LG1	12669140	12669550	410
LG1	12669653	12670197	544
LG1	12670639	12671305	666
LG1	12672117	12672190	73
LG1	12672220	12673493	1273
LG1	12673527	12673987	460
LG1	12676677	12677343	666
LG1	12677588	12680317	2729
LG1	12681351	12681517	166
LG1	12681584	12683217	1633
LG1	12683296	12683941	645
LG1	12686254	12686947	693
LG1	12688684	12689518	834
LG1	12690619	12690946	327
LG1	12692467	12692689	222
LG1	12693267	12693600	333
LG1	12693736	12694889	1153
LG1	12696855	12697996	1141
LG1	12698722	12700618	1896
LG1	12701230	12701581	351
LG1	12704052	12705398	1346
LG1	12706718	12707087	369
LG1	12709028	12710031	1003
LG1	12710147	12712103	1956
LG1	12712904	12713146	242
LG1	12713301	12714984	1683
LG1	12716610	12717601	991
LG1	12718992	12720950	1958
LG1	12725163	12726296	1133
LG1	12726297	12728417	2120
LG1	12728499	12731680	3181
LG1	12731688	12732006	318
LG1	12732063	12732516	453
LG1	12732592	12733207	615
LG1	12735043	12737642	2599
LG1	12737721	12738187	466
LG1	12738449	12740148	1699
LG1	12740273	12740589	316
LG1	12740855	12741231	376
LG1	12741327	12741618	291
LG1	12741695	12742606	911
LG1	12742719	12744014	1295
LG1	12746092	12746679	587
LG1	12746752	12747699	947
LG1	12747793	12748526	733
LG1	12750265	12750364	99
LG1	12750426	12751543	1117
LG1	12753011	12753489	478
LG1	12753490	12754321	831
LG1	12754339	12754449	110
LG1	12754744	12755287	543
LG1	12755330	12755662	332
LG1	12755706	12756456	750
LG1	12756589	12757826	1237
LG1	12757868	12758497	629
LG1	12760123	12760744	621
LG1	12761733	12763404	1671
LG1	12763420	12764436	1016
LG1	12765106	12765237	131
LG1	12766185	12766749	564
LG1	12766852	12767115	263
LG1	12767164	12767806	642
LG1	12768685	12770358	1673
LG1	12770732	12771337	605
LG1	12771362	12772906	1544
LG1	12773498	12773881	383
LG1	12774045	12775569	1524
LG1	12778288	12778844	556
LG1	12778984	12781071	2087
LG1	12781430	12782076	646
LG1	12782867	12785095	2228
LG1	12785304	12787836	2532
LG1	12787845	12788033	188
LG1	12788295	12789027	732
LG1	12789028	12790996	1968
LG1	12791104	12791463	359
LG1	12791508	12791686	178
LG1	12791901	12792176	275
LG1	12792428	12792806	378
LG1	12792862	12797925	5063
LG1	12799702	12799767	65
LG1	12800540	12801519	979
LG1	12801697	12804154	2457
LG1	12804406	12804700	294
LG1	12805419	12805907	488
LG1	12806043	12807267	1224
LG1	12808479	12808636	157
LG1	12808783	12809002	219
LG1	12809278	12810411	1133
LG1	12810629	12811691	1062
LG1	12812366	12813554	1188
LG1	12814120	12815218	1098
LG1	12815327	12815561	234
LG1	12815974	12816678	704
LG1	12816965	12817070	105
LG1	12818600	12818847	247
LG1	12820482	12820557	75
LG1	12820809	12823532	2723
LG1	12823742	12824546	804
LG1	12825672	12826471	799
LG1	12826601	12826786	185
LG1	12826831	12826904	73
LG1	12830572	12830800	228
LG1	12836634	12836860	226
LG1	12839588	12839968	380
LG1	12843451	12843566	115
LG1	12844273	12844644	371
LG1	12846362	12846742	380
LG1	12846988	12847434	446
LG1	12848045	12849884	1839
LG1	12850210	12850331	121
LG1	12850884	12850966	82
LG1	12852033	12852583	550
LG1	12852633	12852869	236
LG1	12853668	12853985	317
LG1	12854013	12854414	401
LG1	12854793	12855254	461
LG1	12859686	12859970	284
LG1	12860993	12861526	533
LG1	12862748	12865955	3207
LG1	12866066	12866803	737
LG1	12867046	12867092	46
LG1	12867212	12867335	123
LG1	12868047	12868582	535
LG1	12869268	12870469	1201
LG1	12870474	12870672	198
LG1	12870962	12871487	525
LG1	12872776	12874736	1960
LG1	12874894	12874971	77
LG1	12875748	12875949	201
LG1	12876926	12877210	284
LG1	12877586	12877916	330
LG1	12882282	12882622	340
LG1	12882720	12883040	320
LG1	12887799	12887914	115
LG1	12887992	12888215	223
LG1	12890116	12890620	504
LG1	12890633	12891188	555
LG1	12892168	12892404	236
LG1	12899656	12899953	297
LG1	12904842	12904957	115
LG1	12907908	12908134	226
LG1	12925566	12926054	488
LG1	12927727	12928138	411
LG1	12930186	12930487	301
LG1	12930763	12934523	3760
LG1	12935460	12937634	2174
LG1	12938388	12939714	1326
LG1	12940371	12940730	359
LG1	12941386	12943896	2510
LG1	12944114	12944624	510
LG1	12944973	12946717	1744
LG1	12946816	12948683	1867
LG1	12948752	12949122	370
LG1	12950764	12950861	97
LG1	12950938	12951640	702
LG1	12957653	12957987	334
LG1	12961215	12961539	324
LG1	12966931	12968498	1567
LG1	12969441	12969800	359
LG1	12970306	12970780	474
LG1	12972390	12973173	783
LG1	12974340	12974702	362
LG1	12977451	12977608	157
LG1	12977755	12977993	238
LG1	12978250	12979117	867
LG1	12979127	12979386	259
LG1	12979855	12980781	926
LG1	12981456	12982645	1189
LG1	12982782	12982857	75
LG1	12983191	12984138	947
LG1	12986127	12986345	218
LG1	12986993	12987275	282
LG1	12987288	12987449	161
LG1	12987736	12987841	105
LG1	12989374	12989621	247
LG1	12991259	12991334	75
LG1	12991590	12994311	2721
LG1	12994525	12995328	803
LG1	12996453	12997563	1110
LG1	12997605	12997680	75
LG1	13001537	13003076	1539
LG1	13004795	13005236	441
LG1	13006813	13007592	779
LG1	13008763	13009113	350
LG1	13011866	13012023	157
LG1	13012170	13012390	220
LG1	13012665	13013791	1126
LG1	13014119	13015454	1335
LG1	13016208	13017397	1189
LG1	13017965	13019407	1442
LG1	13019820	13020525	705
LG1	13020813	13020918	105
LG1	13029029	13029104	75
LG1	13029446	13033106	3660
LG1	13034156	13034353	197
LG1	13034723	13035323	600
LG1	13035543	13035711	168
LG1	13035756	13035829	73
LG1	13037288	13037966	678
LG1	13038490	13039772	1282
LG1	13039849	13040119	270
LG1	13041791	13042690	899
LG1	13044276	13047020	2744
LG1	13048828	13050389	1561
LG1	13050393	13050592	199
LG1	13052135	13054043	1908
LG1	13054736	13054874	138
LG1	13054903	13063382	8479
LG1	13063488	13066612	3124
LG1	13066676	13071837	5161
LG1	13072524	13078256	5732
LG1	13079602	13081547	1945
LG1	13081575	13081777	202
LG1	13082174	13082572	398
LG1	13083863	13085895	2032
LG1	13086089	13089077	2988
LG1	13091569	13091664	95
LG1	13091816	13093405	1589
LG1	13093412	13093454	42
LG1	13095314	13095446	132
LG1	13096143	13098458	2315
LG1	13102123	13102627	504
LG1	13102836	13103039	203
LG1	13103169	13103273	104
LG1	13103497	13108794	5297
LG1	13108922	13110522	1600
LG1	13111212	13112549	1337
LG1	13114416	13114646	230
LG1	13116397	13116450	53
LG1	13116489	13117368	879
LG1	13117537	13120800	3263
LG1	13122361	13124239	1878
LG1	13125063	13125898	835
LG1	13126149	13127291	1142
LG1	13128301	13133159	4858
LG1	13134086	13135012	926
LG1	13135016	13136607	1591
LG1	13137591	13137842	251
LG1	13138234	13139354	1120
LG1	13139669	13139887	218
LG1	13139959	13140614	655
LG1	13140733	13141020	287
LG1	13141072	13142403	1331
LG1	13144444	13145524	1080
LG1	13146024	13146321	297
LG1	13146335	13146917	582
LG1	13147046	13147177	131
LG1	13149739	13150159	420
LG1	13151560	13151935	375
LG1	13152316	13152903	587
LG1	13155215	13155510	295
LG1	13156806	13157685	879
LG1	13158741	13159216	475
LG1	13159795	13160287	492
LG1	13160424	13160536	112
LG1	13160705	13161550	845
LG1	13162441	13162604	163
LG1	13164003	13164403	400
LG1	13165365	13167405	2040
LG1	13167464	13168692	1228
LG1	13169296	13169863	567
LG1	13170000	13171532	1532
LG1	13173204	13174905	1701
LG1	13175409	13176241	832
LG1	13178125	13179002	877
LG1	13179890	13180091	201
LG1	13181726	13185245	3519
LG1	13185676	13185831	155
LG1	13188752	13189685	933
LG1	13189776	13190349	573
LG1	13192004	13192323	319
LG1	13193500	13195887	2387
LG1	13196678	13197185	507
LG1	13198037	13199380	1343
LG1	13199420	13200090	670
LG1	13200093	13200655	562
LG1	13200665	13207291	6626
LG1	13207967	13208165	198
LG1	13209381	13210196	815
LG1	13210355	13211521	1166
LG1	13212936	13213476	540
LG1	13213603	13214644	1041
LG1	13214674	13214757	83
LG1	13221643	13224814	3171
LG1	13227561	13227998	437
LG1	13228414	13228817	403
LG1	13230085	13230458	373
LG1	13230577	13231004	427
LG1	13232449	13235618	3169
LG1	13237109	13238048	939
LG1	13238085	13238193	108
LG1	13238432	13239166	734
LG1	13239303	13239845	542
LG1	13241498	13241660	162
LG1	13241698	13242388	690
LG1	13243926	13244100	174
LG1	13244238	13246930	2692
LG1	13248525	13248704	179
LG1	13249271	13249728	457
LG1	13253837	13254005	168
LG1	13255706	13255818	112
LG1	13255926	13257562	1636
LG1	13257816	13257879	63
LG1	13258729	13259811	1082
LG1	13262845	13264206	1361
LG1	13264845	13264934	89
LG1	13266605	13268110	1505
LG1	13269853	13270168	315
LG1	13272932	13272985	53
LG1	13272996	13273099	103
LG1	13273110	13275662	2552
LG1	13275663	13276424	761
LG1	13278551	13280258	1707
LG1	13281464	13281549	85
LG1	13281633	13282775	1142
LG1	13283695	13283875	180
LG1	13283885	13284262	377
LG1	13284324	13284776	452
LG1	13288618	13288964	346
LG1	13289682	13290187	505
LG1	13290546	13290808	262
LG1	13291748	13291923	175
LG1	13292398	13293025	627
LG1	13296727	13297848	1121
LG1	13301971	13303061	1090
LG1	13303532	13303540	8
LG1	13303551	13303674	123
LG1	13303710	13304514	804
LG1	13305257	13305522	265
LG1	13305585	13306243	658
LG1	13308809	13308987	178
LG1	13309316	13309511	195
LG1	13310269	13310635	366
LG1	13311313	13313541	2228
LG1	13313663	13313810	147
LG1	13313838	13314005	167
LG1	13314806	13316102	1296
LG1	13316386	13316884	498
LG1	13316995	13317410	415
LG1	13317654	13318065	411
LG1	13318128	13318226	98
LG1	13318440	13319036	596
LG1	13320554	13321458	904
LG1	13322717	13322991	274
LG1	13325820	13326333	513
LG1	13326430	13326624	194
LG1	13326803	13327160	357
LG1	13330569	13333445	2876
LG1	13333622	13335231	1609
LG1	13335842	13336309	467
LG1	13338913	13340220	1307
LG1	13340796	13340958	162
LG1	13341471	13341943	472
LG1	13342035	13342723	688
LG1	13342803	13343428	625
LG1	13343492	13344909	1417
LG1	13344959	13345360	401
LG1	13345498	13347963	2465
LG1	13348084	13349131	1047
LG1	13349228	13350053	825
LG1	13350166	13351057	891
LG1	13351322	13352770	1448
LG1	13353680	13354312	632
LG1	13354624	13354872	248
LG1	13354953	13356177	1224
LG1	13356294	13357798	1504
LG1	13358891	13359753	862
LG1	13359775	13361071	1296
LG1	13361428	13361747	319
LG1	13362377	13363466	1089
LG1	13363719	13363897	178
LG1	13363918	13364650	732
LG1	13365404	13365600	196
LG1	13365611	13366697	1086
LG1	13368234	13369170	936
LG1	13369250	13369339	89
LG1	13369340	13370544	1204
LG1	13370765	13373553	2788
LG1	13375127	13376935	1808
LG1	13377029	13377078	49
LG1	13377340	13377500	160
LG1	13378112	13378506	394
LG1	13378657	13378770	113
LG1	13378975	13382619	3644
LG1	13383588	13384079	491
LG1	13386993	13388179	1186
LG1	13391687	13392358	671
LG1	13393877	13395394	1517
LG1	13395493	13396279	786
LG1	13396291	13396478	187
LG1	13397982	13400152	2170
LG1	13400167	13400360	193
LG1	13401015	13401985	970
LG1	13402078	13402947	869
LG1	13403997	13404795	798
LG1	13404813	13405289	476
LG1	13405991	13406158	167
LG1	13406334	13406642	308
LG1	13406758	13407086	328
LG1	13408511	13409099	588
LG1	13409260	13410068	808
LG1	13411184	13412371	1187
LG1	13412403	13413895	1492
LG1	13413950	13414571	621
LG1	13415052	13415229	177
LG1	13415455	13416299	844
LG1	13416610	13416755	145
LG1	13421502	13421550	48
LG1	13421789	13421935	146
LG1	13423536	13424033	497
LG1	13424060	13424596	536
LG1	13424815	13425028	213
LG1	13425375	13428891	3516
LG1	13429678	13430157	479
LG1	13430328	13431068	740
LG1	13431298	13431983	685
LG1	13432446	13433157	711
LG1	13435105	13436967	1862
LG1	13437143	13438903	1760
LG1	13439760	13440003	243
LG1	13441184	13441671	487
LG1	13441912	13442111	199
LG1	13442114	13442257	143
LG1	13442318	13442581	263
LG1	13442669	13443104	435
LG1	13445210	13445785	575
LG1	13447453	13447584	131
LG1	13449589	13450348	759
LG1	13450554	13450921	367
LG1	13450998	13451767	769
LG1	13451884	13452383	499
LG1	13452489	13452600	111
LG1	13452717	13453329	612
LG1	13455957	13456199	242
LG1	13458085	13459306	1221
LG1	13459971	13461295	1324
LG1	13461408	13462686	1278
LG1	13462971	13463682	711
LG1	13464188	13464463	275
LG1	13464696	13465108	412
LG1	13465473	13465971	498
LG1	13466325	13467787	1462
LG1	13469113	13469376	263
LG1	13469614	13469895	281
LG1	13469915	13472844	2929
LG1	13475734	13476474	740
LG1	13476815	13477342	527
LG1	13477621	13478062	441
LG1	13478125	13478716	591
LG1	13478756	13478950	194
LG1	13478991	13480351	1360
LG1	13481904	13482513	609
LG1	13484366	13485449	1083
LG1	13489011	13490123	1112
LG1	13493407	13494152	745
LG1	13495293	13495715	422
LG1	13495893	13496703	810
LG1	13497004	13497460	456
LG1	13497679	13498594	915
LG1	13499982	13500064	82
LG1	13501526	13502987	1461
LG1	13503212	13503791	579
LG1	13503910	13504171	261
LG1	13505220	13505631	411
LG1	13505699	13506217	518
LG1	13506338	13506885	547
LG1	13507963	13510504	2541
LG1	13510656	13512355	1699
LG1	13512487	13514389	1902
LG1	13514728	13514824	96
LG1	13514889	13516295	1406
LG1	13516543	13520936	4393
LG1	13522595	13523517	922
LG1	13526495	13527057	562
LG1	13528563	13529043	480
LG1	13529176	13529668	492
LG1	13532646	13534197	1551
LG1	13534598	13534861	263
LG1	13534865	13535121	256
LG1	13535162	13535456	294
LG1	13535528	13535721	193
LG1	13536505	13536758	253
LG1	13537675	13539739	2064
LG1	13541059	13542399	1340
LG1	13542868	13543701	833
LG1	13543712	13543973	261
LG1	13544842	13545431	589
LG1	13545526	13545618	92
LG1	13545971	13547493	1522
LG1	13547525	13547833	308
LG1	13547864	13548127	263
LG1	13548826	13549764	938
LG1	13550001	13550568	567
LG1	13553258	13553649	391
LG1	13555185	13555902	717
LG1	13556027	13556715	688
LG1	13556764	13560633	3869
LG1	13560808	13561209	401
LG1	13561901	13562362	461
LG1	13563419	13564041	622
LG1	13564044	13564299	255
LG1	13565086	13565476	390
LG1	13565521	13566125	604
LG1	13574372	13574583	211
LG1	13574587	13574716	129
LG1	13574726	13575080	354
LG1	13575106	13575323	217
LG1	13575338	13576121	783
LG1	13576173	13576321	148
LG1	13577124	13577332	208
LG1	13577340	13577622	282
LG1	13577751	13578433	682
LG1	13578609	13579124	515
LG1	13586680	13586797	117
LG1	13588192	13588416	224
LG1	13588483	13588780	297
LG1	13588801	13589014	213
LG1	13589203	13589806	603
LG1	13591134	13591649	515
LG1	13591824	13593133	1309
LG1	13593937	13594925	988
LG1	13594946	13595770	824
LG1	13597163	13597280	117
LG1	13601875	13602137	262
LG1	13602175	13602539	364
LG1	13604475	13605440	965
LG1	13605727	13606726	999
LG1	13609436	13609954	518
LG1	13610762	13611663	901
LG1	13611959	13612568	609
LG1	13615803	13617054	1251
LG1	13617204	13618021	817
LG1	13618054	13619064	1010
LG1	13619167	13621148	1981
LG1	13623004	13623276	272
LG1	13627435	13627658	223
LG1	13631291	13633196	1905
LG1	13633261	13634837	1576
LG1	13634859	13634976	117
LG1	13635142	13636536	1394
LG1	13636538	13637746	1208
LG1	13639619	13640527	908
LG1	13640661	13640712	51
LG1	13641011	13642000	989
LG1	13642524	13643834	1310
LG1	13643923	13644721	798
LG1	13644724	13644880	156
LG1	13646529	13646667	138
LG1	13648295	13649042	747
LG1	13651395	13652506	1111
LG1	13654356	13654700	344
LG1	13655224	13655670	446
LG1	13657043	13659286	2243
LG1	13660554	13662087	1533
LG1	13662657	13662947	290
LG1	13663464	13664656	1192
LG1	13664693	13664981	288
LG1	13666315	13667459	1144
LG1	13667509	13667985	476
LG1	13669188	13670053	865
LG1	13671143	13672408	1265
LG1	13672713	13673416	703
LG1	13673512	13675076	1564
LG1	13676345	13676779	434
LG1	13676962	13677885	923
LG1	13677967	13678805	838
LG1	13680267	13681532	1265
LG1	13681541	13682550	1009
LG1	13683969	13684562	593
LG1	13685019	13685798	779
LG1	13685966	13687205	1239
LG1	13687349	13687399	50
LG1	13687802	13688729	927
LG1	13688875	13689429	554
LG1	13690416	13690486	70
LG1	13690654	13691977	1323
LG1	13692037	13693663	1626
LG1	13693977	13694380	403
LG1	13694687	13695443	756
LG1	13695485	13696396	911
LG1	13696473	13696651	178
LG1	13697333	13698257	924
LG1	13698367	13699114	747
LG1	13699233	13699970	737
LG1	13700446	13700573	127
LG1	13701543	13701815	272
LG1	13703832	13705114	1282
LG1	13705673	13705911	238
LG1	13706997	13707297	300
LG1	13707664	13708837	1173
LG1	13710236	13710931	695
LG1	13711007	13711084	77
LG1	13711166	13711522	356
LG1	13713127	13714118	991
LG1	13714428	13715178	750
LG1	13717110	13719777	2667
LG1	13719974	13722423	2449
LG1	13722565	13723571	1006
LG1	13723652	13724850	1198
LG1	13725055	13725145	90
LG1	13725162	13725184	22
LG1	13725229	13725414	185
LG1	13726121	13727246	1125
LG1	13727505	13728066	561
LG1	13728423	13728524	101
LG1	13728563	13729899	1336
LG1	13731109	13731458	349
LG1	13731580	13731922	342
LG1	13732317	13732467	150
LG1	13733211	13735068	1857
LG1	13736907	13737554	647
LG1	13738335	13738453	118
LG1	13739494	13739794	300
LG1	13740282	13740366	84
LG1	13741912	13742130	218
LG1	13742140	13742627	487
LG1	13743070	13744278	1208
LG1	13744435	13745042	607
LG1	13745714	13746874	1160
LG1	13747746	13750375	2629
LG1	13751939	13752918	979
LG1	13754205	13754926	721
LG1	13756619	13756807	188
LG1	13756885	13757748	863
LG1	13760724	13761530	806
LG1	13761583	13761778	195
LG1	13761814	13762094	280
LG1	13762117	13762878	761
LG1	13764614	13766141	1527
LG1	13766182	13766659	477
LG1	13767056	13767186	130
LG1	13768003	13768721	718
LG1	13769711	13770015	304
LG1	13770083	13771032	949
LG1	13771200	13771337	137
LG1	13771531	13771605	74
LG1	13772132	13772682	550
LG1	13773030	13773334	304
LG1	13775485	13775939	454
LG1	13777760	13778146	386
LG1	13778502	13778997	495
LG1	13780162	13780738	576
LG1	13781698	13781905	207
LG1	13782668	13782915	247
LG1	13782955	13784215	1260
LG1	13784529	13785091	562
LG1	13785155	13785470	315
LG1	13786123	13786661	538
LG1	13786738	13786921	183
LG1	13787313	13787735	422
LG1	13788155	13788412	257
LG1	13789546	13790614	1068
LG1	13798197	13798318	121
LG1	13799609	13799996	387
LG1	13802766	13802872	106
LG1	13811546	13811661	115
LG1	13823123	13823238	115
LG1	13831491	13831606	115
LG1	13834385	13834500	115
LG1	13839077	13839192	115
LG1	13853562	13853677	115
LG1	13856933	13857259	326
LG1	13857667	13857920	253
LG1	13858894	13859094	200
LG1	13859871	13859948	77
LG1	13860107	13862056	1949
LG1	13863347	13863872	525
LG1	13864163	13864361	198
LG1	13864366	13865573	1207
LG1	13866242	13866906	664
LG1	13867008	13867063	55
LG1	13867312	13868625	1313
LG1	13868637	13869791	1154
LG1	13870444	13871076	632
LG1	13877337	13877671	334
LG1	13880911	13881219	308
LG1	13915934	13916041	107
LG1	13920788	13921107	319
LG1	13921205	13921559	354
LG1	13923617	13924014	397
LG1	13924323	13924607	284
LG1	13925583	13925784	201
LG1	13926561	13926638	77
LG1	13926797	13928756	1959
LG1	13930047	13930572	525
LG1	13930864	13931062	198
LG1	13931067	13932266	1199
LG1	13932898	13933612	714
LG1	13933724	13933770	46
LG1	13934019	13938061	4042
LG1	13939271	13939830	559
LG1	13939932	13940219	287
LG1	13944650	13945154	504
LG1	13945240	13945319	79
LG1	13945477	13945886	409
LG1	13945914	13946241	327
LG1	13947065	13947301	236
LG1	13947352	13947910	558
LG1	13948680	13948762	82
LG1	13949315	13949436	121
LG1	13949711	13951628	1917
LG1	13952239	13952685	446
LG1	13952967	13953356	389
LG1	13955089	13955460	371
LG1	13956168	13956283	115
LG1	13957680	13957984	304
LG1	13958100	13958440	340
LG1	13958563	13958630	67
LG1	13958789	13958912	123
LG1	13958965	13959097	132
LG1	13959111	13962249	3138
LG1	13962693	13962912	219
LG1	13963642	13964347	705
LG1	13964394	13965520	1126
LG1	13966506	13966797	291
LG1	13967061	13968810	1749
LG1	13969003	13969082	79
LG1	13970169	13970597	428
LG1	13971376	13972312	936
LG1	13972403	13972633	230
LG1	13974356	13974538	182
LG1	13974709	13975405	696
LG1	13976564	13976985	421
LG1	13977138	13978018	880
LG1	13980326	13980914	588
LG1	13980953	13981319	366
LG1	13983508	13984222	714
LG1	13985930	13987111	1181
LG1	13987378	13988188	810
LG1	13989140	13989282	142
LG1	13989560	13989714	154
LG1	13990042	13990167	125
LG1	13991439	13992007	568
LG1	13992018	13992427	409
LG1	13993376	13993841	465
LG1	13999712	14000246	534
LG1	14000322	14000450	128
LG1	14001790	14001962	172
LG1	14003021	14003132	111
LG1	14003490	14004348	858
LG1	14004384	14004545	161
LG1	14005617	14007647	2030
LG1	14008625	14008762	137
LG1	14008801	14008962	161
LG1	14009373	14010373	1000
LG1	14011271	14012294	1023
LG1	14012630	14013831	1201
LG1	14014048	14014206	158
LG1	14016036	14016313	277
LG1	14016790	14016946	156
LG1	14017164	14017452	288
LG1	14018331	14018635	304
LG1	14020099	14020445	346
LG1	14021074	14021763	689
LG1	14023725	14024178	453
LG1	14024186	14025631	1445
LG1	14025709	14026837	1128
LG1	14028116	14029331	1215
LG1	14029479	14029781	302
LG1	14030465	14031206	741
LG1	14032531	14032836	305
LG1	14032963	14033723	760
LG1	14033844	14034198	354
LG1	14034404	14034649	245
LG1	14034869	14035137	268
LG1	14035541	14035730	189
LG1	14035836	14036924	1088
LG1	14042299	14050399	8100
LG1	14050611	14050819	208
LG1	14051093	14051378	285
LG1	14052359	14052659	300
LG1	14054727	14055266	539
LG1	14055334	14055772	438
LG1	14057007	14057415	408
LG1	14058268	14058760	492
LG1	14060014	14060357	343
LG1	14063898	14065377	1479
LG1	14066213	14066663	450
LG1	14067746	14068417	671
LG1	14068541	14068834	293
LG1	14071072	14071642	570
LG1	14071670	14072236	566
LG1	14073124	14074608	1484
LG1	14075250	14075464	214
LG1	14079993	14080174	181
LG1	14081588	14082581	993
LG1	14083911	14084307	396
LG1	14084595	14086107	1512
LG1	14087653	14087879	226
LG1	14088924	14089240	316
LG1	14089344	14089736	392
LG1	14090056	14090588	532
LG1	14090841	14091565	724
LG1	14091939	14092376	437
LG1	14095019	14095430	411
LG1	14096260	14096561	301
LG1	14096622	14098955	2333
LG1	14100298	14100615	317
LG1	14101697	14101974	277
LG1	14102082	14103449	1367
LG1	14103778	14104013	235
LG1	14104230	14104791	561
LG1	14105191	14105254	63
LG1	14105319	14105494	175
LG1	14105595	14105872	277
LG1	14106651	14106862	211
LG1	14107009	14107454	445
LG1	14107777	14108148	371
LG1	14109191	14109417	226
LG1	14109537	14110200	663
LG1	14110713	14110848	135
LG1	14110921	14111235	314
LG1	14111297	14111506	209
LG1	14111674	14111919	245
LG1	14114226	14114319	93
LG1	14114325	14114700	375
LG1	14117123	14117623	500
LG1	14117946	14118375	429
LG1	14118442	14118560	118
LG1	14119664	14120182	518
LG1	14123428	14123725	297
LG1	14123924	14124188	264
LG1	14124442	14125325	883
LG1	14127664	14129543	1879
LG1	14129559	14129811	252
LG1	14129979	14130469	490
LG1	14142949	14143135	186
LG1	14143176	14143296	120
LG1	14143622	14143674	52
LG1	14144151	14144851	700
LG1	14145697	14146073	376
LG1	14146163	14146472	309
LG1	14146895	14147411	516
LG1	14147441	14147644	203
LG1	14149031	14149373	342
LG1	14151826	14151908	82
LG1	14152100	14152763	663
LG1	14153296	14153414	118
LG1	14153738	14154094	356
LG1	14155543	14155863	320
LG1	14155981	14156664	683
LG1	14156729	14156968	239
LG1	14156994	14157251	257
LG1	14159448	14159935	487
LG1	14161664	14162260	596
LG1	14163077	14163277	200
LG1	14163807	14164229	422
LG1	14167585	14167676	91
LG1	14170890	14171260	370
LG1	14171486	14171536	50
LG1	14173239	14173622	383
LG1	14174193	14174367	174
LG1	14174372	14174385	13
LG1	14174505	14174996	491
LG1	14181479	14182159	680
LG1	14183862	14184093	231
LG1	14184226	14186181	1955
LG1	14194234	14194964	730
LG1	14196862	14197502	640
LG1	14197561	14197659	98
LG1	14197729	14197911	182
LG1	14200137	14200575	438
LG1	14200760	14201680	920
LG1	14201856	14202062	206
LG1	14202606	14203307	701
LG1	14203365	14203878	513
LG1	14211088	14211187	99
LG1	14211196	14211646	450
LG1	14211719	14211966	247
LG1	14212419	14212646	227
LG1	14217584	14217671	87
LG1	14217871	14218160	289
LG1	14218446	14218570	124
LG1	14219450	14219867	417
LG1	14219871	14220821	950
LG1	14220840	14220916	76
LG1	14221416	14221517	101
LG1	14221742	14221906	164
LG1	14222075	14222421	346
LG1	14223351	14223590	239
LG1	14223940	14224366	426
LG1	14224540	14224743	203
LG1	14224762	14224882	120
LG1	14224956	14225194	238
LG1	14225432	14225838	406
LG1	14229555	14229874	319
LG1	14230044	14230292	248
LG1	14230474	14230864	390
LG1	14232101	14232487	386
LG1	14232530	14232635	105
LG1	14232954	14233608	654
LG1	14233623	14233716	93
LG1	14233893	14234414	521
LG1	14234558	14234674	116
LG1	14237537	14237711	174
LG1	14237797	14238576	779
LG1	14241809	14242373	564
LG1	14243261	14243352	91
LG1	14243801	14244181	380
LG1	14244190	14245146	956
LG1	14245443	14246429	986
LG1	14246519	14247456	937
LG1	14247502	14248409	907
LG1	14249285	14250281	996
LG1	14250294	14250598	304
LG1	14250924	14251063	139
LG1	14251398	14251980	582
LG1	14253244	14253376	132
LG1	14254354	14254543	189
LG1	14256246	14256637	391
LG1	14256732	14257037	305
LG1	14257415	14258108	693
LG1	14260180	14261348	1168
LG1	14261534	14261943	409
LG1	14262118	14263067	949
LG1	14263375	14263567	192
LG1	14263594	14263853	259
LG1	14264863	14266404	1541
LG1	14269114	14269734	620
LG1	14269770	14270162	392
LG1	14274570	14274901	331
LG1	14276642	14277678	1036
LG1	14277832	14278042	210
LG1	14278113	14278566	453
LG1	14278607	14279051	444
LG1	14281255	14282034	779
LG1	14282938	14284063	1125
LG1	14284169	14286961	2792
LG1	14287129	14287713	584
LG1	14289480	14290197	717
LG1	14290577	14290799	222
LG1	14291266	14291515	249
LG1	14291529	14292021	492
LG1	14297757	14298335	578
LG1	14302109	14302957	848
LG1	14304806	14305049	243
LG1	14306874	14307118	244
LG1	14312940	14313105	165
LG1	14313478	14313814	336
LG1	14314434	14314949	515
LG1	14315702	14316100	398
LG1	14316938	14317153	215
LG1	14317425	14317805	380
LG1	14321901	14321994	93
LG1	14323112	14323302	190
LG1	14324868	14324974	106
LG1	14325100	14325533	433
LG1	14325588	14325763	175
LG1	14325962	14326799	837
LG1	14330767	14330939	172
LG1	14335214	14336639	1425
LG1	14338887	14339363	476
LG1	14343851	14344037	186
LG1	14351948	14352230	282
LG1	14352885	14353172	287
LG1	14353215	14355009	1794
LG1	14359599	14359839	240
LG1	14360580	14361156	576
LG1	14361355	14361530	175
LG1	14361585	14361956	371
LG1	14366362	14366644	282
LG1	14368055	14370094	2039
LG1	14379202	14379418	216
LG1	14382376	14382661	285
LG1	14382802	14382913	111
LG1	14383390	14383406	16
LG1	14383412	14383932	520
LG1	14383942	14384466	524
LG1	14384490	14385175	685
LG1	14385215	14385673	458
LG1	14385713	14386205	492
LG1	14386298	14386444	146
LG1	14392688	14393049	361
LG1	14395071	14395420	349
LG1	14397500	14398110	610
LG1	14398126	14399797	1671
LG1	14402125	14402842	717
LG1	14404762	14405280	518
LG1	14408115	14408473	358
LG1	14409652	14409737	85
LG1	14410083	14410286	203
LG1	14410393	14410879	486
LG1	14410986	14411122	136
LG1	14411196	14411369	173
LG1	14411520	14412099	579
LG1	14419633	14420124	491
LG1	14422508	14423039	531
LG1	14423646	14424097	451
LG1	14424308	14424546	238
LG1	14424560	14424588	28
LG1	14424611	14425298	687
LG1	14426312	14426805	493
LG1	14427146	14427294	148
LG1	14427809	14427967	158
LG1	14427970	14428222	252
LG1	14428357	14428477	120
LG1	14428619	14429065	446
LG1	14430731	14431386	655
LG1	14431439	14432110	671
LG1	14434372	14436132	1760
LG1	14436633	14437391	758
LG1	14437401	14437853	452
LG1	14439591	14440116	525
LG1	14440468	14440895	427
LG1	14441369	14441590	221
LG1	14442489	14442788	299
LG1	14443443	14444233	790
LG1	14444664	14444849	185
LG1	14445760	14446486	726
LG1	14447966	14449086	1120
LG1	14450490	14450997	507
LG1	14452842	14453141	299
LG1	14453251	14453257	6
LG1	14453384	14455604	2220
LG1	14455659	14456101	442
LG1	14456232	14456274	42
LG1	14456359	14458106	1747
LG1	14458235	14459141	906
LG1	14459293	14459341	48
LG1	14459528	14460725	1197
LG1	14462085	14462138	53
LG1	14462638	14462704	66
LG1	14463034	14464221	1187
LG1	14465012	14465515	503
LG1	14467639	14467832	193
LG1	14467863	14468213	350
LG1	14468328	14469457	1129
LG1	14469745	14471711	1966
LG1	14471757	14472609	852
LG1	14472667	14473831	1164
LG1	14473922	14474139	217
LG1	14474367	14474586	219
LG1	14474588	14479168	4580
LG1	14479451	14480106	655
LG1	14480170	14481523	1353
LG1	14481695	14484017	2322
LG1	14484133	14484539	406
LG1	14484613	14484960	347
LG1	14485304	14486066	762
LG1	14486431	14486646	215
LG1	14486767	14487013	246
LG1	14487180	14489746	2566
LG1	14490582	14491547	965
LG1	14493348	14494220	872
LG1	14495541	14497086	1545
LG1	14499012	14499697	685
LG1	14501514	14503016	1502
LG1	14504759	14504943	184
LG1	14505150	14505503	353
LG1	14505550	14505641	91
LG1	14505720	14506110	390
LG1	14508278	14508870	592
LG1	14510415	14511048	633
LG1	14513703	14514171	468
LG1	14516673	14517218	545
LG1	14517287	14517664	377
LG1	14517827	14517964	137
LG1	14518117	14518273	156
LG1	14518363	14518921	558
LG1	14518980	14519417	437
LG1	14519514	14519602	88
LG1	14520028	14520550	522
LG1	14521641	14522136	495
LG1	14522265	14522925	660
LG1	14523612	14526324	2712
LG1	14526494	14526850	356
LG1	14528096	14528965	869
LG1	14529041	14529810	769
LG1	14529824	14532212	2388
LG1	14532340	14532816	476
LG1	14532924	14533090	166
LG1	14534271	14535517	1246
LG1	14535892	14536415	523
LG1	14538238	14540336	2098
LG1	14540480	14540725	245
LG1	14541020	14541622	602
LG1	14545421	14547090	1669
LG1	14547719	14550501	2782
LG1	14550564	14551818	1254
LG1	14553985	14555368	1383
LG1	14557144	14558011	867
LG1	14559385	14560077	692
LG1	14561150	14561635	485
LG1	14561803	14562183	380
LG1	14562551	14563577	1026
LG1	14563628	14563885	257
LG1	14564305	14564522	217
LG1	14564814	14565004	190
LG1	14565381	14565972	591
LG1	14566207	14567133	926
LG1	14570060	14570839	779
LG1	14571745	14572107	362
LG1	14572921	14573749	828
LG1	14573850	14574039	189
LG1	14574329	14574520	191
LG1	14574736	14574911	175
LG1	14575073	14575338	265
LG1	14575420	14576032	612
LG1	14578570	14578925	355
LG1	14580371	14580530	159
LG1	14581221	14581980	759
LG1	14583031	14583270	239
LG1	14583353	14583760	407
LG1	14585700	14585756	56
LG1	14585974	14586534	560
LG1	14587274	14587706	432
LG1	14589938	14590213	275
LG1	14590269	14591225	956
LG1	14592971	14593525	554
LG1	14594514	14595116	602
LG1	14595338	14595482	144
LG1	14595531	14595619	88
LG1	14595707	14595902	195
LG1	14596094	14596424	330
LG1	14596867	14597451	584
LG1	14597581	14597663	82
LG1	14597923	14598162	239
LG1	14598295	14598880	585
LG1	14600049	14600300	251
LG1	14600372	14600737	365
LG1	14600836	14601743	907
LG1	14603393	14603687	294
LG1	14603812	14604039	227
LG1	14605083	14605118	35
LG1	14605242	14605584	342
LG1	14605625	14605763	138
LG1	14605858	14606703	845
LG1	14607956	14608254	298
LG1	14608558	14608765	207
LG1	14608849	14609207	358
LG1	14609322	14609529	207
LG1	14609669	14609894	225
LG1	14610042	14610717	675
LG1	14611134	14611645	511
LG1	14612736	14613683	947
LG1	14613878	14614084	206
LG1	14614758	14614925	167
LG1	14615003	14615215	212
LG1	14615480	14617004	1524
LG1	14617954	14618960	1006
LG1	14619423	14620396	973
LG1	14620505	14622030	1525
LG1	14622108	14622693	585
LG1	14622768	14623163	395
LG1	14623412	14623667	255
LG1	14624909	14625698	789
LG1	14625788	14626017	229
LG1	14626970	14627091	121
LG1	14631636	14633506	1870
LG1	14633558	14635486	1928
LG1	14635831	14637515	1684
LG1	14637638	14644850	7212
LG1	14644887	14645041	154
LG1	14646016	14646119	103
LG1	14646963	14653413	6450
LG1	14653622	14654018	396
LG1	14654053	14659414	5361
LG1	14659552	14666091	6539
LG1	14666347	14666503	156
LG1	14666604	14666760	156
LG1	14668422	14668480	58
LG1	14668515	14671059	2544
LG1	14671354	14671985	631
LG1	14672988	14675768	2780
LG1	14675798	14679813	4015
LG1	14679834	14682841	3007
LG1	14682956	14685832	2876
LG1	14686822	14689718	2896
LG1	14689783	14692620	2837
LG1	14693881	14699428	5547
LG1	14700462	14701293	831
LG1	14701294	14701518	224
LG1	14701612	14701711	99
LG1	14701780	14703127	1347
LG1	14703153	14704160	1007
LG1	14704191	14705007	816
LG1	14705823	14706284	461
LG1	14706574	14709753	3179
LG1	14711589	14711901	312
LG1	14712390	14713076	686
LG1	14713242	14713606	364
LG1	14714037	14714290	253
LG1	14714804	14714918	114
LG1	14715091	14715796	705
LG1	14717075	14717652	577
LG1	14718847	14721833	2986
LG1	14723106	14727162	4056
LG1	14729313	14730077	764
LG1	14730103	14730991	888
LG1	14731616	14733404	1788
LG1	14733468	14734114	646
LG1	14734292	14734299	7
LG1	14734576	14734987	411
LG1	14735073	14735402	329
LG1	14735723	14736360	637
LG1	14738581	14739967	1386
LG1	14741648	14742949	1301
LG1	14744988	14745693	705
LG1	14746373	14747772	1399
LG1	14749635	14750112	477
LG1	14750117	14750463	346
LG1	14751306	14752449	1143
LG1	14752477	14752848	371
LG1	14754798	14754892	94
LG1	14755274	14755410	136
LG1	14755800	14756279	479
LG1	14758145	14760796	2651
LG1	14761853	14764981	3128
LG1	14766995	14769490	2495
LG1	14769631	14770019	388
LG1	14770151	14770276	125
LG1	14770340	14770846	506
LG1	14770885	14771087	202
LG1	14772935	14773361	426
LG1	14773421	14773606	185
LG1	14774629	14774745	116
LG1	14774890	14775006	116
LG1	14777171	14778594	1423
LG1	14781552	14781738	186
LG1	14781799	14781947	148
LG1	14782114	14782676	562
LG1	14782883	14783055	172
LG1	14783148	14783244	96
LG1	14783507	14783851	344
LG1	14784008	14784293	285
LG1	14786604	14786823	219
LG1	14788198	14788926	728
LG1	14789035	14790748	1713
LG1	14790879	14792701	1822
LG1	14792749	14793197	448
LG1	14793312	14793519	207
LG1	14793955	14794480	525
LG1	14795313	14795643	330
LG1	14797004	14797356	352
LG1	14797487	14797745	258
LG1	14799425	14800088	663
LG1	14801230	14801449	219
LG1	14801674	14802031	357
LG1	14802081	14802675	594
LG1	14802766	14803265	499
LG1	14803344	14804419	1075
LG1	14805294	14805537	243
LG1	14805633	14806164	531
LG1	14807098	14807358	260
LG1	14810007	14810554	547
LG1	14811419	14812422	1003
LG1	14812570	14813377	807
LG1	14813579	14814283	704
LG1	14814339	14814660	321
LG1	14815312	14815569	257
LG1	14815974	14816642	668
LG1	14816739	14817004	265
LG1	14817175	14817408	233
LG1	14817533	14817759	226
LG1	14818056	14818488	432
LG1	14819179	14820271	1092
LG1	14821802	14822539	737
LG1	14824109	14825154	1045
LG1	14825300	14825803	503
LG1	14826092	14826732	640
LG1	14827999	14829926	1927
LG1	14832301	14833786	1485
LG1	14834841	14837011	2170
LG1	14840159	14841245	1086
LG1	14841804	14842821	1017
LG1	14843774	14847222	3448
LG1	14847969	14849516	1547
LG1	14849706	14851239	1533
LG1	14852584	14853258	674
LG1	14853289	14853642	353
LG1	14853971	14854039	68
LG1	14854173	14854996	823
LG1	14855108	14855634	526
LG1	14855637	14855785	148
LG1	14855987	14858327	2340
LG1	14858438	14861539	3101
LG1	14861566	14862586	1020
LG1	14862610	14863495	885
LG1	14865939	14866168	229
LG1	14866254	14866515	261
LG1	14868614	14869210	596
LG1	14869857	14870034	177
LG1	14870871	14877994	7123
LG1	14878086	14880458	2372
LG1	14880540	14880800	260
LG1	14880980	14881553	573
LG1	14881680	14881874	194
LG1	14882240	14883377	1137
LG1	14883465	14883684	219
LG1	14883804	14884126	322
LG1	14884235	14885071	836
LG1	14885505	14887423	1918
LG1	14887499	14887930	431
LG1	14888095	14889385	1290
LG1	14889406	14889596	190
LG1	14890053	14890168	115
LG1	14891373	14891805	432
LG1	14891896	14893882	1986
LG1	14895233	14896796	1563
LG1	14896909	14897003	94
LG1	14898681	14899386	705
LG1	14900710	14901042	332
LG1	14901063	14901545	482
LG1	14902811	14909894	7083
LG1	14910276	14912975	2699
LG1	14912983	14914199	1216
LG1	14916020	14917178	1158
LG1	14918957	14919693	736
LG1	14921846	14923157	1311
LG1	14926121	14926364	243
LG1	14927299	14928152	853
LG1	14928623	14928973	350
LG1	14929090	14929816	726
LG1	14930040	14930350	310
LG1	14930554	14932026	1472
LG1	14934965	14936653	1688
LG1	14938931	14939340	409
LG1	14942102	14942917	815
LG1	14942921	14943413	492
LG1	14943482	14945096	1614
LG1	14945210	14945548	338
LG1	14946572	14946768	196
LG1	14947825	14947919	94
LG1	14948906	14951392	2486
LG1	14951457	14952392	935
LG1	14952468	14952537	69
LG1	14952730	14953213	483
LG1	14954034	14954100	66
LG1	14954451	14955103	652
LG1	14958597	14959094	497
LG1	14959209	14959651	442
LG1	14960418	14960556	138
LG1	14961143	14962598	1455
LG1	14963559	14964288	729
LG1	14969762	14970144	382
LG1	14970557	14970934	377
LG1	14971450	14971505	55
LG1	14979188	14979328	140
LG1	14979493	14979626	133
LG1	14980903	14981977	1074
LG1	14983367	14984243	876
LG1	14986454	14988265	1811
LG1	14990695	14992208	1513
LG1	14997993	14999098	1105
LG1	14999136	15000779	1643
LG1	15003029	15005207	2178
LG1	15007008	15007466	458
LG1	15008479	15010425	1946
LG1	15013961	15014393	432
LG1	15015482	15016520	1038
LG1	15016675	15017881	1206
LG1	15018137	15018471	334
LG1	15018472	15018490	18
LG1	15018795	15031703	12908
LG1	15031813	15036454	4641
LG1	15036630	15037137	507
LG1	15038139	15039377	1238
LG1	15039379	15039410	31
LG1	15039528	15041626	2098
LG1	15041630	15041911	281
LG1	15042231	15042557	326
LG1	15042618	15046312	3694
LG1	15046408	15046973	565
LG1	15047329	15047601	272
LG1	15047857	15048028	171
LG1	15048089	15049564	1475
LG1	15050993	15051506	513
LG1	15053452	15054214	762
LG1	15057026	15057838	812
LG1	15058153	15058814	661
LG1	15059873	15060080	207
LG1	15060251	15061361	1110
LG1	15062099	15062997	898
LG1	15063820	15064085	265
LG1	15065637	15066209	572
LG1	15066260	15066940	680
LG1	15067878	15068220	342
LG1	15070176	15070414	238
LG1	15070427	15070873	446
LG1	15070985	15073442	2457
LG1	15074644	15075693	1049
LG1	15077013	15077722	709
LG1	15077902	15077986	84
LG1	15078332	15079240	908
LG1	15079425	15079656	231
LG1	15079834	15080022	188
LG1	15080277	15081012	735
LG1	15081274	15081478	204
LG1	15083400	15083872	472
LG1	15083922	15084009	87
LG1	15084012	15084764	752
LG1	15085568	15086443	875
LG1	15087244	15087617	373
LG1	15087896	15088102	206
LG1	15091323	15091431	108
LG1	15092464	15094344	1880
LG1	15094685	15094751	66
LG1	15094859	15095133	274
LG1	15095986	15096232	246
LG1	15097170	15097573	403
LG1	15098007	15098257	250
LG1	15101428	15101600	172
LG1	15105531	15106038	507
LG1	15107850	15109915	2065
LG1	15110492	15112274	1782
LG1	15112956	15115028	2072
LG1	15115072	15115463	391
LG1	15115908	15116287	379
LG1	15116415	15116673	258
LG1	15116692	15117494	802
LG1	15117792	15118820	1028
LG1	15118995	15121905	2910
LG1	15121940	15122419	479
LG1	15122464	15124158	1694
LG1	15125751	15129320	3569
LG1	15129765	15133706	3941
LG1	15133745	15135107	1362
LG1	15135466	15137415	1949
LG1	15138662	15138846	184
LG1	15139035	15139541	506
LG1	15139836	15139919	83
LG1	15140613	15141244	631
LG1	15142274	15145823	3549
LG1	15145981	15146750	769
LG1	15147751	15148091	340
LG1	15148392	15150131	1739
LG1	15151053	15153037	1984
LG1	15153222	15154205	983
LG1	15154223	15154741	518
LG1	15154839	15156991	2152
LG1	15158356	15158978	622
LG1	15159086	15159850	764
LG1	15161194	15162167	973
LG1	15162169	15162260	91
LG1	15165286	15165614	328
LG1	15165616	15165909	293
LG1	15167551	15168942	1391
LG1	15172949	15173418	469
LG1	15173468	15173842	374
LG1	15175002	15175585	583
LG1	15175694	15177217	1523
LG1	15177267	15177713	446
LG1	15177991	15180911	2920
LG1	15181173	15181339	166
LG1	15184327	15184598	271
LG1	15184627	15184671	44
LG1	15184854	15184978	124
LG1	15185043	15185280	237
LG1	15185940	15187592	1652
LG1	15187654	15188430	776
LG1	15188440	15188722	282
LG1	15189222	15189292	70
LG1	15189322	15192490	3168
LG1	15192688	15194540	1852
LG1	15194764	15194981	217
LG1	15195095	15196570	1475
LG1	15197637	15198666	1029
LG1	15199137	15199201	64
LG1	15201273	15201740	467
LG1	15202917	15204658	1741
LG1	15204885	15206780	1895
LG1	15206841	15208566	1725
LG1	15208925	15211481	2556
LG1	15214080	15214973	893
LG1	15216631	15217082	451
LG1	15218233	15218447	214
LG1	15222472	15222560	88
LG1	15224520	15224596	76
LG1	15228085	15228317	232
LG1	15230639	15231132	493
LG1	15232113	15232722	609
LG1	15232912	15233662	750
LG1	15233782	15235897	2115
LG1	15236792	15236993	201
LG1	15238025	15238599	574
LG1	15240596	15241286	690
LG1	15241392	15242224	832
LG1	15242571	15242655	84
LG1	15242710	15243392	682
LG1	15253565	15253950	385
LG1	15257266	15258156	890
LG1	15258266	15258503	237
LG1	15260397	15260991	594
LG1	15262605	15264322	1717
LG1	15264496	15264866	370
LG1	15265423	15265562	139
LG1	15265651	15266699	1048
LG1	15267582	15267729	147
LG1	15268151	15268465	314
LG1	15272809	15273089	280
LG1	15273501	15273902	401
LG1	15278119	15278823	704
LG1	15281316	15281589	273
LG1	15287104	15287479	375
LG1	15288219	15288291	72
LG1	15293381	15293615	234
LG1	15294393	15294892	499
LG1	15297266	15297532	266
LG1	15298031	15298260	229
LG1	15303809	15304324	515
LG1	15306148	15306578	430
LG1	15308553	15308859	306
LG1	15309031	15309619	588
LG1	15310881	15311087	206
LG1	15312386	15312632	246
LG1	15312769	15313217	448
LG1	15316805	15316959	154
LG1	15317085	15318175	1090
LG1	15319982	15320166	184
LG1	15320429	15321099	670
LG1	15321764	15322260	496
LG1	15326816	15327736	920
LG1	15327767	15328589	822
LG1	15332670	15334534	1864
LG1	15334621	15335206	585
LG1	15336201	15336741	540
LG1	15337181	15337385	204
LG1	15339060	15340064	1004
LG1	15340243	15340616	373
LG1	15340760	15341105	345
LG1	15346706	15347125	419
LG1	15349527	15350825	1298
LG1	15357343	15357450	107
LG1	15357454	15357819	365
LG1	15358298	15358907	609
LG1	15364149	15364912	763
LG1	15364976	15366960	1984
LG1	15370679	15370750	71
LG1	15370812	15372705	1893
LG1	15376078	15376676	598
LG1	15377964	15378181	217
LG1	15378431	15379130	699
LG1	15379491	15379609	118
LG1	15380390	15380580	190
LG1	15381346	15381714	368
LG1	15382389	15382633	244
LG1	15382643	15383203	560
LG1	15385479	15385876	397
LG1	15386811	15387238	427
LG1	15388029	15388598	569
LG1	15389142	15389419	277
LG1	15390337	15390777	440
LG1	15396845	15397284	439
LG1	15397533	15398574	1041
LG1	15399787	15400213	426
LG1	15401177	15401975	798
LG1	15402134	15402418	284
LG1	15405010	15405088	78
LG1	15405089	15405661	572
LG1	15407342	15407688	346
LG1	15408018	15408330	312
LG1	15408823	15409259	436
LG1	15409297	15409462	165
LG1	15410233	15410740	507
LG1	15413410	15413913	503
LG1	15414201	15414718	517
LG1	15414783	15415025	242
LG1	15418277	15418380	103
LG1	15419202	15419465	263
LG1	15419492	15420049	557
LG1	15420832	15421124	292
LG1	15423656	15423814	158
LG1	15425334	15426381	1047
LG1	15429821	15430207	386
LG1	15431818	15432032	214
LG1	15432423	15432948	525
LG1	15435107	15435334	227
LG1	15436718	15436826	108
LG1	15444114	15444555	441
LG1	15445294	15445569	275
LG1	15448648	15448729	81
LG1	15449049	15449219	170
LG1	15450011	15450532	521
LG1	15453344	15454309	965
LG1	15458252	15458703	451
LG1	15460604	15461145	541
LG1	15461373	15461462	89
LG1	15464771	15464835	64
LG1	15468720	15471037	2317
LG1	15471755	15471973	218
LG1	15472360	15472476	116
LG1	15473233	15473477	244
LG1	15474078	15474576	498
LG1	15474799	15475022	223
LG1	15475342	15475597	255
LG1	15475923	15476083	160
LG1	15478552	15478962	410
LG1	15482504	15483434	930
LG1	15483713	15483909	196
LG1	15484073	15484326	253
LG1	15484487	15485954	1467
LG1	15489134	15489842	708
LG1	15490351	15490708	357
LG1	15492178	15492403	225
LG1	15492881	15493591	710
LG1	15495430	15495870	440
LG1	15496003	15496758	755
LG1	15498759	15499399	640
LG1	15500692	15501500	808
LG1	15501873	15502577	704
LG1	15503200	15504573	1373
LG1	15504645	15507033	2388
LG1	15507101	15507603	502
LG1	15507729	15508196	467
LG1	15508288	15508861	573
LG1	15509011	15509734	723
LG1	15509843	15509910	67
LG1	15510069	15511219	1150
LG1	15511419	15511788	369
LG1	15512193	15513717	1524
LG1	15513803	15514192	389
LG1	15514935	15516707	1772
LG1	15516808	15517725	917
LG1	15517892	15517972	80
LG1	15518890	15520092	1202
LG1	15520620	15520826	206
LG1	15521588	15522138	550
LG1	15527597	15528478	881
LG1	15528503	15529238	735
LG1	15529446	15529806	360
LG1	15529812	15529983	171
LG1	15530754	15531018	264
LG1	15531509	15531894	385
LG1	15533470	15533985	515
LG1	15534102	15534685	583
LG1	15535293	15535533	240
LG1	15536635	15537189	554
LG1	15537738	15538129	391
LG1	15539520	15540170	650
LG1	15541635	15543565	1930
LG1	15543719	15545184	1465
LG1	15545701	15548790	3089
LG1	15549606	15549742	136
LG1	15551172	15553059	1887
LG1	15553777	15554144	367
LG1	15554383	15554476	93
LG1	15554578	15559638	5060
LG1	15559858	15560106	248
LG1	15560308	15561117	809
LG1	15561451	15561867	416
LG1	15562739	15563139	400
LG1	15563200	15563914	714
LG1	15573795	15573997	202
LG1	15575326	15576136	810
LG1	15578229	15579241	1012
LG1	15581071	15581290	219
LG1	15581413	15581601	188
LG1	15581736	15582228	492
LG1	15582306	15583004	698
LG1	15585355	15585842	487
LG1	15586831	15587277	446
LG1	15587514	15588272	758
LG1	15588297	15589468	1171
LG1	15589504	15589630	126
LG1	15593389	15595095	1706
LG1	15595434	15595695	261
LG1	15595803	15595937	134
LG1	15596132	15596886	754
LG1	15596891	15597883	992
LG1	15598051	15598102	51
LG1	15598177	15598758	581
LG1	15599332	15600776	1444
LG1	15600892	15601917	1025
LG1	15602434	15602678	244
LG1	15603174	15603346	172
LG1	15604637	15604936	299
LG1	15604979	15605269	290
LG1	15608385	15608456	71
LG1	15609194	15610326	1132
LG1	15610783	15611787	1004
LG1	15611902	15612510	608
LG1	15615618	15615882	264
LG1	15616015	15616277	262
LG1	15616487	15616676	189
LG1	15617977	15618178	201
LG1	15618501	15618609	108
LG1	15621862	15622074	212
LG1	15623580	15624067	487
LG1	15624795	15625438	643
LG1	15626459	15626838	379
LG1	15628779	15629462	683
LG1	15629977	15630216	239
LG1	15632330	15632794	464
LG1	15633376	15633853	477
LG1	15634051	15634380	329
LG1	15634512	15634844	332
LG1	15635726	15636579	853
LG1	15637166	15639835	2669
LG1	15641694	15641860	166
LG1	15643408	15643640	232
LG1	15643670	15643776	106
LG1	15644101	15644270	169
LG1	15644319	15645266	947
LG1	15645342	15645465	123
LG1	15645621	15645972	351
LG1	15645993	15646506	513
LG1	15647375	15647709	334
LG1	15647721	15647826	105
LG1	15648723	15649661	938
LG1	15650054	15650164	110
LG1	15651116	15651611	495
LG1	15654224	15654664	440
LG1	15655638	15656943	1305
LG1	15657894	15658438	544
LG1	15659781	15662276	2495
LG1	15662321	15666116	3795
LG1	15667911	15669330	1419
LG1	15669345	15669997	652
LG1	15671142	15671603	461
LG1	15671718	15671859	141
LG1	15672331	15672487	156
LG1	15672648	15673697	1049
LG1	15673908	15675249	1341
LG1	15675277	15676664	1387
LG1	15678600	15679459	859
LG1	15680055	15682605	2550
LG1	15682976	15683354	378
LG1	15685188	15685998	810
LG1	15686890	15687600	710
LG1	15688472	15689041	569
LG1	15691154	15691798	644
LG1	15691809	15691959	150
LG1	15692717	15693618	901
LG1	15693790	15694201	411
LG1	15694708	15696219	1511
LG1	15696779	15697292	513
LG1	15700639	15701073	434
LG1	15702315	15703150	835
LG1	15708274	15710858	2584
LG1	15711644	15711809	165
LG1	15713282	15715037	1755
LG1	15715977	15716207	230
LG1	15716759	15717113	354
LG1	15719518	15720109	591
LG1	15720275	15720975	700
LG1	15721023	15722712	1689
LG1	15722732	15723381	649
LG1	15724538	15725710	1172
LG1	15726021	15727935	1914
LG1	15728746	15730301	1555
LG1	15731262	15732628	1366
LG1	15733304	15734714	1410
LG1	15735487	15736557	1070
LG1	15738731	15739310	579
LG1	15739805	15740487	682
LG1	15742325	15742526	201
LG1	15746864	15749151	2287
LG1	15749226	15749601	375
LG1	15750586	15750898	312
LG1	15751394	15752441	1047
LG1	15752784	15755412	2628
LG1	15755933	15757185	1252
LG1	15757514	15758918	1404
LG1	15758919	15758978	59
LG1	15758979	15759165	186
LG1	15759207	15759228	21
LG1	15759277	15760399	1122
LG1	15760505	15761240	735
LG1	15761310	15761359	49
LG1	15763797	15764951	1154
LG1	15766152	15769873	3721
LG1	15775892	15776647	755
LG1	15777455	15778611	1156
LG1	15778742	15779518	776
LG1	15780929	15781186	257
LG1	15781418	15781623	205
LG1	15782626	15785377	2751
LG1	15785916	15786006	90
LG1	15786027	15786042	15
LG1	15786065	15787422	1357
LG1	15787423	15787510	87
LG1	15789247	15790490	1243
LG1	15790978	15791768	790
LG1	15793084	15793122	38
LG1	15793560	15793953	393
LG1	15795079	15795583	504
LG1	15797030	15797557	527
LG1	15797647	15798315	668
LG1	15798655	15801710	3055
LG1	15802994	15803671	677
LG1	15804578	15804905	327
LG1	15807498	15807883	385
LG1	15808269	15808512	243
LG1	15808859	15808929	70
LG1	15809010	15809515	505
LG1	15812658	15814084	1426
LG1	15817323	15817827	504
LG1	15819104	15819185	81
LG1	15819560	15820460	900
LG1	15837659	15837771	112
LG1	15837797	15837974	177
LG1	15839611	15839868	257
LG1	15841643	15841680	37
LG1	15847044	15848882	1838
LG1	15850093	15850159	66
LG1	15850211	15850394	183
LG1	15852327	15852605	278
LG1	15855702	15856601	899
LG1	15858885	15859680	795
LG1	15866343	15867452	1109
LG1	15867807	15869429	1622
LG1	15870674	15870974	300
LG1	15871427	15871539	112
LG1	15871659	15871903	244
LG1	15872300	15872569	269
LG1	15873649	15874820	1171
LG1	15878256	15878500	244
LG1	15879077	15879450	373
LG1	15883787	15884216	429
LG1	15885805	15885987	182
LG1	15887811	15889052	1241
LG1	15889118	15890663	1545
LG1	15892040	15894844	2804
LG1	15895012	15895069	57
LG1	15896690	15896812	122
LG1	15897046	15898105	1059
LG1	15900714	15901430	716
LG1	15901923	15902241	318
LG1	15903577	15905339	1762
LG1	15908639	15908718	79
LG1	15910131	15910541	410
LG1	15911716	15912459	743
LG1	15912630	15912890	260
LG1	15916709	15917311	602
LG1	15917685	15918069	384
LG1	15918134	15918431	297
LG1	15919515	15919518	3
LG1	15919535	15919689	154
LG1	15920570	15922114	1544
LG1	15922190	15922279	89
LG1	15922325	15922428	103
LG1	15923259	15924242	983
LG1	15926439	15928734	2295
LG1	15929726	15930249	523
LG1	15938189	15938694	505
LG1	15939861	15940163	302
LG1	15940656	15941252	596
LG1	15941379	15941649	270
LG1	15941830	15942417	587
LG1	15943165	15943278	113
LG1	15943369	15944704	1335
LG1	15944760	15945070	310
LG1	15946834	15947124	290
LG1	15948518	15949056	538
LG1	15949329	15949720	391
LG1	15950826	15951994	1168
LG1	15952672	15954677	2005
LG1	15957432	15957737	305
LG1	15958759	15960915	2156
LG1	15961020	15961240	220
LG1	15961249	15961484	235
LG1	15961574	15962178	604
LG1	15964778	15965098	320
LG1	15965320	15975290	9970
LG1	15976245	15979451	3206
LG1	15979755	15981419	1664
LG1	15981906	15982033	127
LG1	15982574	15985158	2584
LG1	15987021	15989804	2783
LG1	15991572	15994190	2618
LG1	15994347	15994667	320
LG1	15996761	15999623	2862
LG1	15999713	16001736	2023
LG1	16001755	16002691	936
LG1	16002796	16004892	2096
LG1	16005527	16005756	229
LG1	16009779	16010744	965
LG1	16010802	16011319	517
LG1	16014332	16014586	254
LG1	16014590	16014986	396
LG1	16016736	16017134	398
LG1	16017149	16020516	3367
LG1	16020523	16024152	3629
LG1	16024365	16029894	5529
LG1	16030268	16030523	255
LG1	16030714	16032437	1723
LG1	16032987	16033265	278
LG1	16034320	16034775	455
LG1	16034962	16036714	1752
LG1	16037567	16038686	1119
LG1	16039022	16039440	418
LG1	16039944	16040273	329
LG1	16040623	16040904	281
LG1	16043028	16043502	474
LG1	16043519	16043549	30
LG1	16043657	16043759	102
LG1	16044361	16044829	468
LG1	16048759	16049392	633
LG1	16052470	16052613	143
LG1	16052648	16052663	15
LG1	16053052	16053654	602
LG1	16053676	16054615	939
LG1	16054627	16055186	559
LG1	16055208	16056923	1715
LG1	16057064	16058696	1632
LG1	16061063	16061772	709
LG1	16061849	16062112	263
LG1	16067074	16067390	316
LG1	16071733	16072395	662
LG1	16074048	16074890	842
LG1	16076137	16076368	231
LG1	16079299	16080237	938
LG1	16080545	16080934	389
LG1	16081095	16081658	563
LG1	16083425	16083484	59
LG1	16085254	16085683	429
LG1	16090341	16091402	1061
LG1	16091859	16092551	692
LG1	16093859	16094596	737
LG1	16095600	16095712	112
LG1	16096137	16096722	585
LG1	16096738	16098105	1367
LG1	16101524	16102230	706
LG1	16104849	16105016	167
LG1	16107293	16109015	1722
LG1	16110832	16112490	1658
LG1	16112528	16112871	343
LG1	16112959	16113243	284
LG1	16113641	16113987	346
LG1	16115422	16117663	2241
LG1	16119329	16120442	1113
LG1	16120746	16122662	1916
LG1	16123462	16125269	1807
LG1	16125359	16126534	1175
LG1	16132896	16133806	910
LG1	16136798	16137604	806
LG1	16139099	16139793	694
LG1	16142981	16143388	407
LG1	16147920	16148004	84
LG1	16148165	16148747	582
LG1	16148835	16149036	201
LG1	16155044	16155660	616
LG1	16159137	16160574	1437
LG1	16161945	16162460	515
LG1	16163559	16164097	538
LG1	16165212	16165322	110
LG1	16169195	16169318	123
LG1	16176576	16177135	559
LG1	16177159	16177390	231
LG1	16177394	16178029	635
LG1	16179199	16180250	1051
LG1	16180540	16181696	1156
LG1	16181816	16182224	408
LG1	16184828	16185608	780
LG1	16187130	16187535	405
LG1	16187765	16187859	94
LG1	16188244	16188457	213
LG1	16191154	16191548	394
LG1	16193625	16194176	551
LG1	16201190	16201474	284
LG1	16202723	16203042	319
LG1	16204486	16205024	538
LG1	16206467	16207050	583
LG1	16208537	16209673	1136
LG1	16209729	16211697	1968
LG1	16211875	16212967	1092
LG1	16213070	16213728	658
LG1	16217077	16217171	94
LG1	16217203	16217719	516
LG1	16219631	16220477	846
LG1	16221611	16222691	1080
LG1	16224419	16226806	2387
LG1	16230011	16230544	533
LG1	16232635	16233401	766
LG1	16235046	16235406	360
LG1	16237881	16238263	382
LG1	16238381	16239856	1475
LG1	16240993	16241191	198
LG1	16245859	16246379	520
LG1	16254779	16256074	1295
LG1	16257453	16258230	777
LG1	16260167	16260457	290
LG1	16261490	16261600	110
LG1	16264395	16264727	332
LG1	16266835	16267151	316
LG1	16267933	16268414	481
LG1	16272314	16273546	1232
LG1	16273845	16273961	116
LG1	16275775	16276593	818
LG1	16279023	16279638	615
LG1	16282461	16282683	222
LG1	16282775	16283357	582
LG1	16284436	16284596	160
LG1	16287965	16288493	528
LG1	16288882	16289997	1115
LG1	16290373	16290557	184
LG1	16294106	16294886	780
LG1	16294968	16295446	478
LG1	16297069	16297150	81
LG1	16297183	16297947	764
LG1	16298364	16299278	914
LG1	16299437	16299497	60
LG1	16299788	16302448	2660
LG1	16307891	16308310	419
LG1	16311724	16311784	60
LG1	16313611	16314817	1206
LG1	16314946	16315395	449
LG1	16316876	16316972	96
LG1	16319266	16322247	2981
LG1	16324340	16325691	1351
LG1	16327151	16327274	123
LG1	16328107	16328277	170
LG1	16330518	16330887	369
LG1	16331554	16331613	59
LG1	16332917	16334510	1593
LG1	16335354	16335763	409
LG1	16339634	16339884	250
LG1	16340015	16340696	681
LG1	16340920	16342532	1612
LG1	16343380	16344566	1186
LG1	16345574	16346282	708
LG1	16346811	16347108	297
LG1	16351899	16352121	222
LG1	16352143	16352519	376
LG1	16352613	16352936	323
LG1	16352980	16353027	47
LG1	16353259	16353874	615
LG1	16355676	16355897	221
LG1	16361357	16361708	351
LG1	16363509	16364087	578
LG1	16364177	16364714	537
LG1	16364743	16365292	549
LG1	16365392	16365771	379
LG1	16366450	16366623	173
LG1	16366820	16367182	362
LG1	16367659	16368131	472
LG1	16368309	16369431	1122
LG1	16369556	16369974	418
LG1	16371581	16372369	788
LG1	16373278	16373944	666
LG1	16374662	16375494	832
LG1	16375995	16376436	441
LG1	16376770	16377107	337
LG1	16377556	16378520	964
LG1	16379444	16380885	1441
LG1	16381259	16381817	558
LG1	16381901	16382820	919
LG1	16382833	16383736	903
LG1	16384868	16385835	967
LG1	16387386	16387898	512
LG1	16388850	16388935	85
LG1	16389950	16390389	439
LG1	16391131	16391644	513
LG1	16391703	16392667	964
LG1	16392907	16393898	991
LG1	16394200	16394656	456
LG1	16394738	16394954	216
LG1	16395871	16396140	269
LG1	16396174	16396609	435
LG1	16396973	16397504	531
LG1	16397652	16397836	184
LG1	16398842	16399861	1019
LG1	16401038	16401565	527
LG1	16401618	16401814	196
LG1	16404938	16407073	2135
LG1	16408237	16408913	676
LG1	16408955	16409457	502
LG1	16410698	16411195	497
LG1	16411224	16412822	1598
LG1	16412844	16413160	316
LG1	16413673	16414646	973
LG1	16414708	16415181	473
LG1	16415748	16416439	691
LG1	16416914	16417080	166
LG1	16417272	16418028	756
LG1	16418087	16418493	406
LG1	16418829	16419812	983
LG1	16419854	16420463	609
LG1	16421073	16421198	125
LG1	16422450	16422783	333
LG1	16423487	16423769	282
LG1	16423995	16424239	244
LG1	16424265	16424781	516
LG1	16424836	16424982	146
LG1	16425682	16425897	215
LG1	16426864	16427379	515
LG1	16427442	16428084	642
LG1	16428664	16428818	154
LG1	16429762	16430041	279
LG1	16431443	16431725	282
LG1	16432512	16432636	124
LG1	16432859	16433696	837
LG1	16435023	16435476	453
LG1	16436868	16437683	815
LG1	16438093	16438240	147
LG1	16438367	16438549	182
LG1	16439351	16439406	55
LG1	16439992	16440273	281
LG1	16444563	16444729	166
LG1	16444865	16445146	281
LG1	16445510	16445833	323
LG1	16447392	16447745	353
LG1	16447811	16448099	288
LG1	16448218	16448444	226
LG1	16448525	16448734	209
LG1	16448819	16449005	186
LG1	16449843	16450169	326
LG1	16450345	16450490	145
LG1	16452163	16452982	819
LG1	16454298	16454736	438
LG1	16457305	16457721	416
LG1	16458621	16458821	200
LG1	16458896	16459123	227
LG1	16459245	16459378	133
LG1	16460014	16460386	372
LG1	16460956	16461033	77
LG1	16461242	16461356	114
LG1	16461959	16462135	176
LG1	16462367	16462682	315
LG1	16462828	16463950	1122
LG1	16465788	16467908	2120
LG1	16468016	16469349	1333
LG1	16469404	16469615	211
LG1	16469762	16470246	484
LG1	16470569	16470938	369
LG1	16473016	16474467	1451
LG1	16476170	16477865	1695
LG1	16477981	16478899	918
LG1	16479031	16479433	402
LG1	16479536	16480535	999
LG1	16483536	16484559	1023
LG1	16484904	16485434	530
LG1	16488094	16488308	214
LG1	16488451	16489004	553
LG1	16489838	16490345	507
LG1	16493221	16493677	456
LG1	16493732	16494142	410
LG1	16494216	16494439	223
LG1	16495287	16496296	1009
LG1	16496488	16496571	83
LG1	16497051	16498696	1645
LG1	16499051	16501028	1977
LG1	16502335	16502865	530
LG1	16503418	16503509	91
LG1	16504954	16505626	672
LG1	16506152	16507045	893
LG1	16507151	16507484	333
LG1	16507539	16508799	1260
LG1	16508903	16509678	775
LG1	16510971	16511316	345
LG1	16512610	16513044	434
LG1	16513248	16513791	543
LG1	16516143	16516277	134
LG1	16516481	16516681	200
LG1	16516796	16517501	705
LG1	16517735	16518280	545
LG1	16518346	16518558	212
LG1	16518905	16519088	183
LG1	16519114	16519827	713
LG1	16522924	16523105	181
LG1	16524701	16525913	1212
LG1	16526173	16526724	551
LG1	16530232	16531748	1516
LG1	16533085	16534035	950
LG1	16534079	16534739	660
LG1	16536648	16537533	885
LG1	16537731	16537803	72
LG1	16537840	16538875	1035
LG1	16539070	16540201	1131
LG1	16543976	16544317	341
LG1	16545839	16546189	350
LG1	16546947	16547516	569
LG1	16547574	16547926	352
LG1	16548118	16548220	102
LG1	16548701	16549484	783
LG1	16549880	16550856	976
LG1	16551207	16551655	448
LG1	16551742	16552350	608
LG1	16552441	16552963	522
LG1	16552980	16553190	210
LG1	16553192	16553784	592
LG1	16554484	16555544	1060
LG1	16555657	16555967	310
LG1	16556282	16556481	199
LG1	16557223	16558396	1173
LG1	16558777	16560973	2196
LG1	16561224	16562368	1144
LG1	16564076	16564501	425
LG1	16564592	16564727	135
LG1	16574807	16575203	396
LG1	16575265	16575436	171
LG1	16576861	16577195	334
LG1	16577366	16577707	341
LG1	16577843	16577954	111
LG1	16578212	16579022	810
LG1	16580836	16581925	1089
LG1	16582942	16584613	1671
LG1	16585224	16585670	446
LG1	16586360	16586622	262
LG1	16586734	16586773	39
LG1	16586829	16587539	710
LG1	16587800	16588086	286
LG1	16588167	16588352	185
LG1	16590156	16590448	292
LG1	16590644	16591743	1099
LG1	16591964	16592238	274
LG1	16592295	16592460	165
LG1	16593033	16593211	178
LG1	16593297	16593721	424
LG1	16593774	16594996	1222
LG1	16595239	16596421	1182
LG1	16596545	16597096	551
LG1	16597333	16597383	50
LG1	16598283	16598379	96
LG1	16598447	16598713	266
LG1	16598759	16600130	1371
LG1	16600162	16600618	456
LG1	16600751	16600957	206
LG1	16600974	16601156	182
LG1	16603274	16603729	455
LG1	16605018	16605266	248
LG1	16606859	16606979	120
LG1	16608251	16608456	205
LG1	16608927	16609815	888
LG1	16610523	16610864	341
LG1	16610905	16610935	30
LG1	16612098	16612824	726
LG1	16612947	16613073	126
LG1	16614386	16614545	159
LG1	16617323	16617520	197
LG1	16619376	16619764	388
LG1	16620091	16620308	217
LG1	16621333	16622635	1302
LG1	16622813	16623199	386
LG1	16623334	16623592	258
LG1	16623812	16624178	366
LG1	16633497	16633708	211
LG1	16633785	16634426	641
LG1	16634523	16634861	338
LG1	16635731	16635973	242
LG1	16636493	16637605	1112
LG1	16638505	16638992	487
LG1	16640387	16640780	393
LG1	16641612	16642119	507
LG1	16642155	16642485	330
LG1	16642515	16645057	2542
LG1	16647332	16647637	305
LG1	16648296	16648834	538
LG1	16649705	16650375	670
LG1	16650702	16651063	361
LG1	16651146	16652475	1329
LG1	16652554	16652752	198
LG1	16652915	16653500	585
LG1	16653835	16654305	470
LG1	16654462	16657350	2888
LG1	16658953	16659863	910
LG1	16659990	16661306	1316
LG1	16663435	16665202	1767
LG1	16668271	16668872	601
LG1	16668933	16669953	1020
LG1	16672118	16672889	771
LG1	16674552	16674953	401
LG1	16676056	16676802	746
LG1	16682794	16684198	1404
LG1	16685699	16686207	508
LG1	16686385	16686909	524
LG1	16688056	16689287	1231
LG1	16689524	16690198	674
LG1	16690429	16691221	792
LG1	16691976	16692116	140
LG1	16692847	16694032	1185
LG1	16694145	16694603	458
LG1	16694783	16696428	1645
LG1	16696567	16696749	182
LG1	16697158	16697241	83
LG1	16698222	16699998	1776
LG1	16702619	16703490	871
LG1	16704979	16708779	3800
LG1	16711014	16712432	1418
LG1	16714133	16715443	1310
LG1	16718034	16718607	573
LG1	16720690	16722245	1555
LG1	16724448	16726029	1581
LG1	16728310	16729387	1077
LG1	16730507	16731232	725
LG1	16731323	16731498	175
LG1	16733320	16734427	1107
LG1	16736685	16737001	316
LG1	16739347	16739568	221
LG1	16741802	16743292	1490
LG1	16743327	16743618	291
LG1	16744625	16745328	703
LG1	16745429	16746225	796
LG1	16750728	16751338	610
LG1	16751521	16751584	63
LG1	16753299	16753939	640
LG1	16755373	16755621	248
LG1	16755646	16756471	825
LG1	16757624	16758022	398
LG1	16758025	16758078	53
LG1	16758366	16758842	476
LG1	16758986	16759297	311
LG1	16759354	16759688	334
LG1	16759695	16759761	66
LG1	16760654	16761501	847
LG1	16761721	16762235	514
LG1	16764263	16764691	428
LG1	16764730	16765096	366
LG1	16765187	16765422	235
LG1	16765732	16766198	466
LG1	16766364	16767341	977
LG1	16768811	16769609	798
LG1	16770128	16771391	1263
LG1	16771749	16771827	78
LG1	16775168	16775657	489
LG1	16777080	16777936	856
LG1	16778028	16778809	781
LG1	16779289	16779821	532
LG1	16782119	16782914	795
LG1	16784142	16784434	292
LG1	16784772	16785141	369
LG1	16786947	16787287	340
LG1	16788073	16788562	489
LG1	16789522	16790351	829
LG1	16792562	16793513	951
LG1	16795147	16795334	187
LG1	16795944	16796695	751
LG1	16798363	16798685	322
LG1	16798762	16799063	301
LG1	16801700	16803037	1337
LG1	16803696	16804480	784
LG1	16806972	16807650	678
LG1	16808432	16809238	806
LG1	16810532	16811474	942
LG1	16812610	16813382	772
LG1	16814413	16814989	576
LG1	16816351	16817011	660
LG1	16820554	16821334	780
LG1	16821435	16822227	792
LG1	16824314	16824855	541
LG1	16825401	16825552	151
LG1	16825586	16827420	1834
LG1	16829071	16829952	881
LG1	16831247	16831473	226
LG1	16831495	16832225	730
LG1	16833184	16833630	446
LG1	16834348	16834716	368
LG1	16837231	16837568	337
LG1	16839185	16839487	302
LG1	16839643	16840060	417
LG1	16842236	16842459	223
LG1	16842688	16842956	268
LG1	16842974	16843309	335
LG1	16844494	16845472	978
LG1	16846077	16846354	277
LG1	16847704	16848612	908
LG1	16849209	16850512	1303
LG1	16850808	16851936	1128
LG1	16852771	16852937	166
LG1	16853340	16853434	94
LG1	16855065	16856397	1332
LG1	16857468	16857684	216
LG1	16858356	16858948	592
LG1	16859213	16861005	1792
LG1	16863634	16864254	620
LG1	16864661	16864949	288
LG1	16865002	16865478	476
LG1	16866932	16867462	530
LG1	16869121	16869334	213
LG1	16869996	16870069	73
LG1	16871743	16871970	227
LG1	16872203	16872266	63
LG1	16872449	16872582	133
LG1	16872668	16872901	233
LG1	16873768	16874056	288
LG1	16874796	16875647	851
LG1	16877150	16877987	837
LG1	16879471	16881580	2109
LG1	16881825	16882560	735
LG1	16883030	16883076	46
LG1	16883092	16883182	90
LG1	16884261	16885815	1554
LG1	16886668	16888090	1422
LG1	16888756	16888816	60
LG1	16890593	16891478	885
LG1	16891976	16892508	532
LG1	16892512	16892794	282
LG1	16894109	16894433	324
LG1	16894502	16894793	291
LG1	16895035	16896007	972
LG1	16896460	16896754	294
LG1	16896937	16897430	493
LG1	16897643	16898424	781
LG1	16898714	16899085	371
LG1	16900179	16900980	801
LG1	16901300	16901428	128
LG1	16902449	16902684	235
LG1	16902938	16903736	798
LG1	16904206	16904365	159
LG1	16905576	16906497	921
LG1	16907589	16908040	451
LG1	16908061	16908142	81
LG1	16908683	16909062	379
LG1	16909582	16909964	382
LG1	16910136	16910482	346
LG1	16910765	16911864	1099
LG1	16912308	16912627	319
LG1	16913231	16914206	975
LG1	16914278	16914416	138
LG1	16919161	16919660	499
LG1	16919839	16919968	129
LG1	16921149	16921749	600
LG1	16922764	16923595	831
LG1	16924193	16924844	651
LG1	16925346	16925606	260
LG1	16925722	16926374	652
LG1	16927788	16928781	993
LG1	16929137	16929608	471
LG1	16931359	16931467	108
LG1	16933843	16934358	515
LG1	16934803	16934878	75
LG1	16935324	16935475	151
LG1	16936850	16937571	721
LG1	16937644	16937704	60
LG1	16937909	16939328	1419
LG1	16939330	16939938	608
LG1	16940009	16940110	101
LG1	16940646	16940796	150
LG1	16940802	16942146	1344
LG1	16942892	16943362	470
LG1	16943771	16944917	1146
LG1	16945231	16945338	107
LG1	16945416	16946183	767
LG1	16947745	16948700	955
LG1	16949149	16949589	440
LG1	16950687	16951442	755
LG1	16951584	16952544	960
LG1	16952931	16954169	1238
LG1	16954233	16955147	914
LG1	16956439	16957450	1011
LG1	16959504	16959735	231
LG1	16960070	16962275	2205
LG1	16962608	16963228	620
LG1	16963392	16963812	420
LG1	16966109	16966392	283
LG1	16966811	16967694	883
LG1	16967762	16969176	1414
LG1	16970673	16971581	908
LG1	16973289	16973624	335
LG1	16974648	16975555	907
LG1	16975836	16976082	246
LG1	16982633	16983187	554
LG1	16985451	16986301	850
LG1	16988206	16990251	2045
LG1	16990277	16990461	184
LG1	16990764	16991278	514
LG1	16992510	16992600	90
LG1	16992732	16993468	736
LG1	16994719	16995452	733
LG1	16998454	16999118	664
LG1	17000214	17000885	671
LG1	17001217	17001464	247
LG1	17005003	17005656	653
LG1	17006982	17007642	660
LG1	17012314	17012594	280
LG1	17013909	17015969	2060
LG1	17017894	17018842	948
LG1	17019462	17019958	496
LG1	17031182	17032084	902
LG1	17033557	17033639	82
LG1	17033795	17034395	600
LG1	17034473	17034567	94
LG1	17034633	17035285	652
LG1	17036711	17037356	645
LG1	17037635	17038352	717
LG1	17038462	17038737	275
LG1	17040559	17041535	976
LG1	17044405	17044918	513
LG1	17048740	17049033	293
LG1	17054126	17054956	830
LG1	17056293	17056364	71
LG1	17057903	17058061	158
LG1	17060075	17060934	859
LG1	17061618	17061917	299
LG1	17063931	17064283	352
LG1	17067019	17067282	263
LG1	17072144	17072385	241
LG1	17072894	17073168	274
LG1	17074173	17074990	817
LG1	17075143	17076001	858
LG1	17076107	17077253	1146
LG1	17079216	17080431	1215
LG1	17081337	17082807	1470
LG1	17082856	17082988	132
LG1	17083292	17084099	807
LG1	17085777	17086891	1114
LG1	17089010	17089185	175
LG1	17089387	17089768	381
LG1	17090086	17090364	278
LG1	17090683	17090914	231
LG1	17091973	17092424	451
LG1	17092495	17093865	1370
LG1	17095715	17098600	2885
LG1	17099256	17099398	142
LG1	17100337	17102386	2049
LG1	17103432	17105223	1791
LG1	17107011	17107409	398
LG1	17107563	17108120	557
LG1	17108258	17108953	695
LG1	17109056	17109385	329
LG1	17109425	17109939	514
LG1	17111058	17111471	413
LG1	17111483	17112615	1132
LG1	17114280	17114989	709
LG1	17115306	17115510	204
LG1	17116153	17116352	199
LG1	17117420	17118010	590
LG1	17119057	17119879	822
LG1	17121858	17122890	1032
LG1	17123023	17123939	916
LG1	17124489	17125968	1479
LG1	17128439	17129039	600
LG1	17129301	17129361	60
LG1	17132057	17132180	123
LG1	17132551	17132686	135
LG1	17133020	17133196	176
LG1	17135198	17135263	65
LG1	17136672	17136996	324
LG1	17140541	17140839	298
LG1	17141030	17141128	98
LG1	17142794	17143074	280
LG1	17145688	17146034	346
LG1	17147302	17147557	255
LG1	17148461	17149163	702
LG1	17156947	17157191	244
LG1	17157262	17157412	150
LG1	17164747	17165089	342
LG1	17174260	17175310	1050
LG1	17175561	17175696	135
LG1	17175971	17176094	123
LG1	17178827	17179182	355
LG1	17181124	17181934	810
LG1	17182458	17183361	903
LG1	17183658	17183821	163
LG1	17183954	17184226	272
LG1	17184378	17185364	986
LG1	17185654	17188642	2988
LG1	17188747	17188755	8
LG1	17188864	17189858	994
LG1	17189972	17190473	501
LG1	17190493	17190514	21
LG1	17190585	17190868	283
LG1	17190953	17191517	564
LG1	17191675	17191705	30
LG1	17191815	17192651	836
LG1	17192766	17193106	340
LG1	17193415	17194172	757
LG1	17194753	17195737	984
LG1	17196137	17196312	175
LG1	17196536	17196679	143
LG1	17198749	17198982	233
LG1	17199991	17200819	828
LG1	17201385	17201575	190
LG1	17202079	17202679	600
LG1	17203798	17203936	138
LG1	17204687	17205641	954
LG1	17207148	17207540	392
LG1	17207819	17208807	988
LG1	17208852	17210137	1285
LG1	17210365	17210483	118
LG1	17210530	17211218	688
LG1	17213509	17213587	78
LG1	17216096	17216738	642
LG1	17218291	17219405	1114
LG1	17219663	17220227	564
LG1	17221269	17221986	717
LG1	17223433	17223591	158
LG1	17223661	17224664	1003
LG1	17225887	17226377	490
LG1	17226533	17226675	142
LG1	17228176	17228358	182
LG1	17228633	17228973	340
LG1	17228978	17229065	87
LG1	17229659	17230133	474
LG1	17230179	17230536	357
LG1	17230615	17231113	498
LG1	17232628	17233400	772
LG1	17236469	17236780	311
LG1	17237415	17237501	86
LG1	17238695	17240367	1672
LG1	17242062	17242740	678
LG1	17242816	17244213	1397
LG1	17244936	17245346	410
LG1	17246663	17246940	277
LG1	17249485	17250038	553
LG1	17250279	17251042	763
LG1	17252039	17252327	288
LG1	17254806	17254893	87
LG1	17255060	17255846	786
LG1	17259580	17260104	524
LG1	17260187	17260758	571
LG1	17262600	17263339	739
LG1	17263429	17263603	174
LG1	17263725	17263805	80
LG1	17264104	17264156	52
LG1	17264429	17264549	120
LG1	17264983	17265299	316
LG1	17272900	17273514	614
LG1	17273551	17273711	160
LG1	17273945	17274045	100
LG1	17274301	17275441	1140
LG1	17278544	17280035	1491
LG1	17280897	17281260	363
LG1	17282533	17282917	384
LG1	17285285	17286065	780
LG1	17288952	17289861	909
LG1	17292956	17294130	1174
LG1	17295728	17296349	621
LG1	17297166	17297313	147
LG1	17298590	17298954	364
LG1	17299103	17299464	361
LG1	17299532	17300533	1001
LG1	17300547	17300974	427
LG1	17302743	17303167	424
LG1	17303929	17304149	220
LG1	17304371	17304971	600
LG1	17305214	17305942	728
LG1	17308245	17308651	406
LG1	17308964	17309260	296
LG1	17309873	17309964	91
LG1	17310082	17310863	781
LG1	17313659	17313912	253
LG1	17313967	17315641	1674
LG1	17315820	17316609	789
LG1	17316756	17319608	2852
LG1	17320616	17320810	194
LG1	17322763	17323634	871
LG1	17323716	17323946	230
LG1	17325338	17325597	259
LG1	17325754	17326743	989
LG1	17326801	17328080	1279
LG1	17328117	17328557	440
LG1	17329862	17330531	669
LG1	17330541	17330872	331
LG1	17332791	17332979	188
LG1	17333168	17334202	1034
LG1	17334396	17334981	585
LG1	17335115	17335706	591
LG1	17336915	17338302	1387
LG1	17339905	17340349	444
LG1	17340604	17340925	321
LG1	17341509	17341760	251
LG1	17341801	17344373	2572
LG1	17344465	17344793	328
LG1	17346927	17347958	1031
LG1	17350559	17350904	345
LG1	17351070	17351972	902
LG1	17353790	17354898	1108
LG1	17358149	17358446	297
LG1	17360613	17361776	1163
LG1	17361888	17362596	708
LG1	17366467	17366917	450
LG1	17367018	17367422	404
LG1	17367460	17368017	557
LG1	17369353	17369823	470
LG1	17369977	17370024	47
LG1	17370418	17370881	463
LG1	17371082	17371447	365
LG1	17371830	17372421	591
LG1	17372754	17373180	426
LG1	17373245	17373375	130
LG1	17373710	17374119	409
LG1	17374215	17374890	675
LG1	17375558	17377271	1713
LG1	17377317	17377939	622
LG1	17379565	17380724	1159
LG1	17380966	17381161	195
LG1	17381187	17381409	222
LG1	17382293	17382516	223
LG1	17382651	17383715	1064
LG1	17383767	17383932	165
LG1	17384436	17384506	70
LG1	17384960	17385269	309
LG1	17386361	17387323	962
LG1	17387430	17387884	454
LG1	17388057	17388157	100
LG1	17389166	17389801	635
LG1	17392664	17393537	873
LG1	17393997	17394212	215
LG1	17394432	17395303	871
LG1	17395532	17396393	861
LG1	17398146	17398225	79
LG1	17398702	17400332	1630
LG1	17402090	17402202	112
LG1	17402611	17403199	588
LG1	17403288	17403579	291
LG1	17404885	17406349	1464
LG1	17407661	17408040	379
LG1	17408242	17409173	931
LG1	17409321	17413085	3764
LG1	17413241	17414932	1691
LG1	17415024	17416724	1700
LG1	17416833	17417001	168
LG1	17417966	17418041	75
LG1	17418194	17418274	80
LG1	17419402	17423846	4444
LG1	17424040	17424141	101
LG1	17424256	17424709	453
LG1	17424715	17424771	56
LG1	17425046	17425365	319
LG1	17425382	17427454	2072
LG1	17427549	17428486	937
LG1	17428674	17429050	376
LG1	17429128	17433132	4004
LG1	17433269	17433354	85
LG1	17433442	17433620	178
LG1	17433795	17436799	3004
LG1	17437046	17437073	27
LG1	17437174	17438624	1450
LG1	17438971	17439056	85
LG1	17440806	17441109	303
LG1	17441494	17441817	323
LG1	17442992	17443199	207
LG1	17444872	17445614	742
LG1	17445641	17446018	377
LG1	17446019	17446486	467
LG1	17446792	17447633	841
LG1	17449905	17450045	140
LG1	17450145	17452515	2370
LG1	17455846	17456013	167
LG1	17457481	17458099	618
LG1	17458212	17458934	722
LG1	17459111	17459383	272
LG1	17461154	17462281	1127
LG1	17462465	17462609	144
LG1	17462786	17463263	477
LG1	17463673	17463900	227
LG1	17466139	17466496	357
LG1	17466982	17467028	46
LG1	17467225	17467872	647
LG1	17467918	17470979	3061
LG1	17471124	17471494	370
LG1	17471781	17471953	172
LG1	17471964	17472823	859
LG1	17475133	17476694	1561
LG1	17477415	17479116	1701
LG1	17479832	17480220	388
LG1	17480245	17481700	1455
LG1	17481760	17482040	280
LG1	17482520	17484714	2194
LG1	17488099	17488697	598
LG1	17488902	17489089	187
LG1	17489109	17490557	1448
LG1	17490896	17491033	137
LG1	17491239	17492301	1062
LG1	17492659	17493928	1269
LG1	17494193	17495018	825
LG1	17500050	17502419	2369
LG1	17502611	17502776	165
LG1	17502903	17502974	71
LG1	17502979	17505718	2739
LG1	17505719	17505970	251
LG1	17505995	17512029	6034
LG1	17512664	17514763	2099
LG1	17514916	17515048	132
LG1	17515179	17516122	943
LG1	17516160	17517115	955
LG1	17517530	17518978	1448
LG1	17520086	17520541	455
LG1	17520591	17522227	1636
LG1	17522570	17524609	2039
LG1	17524679	17525455	776
LG1	17525488	17526642	1154
LG1	17527092	17529166	2074
LG1	17529206	17529278	72
LG1	17529468	17530831	1363
LG1	17530930	17531266	336
LG1	17531529	17533190	1661
LG1	17533233	17534874	1641
LG1	17534889	17536228	1339
LG1	17536415	17537193	778
LG1	17538390	17541422	3032
LG1	17542693	17543126	433
LG1	17543235	17544750	1515
LG1	17544861	17544887	26
LG1	17544961	17546187	1226
LG1	17546200	17546327	127
LG1	17548245	17549117	872
LG1	17549296	17549397	101
LG1	17550219	17550508	289
LG1	17551035	17551459	424
LG1	17551944	17552220	276
LG1	17553062	17555162	2100
LG1	17555547	17556734	1187
LG1	17557024	17558182	1158
LG1	17560309	17560897	588
LG1	17561482	17562464	982
LG1	17565361	17565895	534
LG1	17568757	17569211	454
LG1	17569702	17570127	425
LG1	17570666	17573025	2359
LG1	17574024	17576601	2577
LG1	17576630	17578659	2029
LG1	17578691	17580353	1662
LG1	17581418	17581955	537
LG1	17585669	17586049	380
LG1	17588320	17588970	650
LG1	17589992	17594774	4782
LG1	17594964	17596152	1188
LG1	17596259	17596765	506
LG1	17602611	17603167	556
LG1	17604816	17604916	100
LG1	17604967	17605113	146
LG1	17606901	17608179	1278
LG1	17610064	17610528	464
LG1	17611747	17611871	124
LG1	17612172	17613644	1472
LG1	17614165	17616776	2611
LG1	17616873	17618698	1825
LG1	17619154	17619394	240
LG1	17621712	17622654	942
LG1	17623574	17623721	147
LG1	17625083	17626411	1328
LG1	17627716	17628248	532
LG1	17628339	17629662	1323
LG1	17630955	17631268	313
LG1	17631604	17631887	283
LG1	17632141	17633455	1314
LG1	17634000	17634474	474
LG1	17634556	17635015	459
LG1	17636212	17637543	1331
LG1	17638357	17638605	248
LG1	17639166	17639755	589
LG1	17641126	17642842	1716
LG1	17643289	17643889	600
LG1	17646906	17648774	1868
LG1	17650105	17650615	510
LG1	17650769	17651259	490
LG1	17652298	17652440	142
LG1	17652444	17652629	185
LG1	17653552	17655426	1874
LG1	17656557	17657005	448
LG1	17657027	17658612	1585
LG1	17659698	17660538	840
LG1	17662350	17663548	1198
LG1	17669568	17669962	394
LG1	17671747	17672958	1211
LG1	17674581	17676282	1701
LG1	17677542	17678311	769
LG1	17678339	17679446	1107
LG1	17680198	17680425	227
LG1	17681428	17683050	1622
LG1	17685723	17686253	530
LG1	17686321	17686455	134
LG1	17686547	17687167	620
LG1	17687192	17687413	221
LG1	17688880	17689669	789
LG1	17690983	17691365	382
LG1	17691651	17691655	4
LG1	17691992	17692348	356
LG1	17693667	17694149	482
LG1	17694236	17695371	1135
LG1	17696252	17696847	595
LG1	17696868	17696991	123
LG1	17697190	17697430	240
LG1	17697608	17697816	208
LG1	17697827	17698313	486
LG1	17698543	17698645	102
LG1	17699409	17699930	521
LG1	17700017	17700281	264
LG1	17700324	17700653	329
LG1	17700985	17701495	510
LG1	17702706	17703627	921
LG1	17703644	17705534	1890
LG1	17705882	17706180	298
LG1	17706550	17706786	236
LG1	17707301	17708414	1113
LG1	17708609	17709259	650
LG1	17709547	17709806	259
LG1	17709912	17710344	432
LG1	17710824	17710990	166
LG1	17711098	17711934	836
LG1	17713052	17713784	732
LG1	17714308	17714828	520
LG1	17715365	17716428	1063
LG1	17716600	17717491	891
LG1	17718627	17718832	205
LG1	17720856	17721209	353
LG1	17721740	17722707	967
LG1	17722828	17723252	424
LG1	17723903	17724565	662
LG1	17726682	17726827	145
LG1	17726844	17727388	544
LG1	17728530	17729142	612
LG1	17729168	17729930	762
LG1	17732785	17733114	329
LG1	17733265	17734520	1255
LG1	17739139	17739470	331
LG1	17739924	17740189	265
LG1	17740218	17740484	266
LG1	17741279	17741765	486
LG1	17742092	17742342	250
LG1	17743671	17744074	403
LG1	17744273	17744823	550
LG1	17744909	17744988	79
LG1	17745819	17746707	888
LG1	17748105	17749581	1476
LG1	17749731	17750394	663
LG1	17750793	17750842	49
LG1	17751177	17751919	742
LG1	17752568	17753592	1024
LG1	17753877	17754355	478
LG1	17754811	17755151	340
LG1	17758174	17758538	364
LG1	17760603	17761154	551
LG1	17763885	17765243	1358
LG1	17765779	17765835	56
LG1	17765887	17766127	240
LG1	17766139	17766605	466
LG1	17766648	17767197	549
LG1	17767661	17770604	2943
LG1	17770724	17771296	572
LG1	17771404	17772694	1290
LG1	17773236	17774468	1232
LG1	17774804	17774925	121
LG1	17776111	17776899	788
LG1	17779793	17780400	607
LG1	17781836	17782330	494
LG1	17782476	17782615	139
LG1	17784521	17784781	260
LG1	17785955	17787337	1382
LG1	17788096	17788535	439
LG1	17788917	17789221	304
LG1	17790549	17790719	170
LG1	17790969	17792687	1718
LG1	17793693	17793986	293
LG1	17795213	17796184	971
LG1	17796874	17797004	130
LG1	17798184	17798447	263
LG1	17798605	17799833	1228
LG1	17800678	17800707	29
LG1	17802521	17803228	707
LG1	17803443	17804575	1132
LG1	17805555	17807373	1818
LG1	17807602	17807661	59
LG1	17807683	17807822	139
LG1	17808449	17821769	13320
LG1	17823807	17824482	675
LG1	17825364	17825448	84
LG1	17827121	17827518	397
LG1	17827592	17827663	71
LG1	17828557	17828764	207
LG1	17829831	17830193	362
LG1	17831293	17831479	186
LG1	17831601	17831826	225
LG1	17831955	17832177	222
LG1	17833788	17835103	1315
LG1	17836704	17836874	170
LG1	17837140	17837285	145
LG1	17838118	17838362	244
LG1	17838451	17838640	189
LG1	17838705	17839430	725
LG1	17839564	17840435	871
LG1	17840476	17840653	177
LG1	17840896	17841189	293
LG1	17842752	17842963	211
LG1	17843624	17844220	596
LG1	17844234	17844551	317
LG1	17844752	17844971	219
LG1	17845905	17846042	137
LG1	17847338	17847748	410
LG1	17849384	17849851	467
LG1	17850112	17850205	93
LG1	17851471	17851480	9
LG1	17851547	17851613	66
LG1	17855443	17856293	850
LG1	17857400	17859139	1739
LG1	17859277	17859535	258
LG1	17864928	17865354	426
LG1	17868338	17868543	205
LG1	17869634	17870066	432
LG1	17872533	17873102	569
LG1	17873424	17873936	512
LG1	17876210	17876371	161
LG1	17876482	17876903	421
LG1	17878107	17879380	1273
LG1	17880581	17880997	416
LG1	17881735	17882579	844
LG1	17883080	17883122	42
LG1	17885584	17885876	292
LG1	17888799	17888935	136
LG1	17890793	17890916	123
LG1	17892357	17892808	451
LG1	17893462	17893894	432
LG1	17894804	17895782	978
LG1	17898060	17898204	144
LG1	17899618	17899844	226
LG1	17900031	17900512	481
LG1	17902175	17903009	834
LG1	17903939	17904170	231
LG1	17909289	17909642	353
LG1	17909775	17909841	66
LG1	17910947	17911642	695
LG1	17913932	17914305	373
LG1	17916626	17916745	119
LG1	17917602	17918216	614
LG1	17918336	17918649	313
LG1	17919382	17920039	657
LG1	17923434	17924019	585
LG1	17924300	17924582	282
LG1	17926081	17926764	683
LG1	17928324	17930064	1740
LG1	17930803	17931959	1156
LG1	17933277	17933738	461
LG1	17933915	17934557	642
LG1	17935058	17935757	699
LG1	17936269	17936889	620
LG1	17936926	17937223	297
LG1	17937911	17938517	606
LG1	17938709	17939037	328
LG1	17940413	17941562	1149
LG1	17941643	17942447	804
LG1	17942768	17943518	750
LG1	17944283	17945103	820
LG1	17945169	17946231	1062
LG1	17947380	17947744	364
LG1	17949383	17950232	849
LG1	17950564	17950949	385
LG1	17951020	17951196	176
LG1	17952272	17953475	1203
LG1	17954869	17955191	322
LG1	17956897	17957289	392
LG1	17958254	17958523	269
LG1	17960348	17961334	986
LG1	17961372	17961796	424
LG1	17961838	17962008	170
LG1	17962171	17962758	587
LG1	17963391	17963649	258
LG1	17967165	17967313	148
LG1	17969656	17970247	591
LG1	17970446	17971405	959
LG1	17973695	17974040	345
LG1	17974126	17974445	319
LG1	17975380	17975715	335
LG1	17976287	17976658	371
LG1	17978507	17978836	329
LG1	17982123	17982166	43
LG1	17982258	17983761	1503
LG1	17984052	17984916	864
LG1	17985265	17985348	83
LG1	17986082	17987447	1365
LG1	17988279	17988677	398
LG1	17988710	17988848	138
LG1	17989652	17989884	232
LG1	17990387	17991350	963
LG1	17991367	17992297	930
LG1	17992338	17995506	3168
LG1	17995569	17997430	1861
LG1	17997527	18012399	14872
LG1	18012469	18012966	497
LG1	18013493	18014233	740
LG1	18016045	18016669	624
LG1	18016692	18016961	269
LG1	18020333	18020567	234
LG1	18020591	18020705	114
LG1	18022690	18023748	1058
LG1	18024072	18024441	369
LG1	18024555	18026035	1480
LG1	18028144	18029161	1017
LG1	18029413	18029830	417
LG1	18031252	18031492	240
LG1	18031830	18032261	431
LG1	18033292	18033590	298
LG1	18034307	18035422	1115
LG1	18036697	18038337	1640
LG1	18039069	18039730	661
LG1	18039787	18040350	563
LG1	18040489	18041302	813
LG1	18042029	18042488	459
LG1	18043232	18044425	1193
LG1	18045940	18046677	737
LG1	18046867	18047432	565
LG1	18050554	18051292	738
LG1	18053825	18054123	298
LG1	18054194	18054339	145
LG1	18055313	18056058	745
LG1	18058275	18058333	58
LG1	18058648	18059120	472
LG1	18059130	18059279	149
LG1	18060635	18061036	401
LG1	18061136	18061215	79
LG1	18063687	18064465	778
LG1	18066005	18066709	704
LG1	18066780	18068093	1313
LG1	18070722	18071200	478
LG1	18071317	18071649	332
LG1	18072207	18074179	1972
LG1	18074277	18075058	781
LG1	18076005	18076539	534
LG1	18077928	18078311	383
LG1	18079214	18080773	1559
LG1	18081012	18081176	164
LG1	18084807	18085520	713
LG1	18087084	18090032	2948
LG1	18093475	18095073	1598
LG1	18096444	18097254	810
LG1	18098649	18098954	305
LG1	18101859	18102233	374
LG1	18102985	18103121	136
LG1	18103684	18104185	501
LG1	18105431	18105729	298
LG1	18107645	18108794	1149
LG1	18110559	18111238	679
LG1	18111269	18111434	165
LG1	18113901	18114391	490
LG1	18121070	18121405	335
LG1	18122219	18123201	982
LG1	18124493	18124812	319
LG1	18129138	18129805	667
LG1	18135233	18135586	353
LG1	18135599	18136207	608
LG1	18140038	18141051	1013
LG1	18142101	18142895	794
LG1	18145578	18145804	226
LG1	18146347	18146858	511
LG1	18149833	18150186	353
LG1	18150364	18150917	553
LG1	18153453	18153988	535
LG1	18155399	18156272	873
LG1	18156648	18156826	178
LG1	18157042	18157368	326
LG1	18157460	18157787	327
LG1	18159796	18161119	1323
LG1	18163120	18163483	363
LG1	18163752	18164328	576
LG1	18176378	18176697	319
LG1	18176898	18177473	575
LG1	18177842	18178451	609
LG1	18182546	18183535	989
LG1	18184236	18184528	292
LG1	18184612	18184686	74
LG1	18185202	18187532	2330
LG1	18190706	18190935	229
LG1	18193008	18193268	260
LG1	18196808	18198065	1257
LG1	18198806	18200862	2056
LG1	18203766	18203849	83
LG1	18203854	18204046	192
LG1	18204050	18204151	101
LG1	18204216	18204397	181
LG1	18204537	18204702	165
LG1	18204730	18204814	84
LG1	18206538	18206645	107
LG1	18216736	18217013	277
LG1	18217212	18217406	194
LG1	18222656	18223127	471
LG1	18225452	18226032	580
LG1	18226033	18226091	58
LG1	18226134	18226390	256
LG1	18226585	18226691	106
LG1	18226724	18227481	757
LG1	18229798	18229840	42
LG1	18236996	18237211	215
LG1	18237223	18238741	1518
LG1	18238783	18239119	336
LG1	18239148	18240376	1228
LG1	18244363	18244610	247
LG1	18244985	18245130	145
LG1	18245131	18245183	52
LG1	18245205	18245361	156
LG1	18247191	18247450	259
LG1	18247476	18247688	212
LG1	18252265	18252565	300
LG1	18254078	18254534	456
LG1	18256074	18257074	1000
LG1	18259344	18259481	137
LG1	18260170	18260305	135
LG1	18267706	18268032	326
LG1	18276816	18277150	334
LG1	18277151	18277596	445
LG1	18288958	18289057	99
LG1	18293125	18293452	327
LG1	18293630	18294137	507
LG1	18304924	18305200	276
LG1	18306941	18307283	342
LG1	18308397	18308842	445
LG1	18316283	18316903	620
LG1	18318168	18318671	503
LG1	18322255	18322497	242
LG1	18325541	18325766	225
LG1	18327099	18327202	103
LG1	18327906	18329245	1339
LG1	18330019	18332081	2062
LG1	18337246	18337509	263
LG1	18337945	18338882	937
LG1	18339139	18341249	2110
LG1	18341633	18342366	733
LG1	18343803	18345063	1260
LG1	18345407	18345568	161
LG1	18347056	18347656	600
LG1	18349471	18349746	275
LG1	18349828	18350352	524
LG1	18350713	18351526	813
LG1	18352420	18352629	209
LG1	18352776	18353412	636
LG1	18353476	18354671	1195
LG1	18354750	18358169	3419
LG1	18358226	18358649	423
LG1	18358768	18359442	674
LG1	18359853	18360166	313
LG1	18361834	18362412	578
LG1	18363584	18363795	211
LG1	18364292	18364351	59
LG1	18364787	18365197	410
LG1	18366067	18367011	944
LG1	18367234	18367603	369
LG1	18367639	18367708	69
LG1	18368606	18369102	496
LG1	18369940	18370353	413
LG1	18370397	18370656	259
LG1	18372900	18374030	1130
LG1	18374543	18374711	168
LG1	18374784	18375291	507
LG1	18375341	18375541	200
LG1	18376990	18377145	155
LG1	18377804	18380184	2380
LG1	18382005	18382880	875
LG1	18384438	18384912	474
LG1	18386235	18386659	424
LG1	18386847	18387766	919
LG1	18388136	18389041	905
LG1	18390036	18391333	1297
LG1	18392318	18393009	691
LG1	18393776	18393841	65
LG1	18393915	18394941	1026
LG1	18395260	18395538	278
LG1	18395862	18397489	1627
LG1	18399411	18399619	208
LG1	18400079	18400412	333
LG1	18400665	18400792	127
LG1	18401976	18402460	484
LG1	18403953	18404126	173
LG1	18405118	18405373	255
LG1	18406018	18406093	75
LG1	18407162	18407772	610
LG1	18407924	18410527	2603
LG1	18411810	18411887	77
LG1	18411906	18412581	675
LG1	18413627	18414370	743
LG1	18415771	18418707	2936
LG1	18418732	18419335	603
LG1	18419642	18419843	201
LG1	18421524	18422398	874
LG1	18424736	18425258	522
LG1	18426202	18426295	93
LG1	18426966	18427491	525
LG1	18427614	18427992	378
LG1	18430714	18431985	1271
LG1	18436599	18436881	282
LG1	18436989	18437161	172
LG1	18438162	18438441	279
LG1	18438874	18439435	561
LG1	18440384	18441973	1589
LG1	18443907	18444989	1082
LG1	18445105	18445319	214
LG1	18445698	18445875	177
LG1	18447252	18447798	546
LG1	18450321	18450428	107
LG1	18451658	18453234	1576
LG1	18453305	18456405	3100
LG1	18456528	18457995	1467
LG1	18458086	18458189	103
LG1	18458254	18458754	500
LG1	18458796	18460821	2025
LG1	18461835	18462694	859
LG1	18463056	18463847	791
LG1	18465523	18465795	272
LG1	18465997	18466047	50
LG1	18466306	18466439	133
LG1	18468229	18468505	276
LG1	18469025	18469462	437
LG1	18470557	18472574	2017
LG1	18474225	18474720	495
LG1	18474789	18475309	520
LG1	18475538	18476843	1305
LG1	18476928	18477124	196
LG1	18478457	18479324	867
LG1	18479411	18480348	937
LG1	18480450	18480952	502
LG1	18481071	18482700	1629
LG1	18483367	18483651	284
LG1	18484776	18488009	3233
LG1	18488049	18488378	329
LG1	18488406	18489114	708
LG1	18490928	18491795	867
LG1	18492709	18493947	1238
LG1	18493978	18495479	1501
LG1	18496186	18498535	2349
LG1	18498969	18499728	759
LG1	18500152	18501895	1743
LG1	18502553	18504973	2420
LG1	18505773	18506540	767
LG1	18506584	18506796	212
LG1	18508190	18509155	965
LG1	18509419	18509604	185
LG1	18509654	18510360	706
LG1	18512178	18512581	403
LG1	18512690	18512960	270
LG1	18512965	18513680	715
LG1	18516910	18517260	350
LG1	18518119	18518290	171
LG1	18520285	18521165	880
LG1	18521533	18521609	76
LG1	18521734	18522954	1220
LG1	18524526	18524740	214
LG1	18526127	18527539	1412
LG1	18529036	18529856	820
LG1	18531132	18531432	300
LG1	18531438	18532299	861
LG1	18532944	18533618	674
LG1	18535866	18536424	558
LG1	18558857	18559083	226
LG1	18564199	18564286	87
LG1	18564643	18564869	226
LG1	18566507	18566662	155
LG1	18569314	18569456	142
LG1	18571536	18571628	92
LG1	18577501	18578167	666
LG1	18578174	18578432	258
LG1	18578554	18578781	227
LG1	18578798	18578852	54
LG1	18579002	18579173	171
LG1	18579213	18579471	258
LG1	18580454	18580465	11
LG1	18580471	18580676	205
LG1	18580768	18580962	194
LG1	18581660	18581927	267
LG1	18582110	18582325	215
LG1	18582742	18582895	153
LG1	18583267	18583751	484
LG1	18583865	18584117	252
LG1	18584157	18584595	438
LG1	18584814	18585007	193
LG1	18585118	18585562	444
LG1	18586617	18586672	55
LG1	18587089	18587237	148
LG1	18588684	18588936	252
LG1	18589346	18590162	816
LG1	18591216	18591449	233
LG1	18591828	18591958	130
LG1	18592763	18593037	274
LG1	18593177	18593597	420
LG1	18593624	18593775	151
LG1	18595046	18595322	276
LG1	18595458	18595658	200
LG1	18597761	18598252	491
LG1	18598265	18598293	28
LG1	18598359	18598945	586
LG1	18599138	18599533	395
LG1	18600960	18601846	886
LG1	18614625	18614745	120
LG1	18620792	18621160	368
LG1	18636727	18636827	100
LG1	18636871	18637126	255
LG1	18637683	18637815	132
LG1	18637905	18637979	74
LG1	18638390	18638891	501
LG1	18640837	18641295	458
LG1	18641502	18641745	243
LG1	18643741	18643980	239
LG1	18645213	18645358	145
LG1	18646489	18646848	359
LG1	18653439	18655011	1572
LG1	18655431	18655486	55
LG1	18655792	18655983	191
LG1	18657833	18658060	227
LG1	18660364	18660652	288
LG1	18664370	18664758	388
LG1	18669918	18670084	166
LG1	18670612	18671724	1112
LG1	18671759	18673211	1452
LG1	18673453	18673762	309
LG1	18677562	18677907	345
LG1	18678801	18678918	117
LG1	18679638	18679843	205
LG1	18682166	18682387	221
LG1	18684408	18684467	59
LG1	18684486	18684534	48
LG1	18687370	18687570	200
LG1	18687596	18688675	1079
LG1	18688785	18689730	945
LG1	18689792	18690238	446
LG1	18690530	18691584	1054
LG1	18691617	18692255	638
LG1	18692487	18692608	121
LG1	18693649	18693992	343
LG1	18694167	18694208	41
LG1	18694355	18695419	1064
LG1	18696294	18697336	1042
LG1	18697415	18699655	2240
LG1	18699724	18700269	545
LG1	18700473	18700799	326
LG1	18700910	18702108	1198
LG1	18703207	18703645	438
LG1	18703691	18704900	1209
LG1	18705086	18707217	2131
LG1	18708352	18709665	1313
LG1	18710877	18711051	174
LG1	18711055	18711114	59
LG1	18711502	18711580	78
LG1	18712033	18712612	579
LG1	18713261	18713678	417
LG1	18714035	18717750	3715
LG1	18718306	18719270	964
LG1	18719582	18719763	181
LG1	18719771	18720417	646
LG1	18721976	18723129	1153
LG1	18723732	18723926	194
LG1	18725468	18726004	536
LG1	18726084	18726526	442
LG1	18727738	18728545	807
LG1	18728954	18730051	1097
LG1	18731375	18733189	1814
LG1	18733277	18733561	284
LG1	18734473	18735240	767
LG1	18735825	18736639	814
LG1	18737814	18738193	379
LG1	18739887	18740637	750
LG1	18740667	18741033	366
LG1	18741213	18741354	141
LG1	18743102	18743656	554
LG1	18743730	18746178	2448
LG1	18747395	18747685	290
LG1	18747867	18747926	59
LG1	18748162	18749197	1035
LG1	18749843	18751454	1611
LG1	18751729	18751760	31
LG1	18751848	18753124	1276
LG1	18756371	18757048	677
LG1	18758824	18759828	1004
LG1	18762311	18762971	660
LG1	18763193	18763792	599
LG1	18767107	18768430	1323
LG1	18769715	18770357	642
LG1	18772840	18773047	207
LG1	18773137	18774136	999
LG1	18775609	18777070	1461
LG1	18777100	18777369	269
LG1	18779371	18780964	1593
LG1	18783069	18783427	358
LG1	18785007	18785976	969
LG1	18787748	18787763	15
LG1	18787773	18788062	289
LG1	18788409	18789311	902
LG1	18790967	18791087	120
LG1	18791652	18791938	286
LG1	18792881	18793561	680
LG1	18795379	18795697	318
LG1	18795892	18796500	608
LG1	18796520	18796858	338
LG1	18797886	18798114	228
LG1	18799278	18800397	1119
LG1	18800430	18800645	215
LG1	18801127	18801864	737
LG1	18801983	18802562	579
LG1	18803527	18809798	6271
LG1	18810177	18810254	77
LG1	18810293	18810755	462
LG1	18811759	18813014	1255
LG1	18814264	18815066	802
LG1	18816255	18816432	177
LG1	18816880	18817043	163
LG1	18817122	18817604	482
LG1	18817642	18818256	614
LG1	18820031	18820728	697
LG1	18821983	18822266	283
LG1	18823078	18823992	914
LG1	18824016	18824230	214
LG1	18824339	18824411	72
LG1	18824422	18824637	215
LG1	18825564	18825980	416
LG1	18826062	18827867	1805
LG1	18828033	18828557	524
LG1	18829963	18830453	490
LG1	18830468	18830946	478
LG1	18832411	18835026	2615
LG1	18835217	18836237	1020
LG1	18837657	18838348	691
LG1	18839400	18839602	202
LG1	18839648	18840163	515
LG1	18840555	18841119	564
LG1	18841338	18844694	3356
LG1	18845504	18846668	1164
LG1	18847056	18848239	1183
LG1	18849147	18850574	1427
LG1	18851813	18853615	1802
LG1	18853793	18855305	1512
LG1	18855347	18856255	908
LG1	18856558	18857449	891
LG1	18857728	18858053	325
LG1	18858843	18859747	904
LG1	18860956	18861336	380
LG1	18862431	18862643	212
LG1	18862990	18863189	199
LG1	18864098	18865690	1592
LG1	18865903	18866925	1022
LG1	18867570	18868035	465
LG1	18868163	18869657	1494
LG1	18869829	18870005	176
LG1	18870398	18870626	228
LG1	18871280	18871861	581
LG1	18872252	18872349	97
LG1	18873538	18873772	234
LG1	18873978	18874194	216
LG1	18874591	18875288	697
LG1	18875524	18875782	258
LG1	18875872	18876918	1046
LG1	18877342	18877689	347
LG1	18877807	18878038	231
LG1	18879997	18880240	243
LG1	18880741	18881000	259
LG1	18882721	18883784	1063
LG1	18885167	18886006	839
LG1	18887527	18887698	171
LG1	18887795	18888212	417
LG1	18888442	18889330	888
LG1	18889344	18889897	553
LG1	18891397	18892960	1563
LG1	18897726	18898700	974
LG1	18898891	18899771	880
LG1	18904510	18905442	932
LG1	18906358	18906594	236
LG1	18906645	18907288	643
LG1	18908786	18909639	853
LG1	18910954	18911340	386
LG1	18914439	18914687	248
LG1	18914820	18915331	511
LG1	18915409	18915684	275
LG1	18915772	18915832	60
LG1	18915983	18916216	233
LG1	18916558	18918280	1722
LG1	18919458	18920008	550
LG1	18921788	18922596	808
LG1	18925966	18926104	138
LG1	18928782	18929607	825
LG1	18930810	18931070	260
LG1	18931360	18931587	227
LG1	18931864	18932997	1133
LG1	18935144	18935964	820
LG1	18936775	18937642	867
LG1	18939313	18939637	324
LG1	18939850	18939927	77
LG1	18939979	18940144	165
LG1	18941529	18942700	1171
LG1	18944830	18945514	684
LG1	18946073	18946269	196
LG1	18946584	18946876	292
LG1	18947206	18948599	1393
LG1	18950228	18950323	95
LG1	18951332	18951490	158
LG1	18951819	18952442	623
LG1	18952530	18952637	107
LG1	18952797	18953585	788
LG1	18954700	18954976	276
LG1	18955035	18956196	1161
LG1	18956222	18956317	95
LG1	18959577	18961189	1612
LG1	18962540	18963336	796
LG1	18965986	18966576	590
LG1	18968755	18969476	721
LG1	18970152	18970484	332
LG1	18971528	18972745	1217
LG1	18972808	18974069	1261
LG1	18975968	18978139	2171
LG1	18978758	18978858	100
LG1	18979642	18979826	184
LG1	18980377	18980858	481
LG1	18981097	18982099	1002
LG1	18983568	18984116	548
LG1	18984328	18989168	4840
LG1	18989170	18989378	208
LG1	18989535	18991371	1836
LG1	18992457	18993194	737
LG1	18993286	18993594	308
LG1	18993924	18994304	380
LG1	18994412	18996008	1596
LG1	18996264	18996568	304
LG1	18996738	18996866	128
LG1	18997703	19000300	2597
LG1	19000569	19002968	2399
LG1	19003086	19003920	834
LG1	19004128	19005038	910
LG1	19005185	19006469	1284
LG1	19006693	19007157	464
LG1	19007759	19008846	1087
LG1	19009130	19009746	616
LG1	19010206	19010990	784
LG1	19011382	19011663	281
LG1	19012032	19012776	744
LG1	19014096	19014890	794
LG1	19018245	19018563	318
LG1	19019463	19019648	185
LG1	19019682	19020028	346
LG1	19020115	19020404	289
LG1	19020581	19020599	18
LG1	19020672	19021864	1192
LG1	19023501	19024083	582
LG1	19024270	19027516	3246
LG1	19027577	19027810	233
LG1	19028664	19029260	596
LG1	19029324	19030070	746
LG1	19030703	19030846	143
LG1	19032662	19033218	556
LG1	19033581	19033670	89
LG1	19034803	19035365	562
LG1	19035666	19036436	770
LG1	19037328	19037611	283
LG1	19038893	19039113	220
LG1	19039174	19039366	192
LG1	19039749	19041116	1367
LG1	19041249	19041884	635
LG1	19042002	19043199	1197
LG1	19043354	19043688	334
LG1	19043927	19044185	258
LG1	19044625	19045342	717
LG1	19047736	19048892	1156
LG1	19048918	19049288	370
LG1	19050308	19050647	339
LG1	19050978	19051746	768
LG1	19053320	19053907	587
LG1	19054025	19054243	218
LG1	19056558	19057932	1374
LG1	19058093	19058518	425
LG1	19058710	19059184	474
LG1	19061321	19061396	75
LG1	19062889	19063023	134
LG1	19064167	19064254	87
LG1	19066501	19066905	404
LG1	19069807	19069952	145
LG1	19070259	19071212	953
LG1	19074136	19074467	331
LG1	19075592	19076259	667
LG1	19076270	19076545	275
LG1	19078891	19079632	741
LG1	19079835	19080295	460
LG1	19080313	19080679	366
LG1	19080707	19081525	818
LG1	19083887	19084668	781
LG1	19084685	19084870	185
LG1	19084954	19085353	399
LG1	19085817	19085958	141
LG1	19087078	19088164	1086
LG1	19088926	19089589	663
LG1	19090941	19091193	252
LG1	19092401	19092730	329
LG1	19093750	19094684	934
LG1	19100677	19101504	827
LG1	19101783	19101895	112
LG1	19102988	19103630	642
LG1	19103836	19104186	350
LG1	19104291	19104490	199
LG1	19104874	19104929	55
LG1	19105154	19105235	81
LG1	19106801	19107011	210
LG1	19107382	19107771	389
LG1	19108209	19108349	140
LG1	19109346	19109888	542
LG1	19111463	19111725	262
LG1	19111824	19114585	2761
LG1	19114996	19115445	449
LG1	19115536	19117202	1666
LG1	19117539	19118639	1100
LG1	19119685	19119907	222
LG1	19122023	19123426	1403
LG1	19123801	19123947	146
LG1	19125191	19125466	275
LG1	19126112	19126609	497
LG1	19127322	19127380	58
LG1	19127880	19128605	725
LG1	19128780	19129811	1031
LG1	19131169	19132199	1030
LG1	19132217	19132420	203
LG1	19134545	19135576	1031
LG1	19137201	19137764	563
LG1	19137824	19139002	1178
LG1	19141013	19141137	124
LG1	19141194	19142116	922
LG1	19143539	19144138	599
LG1	19144150	19144333	183
LG1	19144422	19144600	178
LG1	19144983	19145619	636
LG1	19146614	19147146	532
LG1	19148621	19149312	691
LG1	19150586	19151711	1125
LG1	19152033	19153064	1031
LG1	19153185	19153402	217
LG1	19153581	19154985	1404
LG1	19156726	19157565	839
LG1	19158514	19158807	293
LG1	19159682	19160584	902
LG1	19163671	19164188	517
LG1	19164511	19164813	302
LG1	19164814	19166333	1519
LG1	19167582	19167708	126
LG1	19168297	19168858	561
LG1	19170481	19170879	398
LG1	19171072	19171511	439
LG1	19172181	19173222	1041
LG1	19173476	19173970	494
LG1	19174395	19174671	276
LG1	19175665	19176284	619
LG1	19176372	19176923	551
LG1	19179371	19179920	549
LG1	19182555	19182885	330
LG1	19182888	19183037	149
LG1	19183865	19185104	1239
LG1	19187214	19188118	904
LG1	19188225	19189987	1762
LG1	19199112	19199405	293
LG1	19199429	19199576	147
LG1	19199873	19200334	461
LG1	19200732	19200871	139
LG1	19205822	19206585	763
LG1	19207720	19208232	512
LG1	19208352	19210204	1852
LG1	19210674	19210934	260
LG1	19212776	19213775	999
LG1	19214039	19214654	615
LG1	19216937	19217093	156
LG1	19218340	19218422	82
LG1	19219075	19220665	1590
LG1	19221799	19222956	1157
LG1	19225135	19225421	286
LG1	19225781	19226325	544
LG1	19227406	19227555	149
LG1	19229051	19230004	953
LG1	19231280	19232164	884
LG1	19233061	19233981	920
LG1	19235381	19235663	282
LG1	19238239	19239117	878
LG1	19241225	19241640	415
LG1	19242301	19242830	529
LG1	19243683	19243890	207
LG1	19245558	19246382	824
LG1	19249067	19250182	1115
LG1	19251781	19252040	259
LG1	19253695	19254268	573
LG1	19257454	19257906	452
LG1	19260983	19262273	1290
LG1	19262783	19262912	129
LG1	19263068	19263094	26
LG1	19263456	19264322	866
LG1	19264621	19264697	76
LG1	19264703	19264771	68
LG1	19265779	19266796	1017
LG1	19268862	19269024	162
LG1	19269086	19269580	494
LG1	19269724	19270539	815
LG1	19270999	19272485	1486
LG1	19274091	19274666	575
LG1	19274900	19276372	1472
LG1	19278703	19278783	80
LG1	19279098	19279715	617
LG1	19281332	19282312	980
LG1	19283150	19283948	798
LG1	19285508	19286413	905
LG1	19286475	19286593	118
LG1	19286776	19287201	425
LG1	19288699	19289083	384
LG1	19291311	19292546	1235
LG1	19292895	19292953	58
LG1	19295500	19295870	370
LG1	19295879	19295924	45
LG1	19297163	19298463	1300
LG1	19299797	19301367	1570
LG1	19304098	19304326	228
LG1	19306046	19306253	207
LG1	19307039	19307595	556
LG1	19307622	19308083	461
LG1	19309843	19309998	155
LG1	19310126	19310296	170
LG1	19310346	19310573	227
LG1	19311115	19311971	856
LG1	19313665	19314172	507
LG1	19315345	19316498	1153
LG1	19316640	19317214	574
LG1	19318267	19318532	265
LG1	19318575	19320466	1891
LG1	19322949	19324448	1499
LG1	19326503	19327253	750
LG1	19327321	19327398	77
LG1	19327955	19329068	1113
LG1	19329125	19329534	409
LG1	19330651	19330729	78
LG1	19331348	19331477	129
LG1	19331686	19332018	332
LG1	19334702	19335609	907
LG1	19336027	19336261	234
LG1	19336516	19337378	862
LG1	19337490	19337691	201
LG1	19338501	19338571	70
LG1	19338944	19339400	456
LG1	19339526	19339663	137
LG1	19341244	19342570	1326
LG1	19343853	19347024	3171
LG1	19348527	19349720	1193
LG1	19349865	19350129	264
LG1	19351399	19351533	134
LG1	19351553	19351742	189
LG1	19353648	19355002	1354
LG1	19356851	19357736	885
LG1	19359450	19360030	580
LG1	19362359	19362783	424
LG1	19362934	19362964	30
LG1	19363110	19363561	451
LG1	19364291	19365742	1451
LG1	19366188	19366735	547
LG1	19367237	19367388	151
LG1	19367453	19370343	2890
LG1	19370733	19371110	377
LG1	19372691	19373400	709
LG1	19373447	19373718	271
LG1	19374876	19375129	253
LG1	19375173	19375798	625
LG1	19376651	19377777	1126
LG1	19379549	19379616	67
LG1	19381270	19381367	97
LG1	19381464	19381803	339
LG1	19381977	19382288	311
LG1	19382463	19383022	559
LG1	19383129	19385305	2176
LG1	19385432	19386293	861
LG1	19386463	19387350	887
LG1	19387952	19392144	4192
LG1	19394992	19395357	365
LG1	19395433	19395563	130
LG1	19395608	19398398	2790
LG1	19398424	19399519	1095
LG1	19400435	19400602	167
LG1	19400935	19401159	224
LG1	19401555	19402495	940
LG1	19402555	19403278	723
LG1	19403501	19404486	985
LG1	19404602	19405395	793
LG1	19405658	19406561	903
LG1	19406597	19407362	765
LG1	19408383	19408780	397
LG1	19408954	19409612	658
LG1	19409636	19410710	1074
LG1	19411049	19412010	961
LG1	19412133	19414077	1944
LG1	19414151	19415781	1630
LG1	19416343	19418088	1745
LG1	19418391	19418843	452
LG1	19418855	19420246	1391
LG1	19421109	19422501	1392
LG1	19422575	19423429	854
LG1	19423709	19424748	1039
LG1	19425044	19425937	893
LG1	19425982	19426411	429
LG1	19427311	19428717	1406
LG1	19429372	19429685	313
LG1	19430318	19431828	1510
LG1	19432077	19432650	573
LG1	19432723	19432882	159
LG1	19432999	19434365	1366
LG1	19435121	19437366	2245
LG1	19438738	19439364	626
LG1	19439400	19439868	468
LG1	19441915	19443146	1231
LG1	19443793	19443866	73
LG1	19445123	19445654	531
LG1	19447595	19447664	69
LG1	19447735	19448042	307
LG1	19449588	19449852	264
LG1	19451306	19453699	2393
LG1	19453905	19456364	2459
LG1	19456459	19458318	1859
LG1	19458544	19460208	1664
LG1	19460315	19461232	917
LG1	19461813	19461942	129
LG1	19464028	19464967	939
LG1	19465791	19466178	387
LG1	19466350	19466562	212
LG1	19467105	19468266	1161
LG1	19468688	19469448	760
LG1	19469975	19470145	170
LG1	19470740	19472464	1724
LG1	19472538	19473414	876
LG1	19473643	19474278	635
LG1	19474598	19475285	687
LG1	19475431	19475774	343
LG1	19475790	19476266	476
LG1	19476677	19477463	786
LG1	19477971	19479070	1099
LG1	19479427	19480313	886
LG1	19481298	19481437	139
LG1	19482088	19483229	1141
LG1	19484196	19484859	663
LG1	19485811	19485966	155
LG1	19486903	19486985	82
LG1	19487407	19489661	2254
LG1	19491282	19491331	49
LG1	19491591	19492330	739
LG1	19493905	19494594	689
LG1	19494665	19494727	62
LG1	19494758	19495064	306
LG1	19496448	19497456	1008
LG1	19497559	19497982	423
LG1	19498987	19499671	684
LG1	19499773	19500962	1189
LG1	19501999	19502469	470
LG1	19503790	19505104	1314
LG1	19505189	19505632	443
LG1	19505635	19507693	2058
LG1	19508615	19509009	394
LG1	19509312	19509545	233
LG1	19511552	19512169	617
LG1	19513859	19514132	273
LG1	19514238	19514523	285
LG1	19516759	19518399	1640
LG1	19519326	19519636	310
LG1	19520587	19521559	972
LG1	19521588	19521768	180
LG1	19521915	19522916	1001
LG1	19523002	19523113	111
LG1	19523303	19524354	1051
LG1	19524434	19524934	500
LG1	19526485	19527273	788
LG1	19530408	19530830	422
LG1	19531443	19531679	236
LG1	19531790	19532024	234
LG1	19532164	19533268	1104
LG1	19535933	19536069	136
LG1	19536121	19538007	1886
LG1	19538785	19539340	555
LG1	19539572	19539681	109
LG1	19540020	19540121	101
LG1	19540618	19542328	1710
LG1	19542622	19544374	1752
LG1	19545937	19548483	2546
LG1	19549597	19551599	2002
LG1	19552358	19553942	1584
LG1	19555035	19555475	440
LG1	19555531	19556318	787
LG1	19556432	19556635	203
LG1	19556810	19558113	1303
LG1	19558992	19559188	196
LG1	19560647	19561952	1305
LG1	19562715	19563676	961
LG1	19564079	19564893	814
LG1	19565627	19570291	4664
LG1	19570428	19571706	1278
LG1	19571771	19571830	59
LG1	19571865	19575658	3793
LG1	19575688	19578777	3089
LG1	19578879	19579186	307
LG1	19579372	19580481	1109
LG1	19580518	19580896	378
LG1	19581480	19590468	8988
LG1	19590667	19592138	1471
LG1	19592312	19593407	1095
LG1	19593736	19604918	11182
LG1	19605060	19606144	1084
LG1	19606456	19611648	5192
LG1	19611803	19616053	4250
LG1	19616411	19617168	757
LG1	19617510	19620455	2945
LG1	19620602	19625309	4707
LG1	19625375	19626397	1022
LG1	19626571	19626909	338
LG1	19626949	19629329	2380
LG1	19629510	19630667	1157
LG1	19630835	19639223	8388
LG1	19640831	19642079	1248
LG1	19642098	19643821	1723
LG1	19643840	19647286	3446
LG1	19647427	19650399	2972
LG1	19650550	19650917	367
LG1	19651108	19651456	348
LG1	19651686	19655018	3332
LG1	19655312	19661151	5839
LG1	19661200	19661246	46
LG1	19661249	19662799	1550
LG1	19664195	19666259	2064
LG1	19666348	19666549	201
LG1	19666592	19670448	3856
LG1	19670703	19671165	462
LG1	19671265	19671500	235
LG1	19671546	19672881	1335
LG1	19672998	19674808	1810
LG1	19674948	19676899	1951
LG1	19677116	19677464	348
LG1	19677502	19678735	1233
LG1	19679192	19681657	2465
LG1	19681716	19682497	781
LG1	19682626	19691730	9104
LG1	19691767	19691815	48
LG1	19691887	19692155	268
LG1	19692223	19692292	69
LG1	19692363	19692805	442
LG1	19693017	19693378	361
LG1	19693413	19699326	5913
LG1	19700928	19701030	102
LG1	19701036	19705289	4253
LG1	19706667	19707255	588
LG1	19707510	19708393	883
LG1	19709277	19710023	746
LG1	19710066	19711174	1108
LG1	19711186	19711309	123
LG1	19712414	19712672	258
LG1	19715264	19716670	1406
LG1	19716846	19718548	1702
LG1	19719741	19723130	3389
LG1	19723203	19725231	2028
LG1	19725548	19728035	2487
LG1	19728217	19729113	896
LG1	19729641	19731009	1368
LG1	19731200	19731655	455
LG1	19731669	19734090	2421
LG1	19734972	19735695	723
LG1	19736388	19739855	3467
LG1	19742474	19743933	1459
LG1	19744338	19745978	1640
LG1	19747954	19750459	2505
LG1	19750566	19751247	681
LG1	19752258	19753513	1255
LG1	19755729	19756839	1110
LG1	19756934	19757391	457
LG1	19758085	19759436	1351
LG1	19759576	19761180	1604
LG1	19761777	19762597	820
LG1	19763061	19764213	1152
LG1	19764917	19767331	2414
LG1	19771798	19772863	1065
LG1	19773315	19774212	897
LG1	19774268	19775301	1033
LG1	19775384	19777922	2538
LG1	19778056	19778689	633
LG1	19779305	19779477	172
LG1	19779839	19781629	1790
LG1	19782478	19783063	585
LG1	19784198	19784963	765
LG1	19785137	19786535	1398
LG1	19786690	19789964	3274
LG1	19790060	19791804	1744
LG1	19795224	19795552	328
LG1	19797506	19797980	474
LG1	19806057	19806669	612
LG1	19807048	19807594	546
LG1	19807637	19808627	990
LG1	19808778	19809744	966
LG1	19810499	19810921	422
LG1	19811226	19811495	269
LG1	19811782	19812401	619
LG1	19812648	19813205	557
LG1	19815407	19816065	658
LG1	19816513	19818023	1510
LG1	19818130	19819174	1044
LG1	19819711	19822857	3146
LG1	19826529	19826978	449
LG1	19827072	19827802	730
LG1	19828792	19829047	255
LG1	19829699	19830683	984
LG1	19831293	19831686	393
LG1	19832751	19833024	273
LG1	19833386	19833661	275
LG1	19833685	19834716	1031
LG1	19835000	19835283	283
LG1	19835400	19835736	336
LG1	19837383	19839063	1680
LG1	19839114	19839591	477
LG1	19839697	19839959	262
LG1	19840128	19840727	599
LG1	19840872	19841166	294
LG1	19841321	19841501	180
LG1	19844012	19844607	595
LG1	19844753	19844807	54
LG1	19844831	19845053	222
LG1	19848310	19848425	115
LG1	19848426	19848963	537
LG1	19849043	19849162	119
LG1	19849441	19849924	483
LG1	19849999	19850864	865
LG1	19852936	19853168	232
LG1	19853775	19854636	861
LG1	19856146	19858986	2840
LG1	19859024	19859081	57
LG1	19859176	19860022	846
LG1	19860209	19860380	171
LG1	19864999	19865165	166
LG1	19865210	19865311	101
LG1	19866039	19866417	378
LG1	19866437	19866758	321
LG1	19866820	19868202	1382
LG1	19870385	19870740	355
LG1	19872471	19872983	512
LG1	19874047	19874396	349
LG1	19874661	19877072	2411
LG1	19877112	19877283	171
LG1	19877303	19878181	878
LG1	19878275	19878751	476
LG1	19878960	19880560	1600
LG1	19880703	19881032	329
LG1	19881483	19881575	92
LG1	19881803	19882257	454
LG1	19883255	19885961	2706
LG1	19886761	19887791	1030
LG1	19888170	19888346	176
LG1	19888726	19889038	312
LG1	19889263	19889497	234
LG1	19889700	19890788	1088
LG1	19893110	19894329	1219
LG1	19894576	19896359	1783
LG1	19897664	19899523	1859
LG1	19899682	19900778	1096
LG1	19900892	19901243	351
LG1	19902686	19903619	933
LG1	19904070	19905741	1671
LG1	19906260	19907452	1192
LG1	19908583	19908801	218
LG1	19909786	19911899	2113
LG1	19913362	19914428	1066
LG1	19915877	19918243	2366
LG1	19919111	19919259	148
LG1	19919313	19919576	263
LG1	19920957	19921099	142
LG1	19922368	19922524	156
LG1	19922765	19922854	89
LG1	19923675	19923865	190
LG1	19925197	19925384	187
LG1	19927100	19927335	235
LG1	19931937	19933043	1106
LG1	19933131	19933375	244
LG1	19933471	19933842	371
LG1	19934019	19934350	331
LG1	19934387	19935236	849
LG1	19935790	19936395	605
LG1	19936697	19937436	739
LG1	19937832	19937916	84
LG1	19937956	19940399	2443
LG1	19940415	19940742	327
LG1	19941650	19942107	457
LG1	19943377	19944276	899
LG1	19948810	19949138	328
LG1	19951939	19952237	298
LG1	19953207	19953561	354
LG1	19954957	19955138	181
LG1	19955905	19956805	900
LG1	19957930	19958513	583
LG1	19959036	19959117	81
LG1	19959342	19959734	392
LG1	19961067	19961757	690
LG1	19963321	19963525	204
LG1	19964771	19968136	3365
LG1	19968555	19969247	692
LG1	19970730	19971686	956
LG1	19971743	19972096	353
LG1	19972277	19973069	792
LG1	19975417	19975897	480
LG1	19978722	19979114	392
LG1	19983652	19983795	143
LG1	19985913	19987869	1956
LG1	19992271	19993180	909
LG1	19994806	19996462	1656
LG1	19998845	20000296	1451
LG1	20000436	20000991	555
LG1	20001073	20002268	1195
LG1	20002303	20002360	57
LG1	20004252	20005240	988
LG1	20008904	20008992	88
LG1	20009489	20010283	794
LG1	20010387	20010898	511
LG1	20010924	20011474	550
LG1	20012738	20014575	1837
LG1	20014672	20019416	4744
LG1	20019491	20019536	45
LG1	20019605	20020019	414
LG1	20020181	20020366	185
LG1	20021802	20024512	2710
LG1	20024575	20028652	4077
LG1	20028747	20032507	3760
LG1	20032684	20032934	250
LG1	20032972	20034687	1715
LG1	20034842	20040290	5448
LG1	20040902	20042041	1139
LG1	20042068	20045180	3112
LG1	20045885	20045983	98
LG1	20046134	20046599	465
LG1	20046614	20048098	1484
LG1	20048886	20049710	824
LG1	20050049	20050268	219
LG1	20050863	20051503	640
LG1	20052731	20056964	4233
LG1	20057129	20057445	316
LG1	20059576	20060131	555
LG1	20060163	20060302	139
LG1	20061317	20062620	1303
LG1	20064265	20065612	1347
LG1	20066258	20067175	917
LG1	20067373	20068582	1209
LG1	20070219	20070335	116
LG1	20070394	20070692	298
LG1	20071036	20071974	938
LG1	20072013	20072104	91
LG1	20072334	20073287	953
LG1	20074325	20074752	427
LG1	20076774	20078499	1725
LG1	20078528	20078553	25
LG1	20078560	20078610	50
LG1	20081724	20083245	1521
LG1	20083260	20083316	56
LG1	20086848	20089006	2158
LG1	20090894	20092140	1246
LG1	20093756	20093986	230
LG1	20094850	20095114	264
LG1	20095403	20097594	2191
LG1	20100422	20103089	2667
LG1	20103935	20105117	1182
LG1	20105305	20105969	664
LG1	20107316	20107868	552
LG1	20109158	20110974	1816
LG1	20111089	20111357	268
LG1	20111391	20116404	5013
LG1	20116683	20116763	80
LG1	20118276	20119439	1163
LG1	20119593	20119709	116
LG1	20121296	20126873	5577
LG1	20128022	20130106	2084
LG1	20132254	20132804	550
LG1	20134251	20136919	2668
LG1	20136972	20137437	465
LG1	20139018	20143162	4144
LG1	20144977	20146784	1807
LG1	20147968	20150258	2290
LG1	20150276	20151465	1189
LG1	20151585	20152213	628
LG1	20152356	20153079	723
LG1	20153764	20154543	779
LG1	20154562	20158799	4237
LG1	20158852	20160879	2027
LG1	20161629	20163176	1547
LG1	20164586	20164769	183
LG1	20165028	20165485	457
LG1	20165769	20166506	737
LG1	20166859	20168826	1967
LG1	20168883	20170051	1168
LG1	20170201	20170824	623
LG1	20170857	20171769	912
LG1	20171791	20172344	553
LG1	20172926	20173743	817
LG1	20174781	20175058	277
LG1	20175188	20175694	506
LG1	20175936	20176227	291
LG1	20178075	20178118	43
LG1	20178121	20178197	76
LG1	20178316	20179677	1361
LG1	20179769	20180069	300
LG1	20180631	20182689	2058
LG1	20182931	20183357	426
LG1	20183519	20184700	1181
LG1	20184743	20185624	881
LG1	20186131	20189230	3099
LG1	20189378	20189511	133
LG1	20190301	20192090	1789
LG1	20192156	20193018	862
LG1	20193040	20195447	2407
LG1	20197241	20198083	842
LG1	20199673	20200622	949
LG1	20200736	20201541	805
LG1	20202334	20202904	570
LG1	20203469	20203573	104
LG1	20204455	20204942	487
LG1	20204962	20206410	1448
LG1	20208264	20209525	1261
LG1	20209608	20209730	122
LG1	20210010	20210530	520
LG1	20212235	20212817	582
LG1	20214072	20214909	837
LG1	20215101	20215196	95
LG1	20215308	20215544	236
LG1	20216270	20217754	1484
LG1	20218173	20218628	455
LG1	20219030	20219257	227
LG1	20219288	20220220	932
LG1	20221129	20221844	715
LG1	20221949	20223488	1539
LG1	20224354	20224975	621
LG1	20225151	20225352	201
LG1	20226976	20227813	837
LG1	20228317	20228386	69
LG1	20228477	20230718	2241
LG1	20232829	20233272	443
LG1	20234679	20234809	130
LG1	20236235	20236675	440
LG1	20238123	20238811	688
LG1	20239198	20239476	278
LG1	20242058	20243103	1045
LG1	20243152	20243636	484
LG1	20244592	20244807	215
LG1	20246473	20248243	1770
LG1	20249421	20249530	109
LG1	20249857	20250333	476
LG1	20250359	20250903	544
LG1	20251524	20251860	336
LG1	20251998	20252772	774
LG1	20254178	20255434	1256
LG1	20256251	20256362	111
LG1	20257321	20257427	106
LG1	20257832	20258459	627
LG1	20258461	20258956	495
LG1	20258993	20259098	105
LG1	20259829	20260561	732
LG1	20261118	20261350	232
LG1	20261729	20262652	923
LG1	20262661	20262752	91
LG1	20263047	20263257	210
LG1	20264989	20266976	1987
LG1	20267987	20268169	182
LG1	20268213	20269293	1080
LG1	20269474	20270762	1288
LG1	20270916	20273997	3081
LG1	20274252	20274315	63
LG1	20275058	20276107	1049
LG1	20276286	20277887	1601
LG1	20278727	20281167	2440
LG1	20282121	20282181	60
LG1	20282544	20283398	854
LG1	20283443	20285430	1987
LG1	20285501	20285876	375
LG1	20285979	20286621	642
LG1	20286689	20289945	3256
LG1	20290233	20291173	940
LG1	20291238	20291895	657
LG1	20291931	20292302	371
LG1	20292432	20292860	428
LG1	20295722	20296166	444
LG1	20296251	20296811	560
LG1	20297878	20299285	1407
LG1	20299389	20300089	700
LG1	20300230	20300407	177
LG1	20300558	20301174	616
LG1	20301241	20301437	196
LG1	20302560	20304552	1992
LG1	20304695	20305408	713
LG1	20306088	20307224	1136
LG1	20307284	20307832	548
LG1	20309993	20310321	328
LG1	20311126	20312153	1027
LG1	20312861	20314286	1425
LG1	20314801	20315130	329
LG1	20315363	20315500	137
LG1	20316750	20317482	732
LG1	20318968	20319125	157
LG1	20319790	20320549	759
LG1	20320599	20320741	142
LG1	20320923	20321192	269
LG1	20321669	20321930	261
LG1	20322363	20323501	1138
LG1	20324504	20324547	43
LG1	20324634	20325549	915
LG1	20325786	20327236	1450
LG1	20328196	20328624	428
LG1	20329186	20329771	585
LG1	20329907	20330072	165
LG1	20330473	20330784	311
LG1	20332074	20332412	338
LG1	20334330	20334710	380
LG1	20336081	20336577	496
LG1	20336692	20337233	541
LG1	20337645	20337819	174
LG1	20337870	20338003	133
LG1	20338122	20338194	72
LG1	20338621	20339075	454
LG1	20339247	20340496	1249
LG1	20340696	20341845	1149
LG1	20341903	20342345	442
LG1	20342617	20343463	846
LG1	20343562	20343721	159
LG1	20343845	20343955	110
LG1	20344042	20345664	1622
LG1	20345909	20346761	852
LG1	20346888	20347156	268
LG1	20348116	20348359	243
LG1	20348412	20349135	723
LG1	20349264	20350706	1442
LG1	20352802	20353108	306
LG1	20355034	20355198	164
LG1	20356014	20357160	1146
LG1	20357349	20357542	193
LG1	20357604	20358133	529
LG1	20358392	20359043	651
LG1	20359245	20360103	858
LG1	20360473	20360633	160
LG1	20361169	20361379	210
LG1	20363827	20364032	205
LG1	20364355	20364939	584
LG1	20365001	20365692	691
LG1	20365732	20366888	1156
LG1	20370536	20372019	1483
LG1	20372972	20373282	310
LG1	20373488	20373573	85
LG1	20373633	20373827	194
LG1	20374647	20375751	1104
LG1	20379726	20379957	231
LG1	20380153	20381605	1452
LG1	20383131	20384073	942
LG1	20384548	20384570	22
LG1	20384890	20385711	821
LG1	20387125	20387741	616
LG1	20389233	20390163	930
LG1	20390359	20390718	359
LG1	20390907	20391094	187
LG1	20391212	20391755	543
LG1	20392591	20393174	583
LG1	20393399	20393858	459
LG1	20393973	20394205	232
LG1	20394993	20395089	96
LG1	20395211	20395498	287
LG1	20396255	20396720	465
LG1	20397488	20398075	587
LG1	20399398	20400874	1476
LG1	20400901	20401194	293
LG1	20401387	20401873	486
LG1	20401921	20402074	153
LG1	20403443	20404395	952
LG1	20405752	20405909	157
LG1	20405944	20407803	1859
LG1	20410563	20410635	72
LG1	20411930	20412706	776
LG1	20414576	20414783	207
LG1	20414920	20417350	2430
LG1	20417451	20418379	928
LG1	20418655	20418865	210
LG1	20418948	20419602	654
LG1	20420825	20421093	268
LG1	20421782	20422420	638
LG1	20422449	20424690	2241
LG1	20425230	20425361	131
LG1	20425887	20426842	955
LG1	20428327	20430443	2116
LG1	20431436	20432864	1428
LG1	20433000	20433322	322
LG1	20433367	20434381	1014
LG1	20434813	20435402	589
LG1	20436532	20437661	1129
LG1	20438018	20438178	160
LG1	20438242	20438694	452
LG1	20438799	20440370	1571
LG1	20441055	20443089	2034
LG1	20443112	20443843	731
LG1	20444880	20445339	459
LG1	20446452	20446661	209
LG1	20446735	20447291	556
LG1	20448794	20449126	332
LG1	20450383	20450523	140
LG1	20451186	20451404	218
LG1	20453603	20454014	411
LG1	20454842	20456504	1662
LG1	20456507	20456546	39
LG1	20457671	20458389	718
LG1	20459114	20459274	160
LG1	20459651	20459739	88
LG1	20462267	20463343	1076
LG1	20464074	20464323	249
LG1	20465314	20466015	701
LG1	20467490	20468023	533
LG1	20468076	20468335	259
LG1	20469475	20469859	384
LG1	20469884	20470280	396
LG1	20471241	20471379	138
LG1	20472463	20473042	579
LG1	20474443	20478005	3562
LG1	20478158	20478388	230
LG1	20478556	20483788	5232
LG1	20483996	20484245	249
LG1	20484350	20484712	362
LG1	20484952	20485189	237
LG1	20486253	20487530	1277
LG1	20488955	20489260	305
LG1	20493047	20493139	92
LG1	20493434	20493846	412
LG1	20494264	20495718	1454
LG1	20496366	20497542	1176
LG1	20497663	20498038	375
LG1	20498925	20499159	234
LG1	20499369	20500912	1543
LG1	20500966	20501071	105
LG1	20501151	20501345	194
LG1	20501755	20503250	1495
LG1	20504445	20505438	993
LG1	20506637	20507716	1079
LG1	20508993	20509355	362
LG1	20509966	20510401	435
LG1	20510777	20512005	1228
LG1	20512225	20512395	170
LG1	20512563	20512634	71
LG1	20513478	20514945	1467
LG1	20515895	20515977	82
LG1	20516183	20516767	584
LG1	20516788	20517736	948
LG1	20518061	20518353	292
LG1	20519838	20520264	426
LG1	20520890	20521125	235
LG1	20522542	20523669	1127
LG1	20524623	20526232	1609
LG1	20527759	20528720	961
LG1	20528752	20528950	198
LG1	20529539	20529613	74
LG1	20530050	20530432	382
LG1	20531672	20532218	546
LG1	20532724	20534254	1530
LG1	20536704	20536784	80
LG1	20536875	20537245	370
LG1	20537317	20537621	304
LG1	20539283	20539976	693
LG1	20540163	20541620	1457
LG1	20541771	20542057	286
LG1	20542098	20542286	188
LG1	20543255	20543397	142
LG1	20543696	20545132	1436
LG1	20545175	20546624	1449
LG1	20546802	20547375	573
LG1	20547404	20547776	372
LG1	20548083	20549835	1752
LG1	20551697	20552835	1138
LG1	20552908	20555553	2645
LG1	20555605	20556062	457
LG1	20556114	20557174	1060
LG1	20558595	20559250	655
LG1	20559528	20559725	197
LG1	20559853	20560215	362
LG1	20561712	20561862	150
LG1	20562015	20562614	599
LG1	20571713	20571841	128
LG1	20573831	20574349	518
LG1	20576426	20577505	1079
LG1	20580481	20581120	639
LG1	20583796	20583901	105
LG1	20587233	20587928	695
LG1	20588030	20588264	234
LG1	20588292	20588525	233
LG1	20590412	20590525	113
LG1	20591947	20592903	956
LG1	20595436	20596281	845
LG1	20599226	20600820	1594
LG1	20603283	20603821	538
LG1	20605646	20606495	849
LG1	20606867	20608714	1847
LG1	20610797	20611097	300
LG1	20615618	20616020	402
LG1	20616083	20616424	341
LG1	20616923	20617957	1034
LG1	20618206	20618710	504
LG1	20619600	20620019	419
LG1	20620079	20620718	639
LG1	20621979	20623442	1463
LG1	20623545	20623636	91
LG1	20623957	20624733	776
LG1	20624749	20624918	169
LG1	20625588	20625990	402
LG1	20626419	20626450	31
LG1	20626570	20626732	162
LG1	20627978	20628285	307
LG1	20628861	20629045	184
LG1	20630306	20630872	566
LG1	20632047	20632666	619
LG1	20632833	20633209	376
LG1	20635156	20636253	1097
LG1	20637346	20638168	822
LG1	20640866	20641485	619
LG1	20641593	20641693	100
LG1	20641717	20641959	242
LG1	20643045	20644343	1298
LG1	20644862	20645309	447
LG1	20645665	20646207	542
LG1	20649623	20650266	643
LG1	20654443	20656137	1694
LG1	20656406	20658037	1631
LG1	20659616	20660177	561
LG1	20661911	20662374	463
LG1	20662641	20662799	158
LG1	20663449	20664621	1172
LG1	20665937	20666727	790
LG1	20667944	20668161	217
LG1	20669393	20670186	793
LG1	20670386	20670592	206
LG1	20670950	20671743	793
LG1	20672539	20672605	66
LG1	20674117	20674271	154
LG1	20675790	20676121	331
LG1	20676970	20677195	225
LG1	20677768	20678661	893
LG1	20680301	20680410	109
LG1	20680932	20681439	507
LG1	20681460	20684164	2704
LG1	20684458	20685537	1079
LG1	20685576	20686365	789
LG1	20686366	20686811	445
LG1	20688474	20688871	397
LG1	20690356	20690420	64
LG1	20690877	20691908	1031
LG1	20692025	20692699	674
LG1	20693147	20693604	457
LG1	20694016	20694882	866
LG1	20696530	20696602	72
LG1	20699169	20700234	1065
LG1	20700968	20701698	730
LG1	20704047	20704781	734
LG1	20706400	20706958	558
LG1	20707063	20708594	1531
LG1	20710435	20711278	843
LG1	20712578	20713394	816
LG1	20716621	20717014	393
LG1	20721534	20721954	420
LG1	20722017	20722684	667
LG1	20724945	20726002	1057
LG1	20730790	20732239	1449
LG1	20733126	20733207	81
LG1	20735162	20735258	96
LG1	20735866	20736641	775
LG1	20736812	20737114	302
LG1	20738223	20738713	490
LG1	20741121	20741829	708
LG1	20742468	20742529	61
LG1	20742927	20743354	427
LG1	20748202	20748329	127
LG1	20748594	20748954	360
LG1	20751127	20751220	93
LG1	20754890	20755220	330
LG1	20760284	20761043	759
LG1	20762922	20762959	37
LG1	20763062	20763219	157
LG1	20765796	20765977	181
LG1	20766209	20766462	253
LG1	20767126	20767484	358
LG1	20768148	20768790	642
LG1	20768892	20769856	964
LG1	20769986	20771845	1859
LG1	20773458	20774144	686
LG1	20774182	20774474	292
LG1	20775658	20776993	1335
LG1	20778580	20778841	261
LG1	20779631	20780045	414
LG1	20780627	20781820	1193
LG1	20782810	20783210	400
LG1	20783858	20783945	87
LG1	20785096	20785332	236
LG1	20788127	20788861	734
LG1	20794605	20795110	505
LG1	20798085	20798564	479
LG1	20798925	20799952	1027
LG1	20802411	20804719	2308
LG1	20805421	20805565	144
LG1	20806596	20810123	3527
LG1	20812657	20813473	816
LG1	20814511	20814592	81
LG1	20815092	20816285	1193
LG1	20816328	20817482	1154
LG1	20817886	20820489	2603
LG1	20820669	20820781	112
LG1	20822233	20823746	1513
LG1	20825280	20825582	302
LG1	20825640	20825831	191
LG1	20825979	20826726	747
LG1	20827375	20827998	623
LG1	20828533	20829043	510
LG1	20830632	20830985	353
LG1	20831544	20831881	337
LG1	20832597	20832838	241
LG1	20834925	20837624	2699
LG1	20838108	20840173	2065
LG1	20842053	20842674	621
LG1	20842847	20843529	682
LG1	20843685	20844376	691
LG1	20844766	20845292	526
LG1	20845516	20845699	183
LG1	20845762	20845950	188
LG1	20846113	20846713	600
LG1	20850001	20851967	1966
LG1	20852246	20852581	335
LG1	20852598	20854472	1874
LG1	20855691	20855812	121
LG1	20856035	20858487	2452
LG1	20861943	20862845	902
LG1	20863184	20863418	234
LG1	20864490	20865189	699
LG1	20867727	20867982	255
LG1	20869705	20870907	1202
LG1	20873241	20873684	443
LG1	20873735	20873902	167
LG1	20874130	20875339	1209
LG1	20881228	20884097	2869
LG1	20884416	20884633	217
LG1	20884636	20885386	750
LG1	20885487	20885606	119
LG1	20886536	20887413	877
LG1	20888229	20888500	271
LG1	20888917	20889255	338
LG1	20889325	20889874	549
LG1	20889937	20890356	419
LG1	20890972	20892375	1403
LG1	20892448	20893178	730
LG1	20893863	20894014	151
LG1	20894342	20894625	283
LG1	20894681	20895121	440
LG1	20895276	20895570	294
LG1	20897181	20898550	1369
LG1	20898880	20899199	319
LG1	20899281	20899691	410
LG1	20899833	20900409	576
LG1	20901962	20902563	601
LG1	20902579	20903695	1116
LG1	20903702	20903771	69
LG1	20906153	20907865	1712
LG1	20908104	20909026	922
LG1	20910823	20911643	820
LG1	20911729	20912719	990
LG1	20915529	20916122	593
LG1	20916210	20917127	917
LG1	20918628	20919527	899
LG1	20949328	20949603	275
LG1	20949688	20950152	464
LG1	20952634	20953671	1037
LG1	20953826	20954947	1121
LG1	20956100	20956508	408
LG1	20956630	20956870	240
LG1	20961710	20963390	1680
LG1	20964730	20965244	514
LG1	20965587	20968307	2720
LG1	20968474	20968807	333
LG1	20968864	20968957	93
LG1	20969239	20969339	100
LG1	20969801	20970259	458
LG1	20970410	20970772	362
LG1	20971185	20971962	777
LG1	20973433	20974093	660
LG1	20974158	20975668	1510
LG1	20976581	20976939	358
LG1	20978037	20978225	188
LG1	20978847	20979316	469
LG1	20979894	20980118	224
LG1	20981295	20982593	1298
LG1	20984371	20984477	106
LG1	20984816	20984911	95
LG1	20984974	20986016	1042
LG1	20987052	20987670	618
LG1	20987789	20988057	268
LG1	20990006	20992021	2015
LG1	20992334	20992566	232
LG1	20993933	20994690	757
LG1	20996128	20997286	1158
LG1	20997347	20997627	280
LG1	20998469	21001638	3169
LG1	21004098	21004637	539
LG1	21005104	21005311	207
LG1	21006545	21006978	433
LG1	21007036	21007290	254
LG1	21007669	21007782	113
LG1	21008017	21008609	592
LG1	21008653	21010189	1536
LG1	21010760	21010949	189
LG1	21010989	21012038	1049
LG1	21012122	21012534	412
LG1	21012708	21012973	265
LG1	21013243	21014397	1154
LG1	21015212	21017011	1799
LG1	21017029	21017818	789
LG1	21018647	21020341	1694
LG1	21021325	21022672	1347
LG1	21022728	21024067	1339
LG1	21024441	21024577	136
LG1	21024701	21025348	647
LG1	21026484	21027888	1404
LG1	21030509	21031386	877
LG1	21032845	21033997	1152
LG1	21034450	21035784	1334
LG1	21035860	21036485	625
LG1	21036562	21036633	71
LG1	21037392	21037668	276
LG1	21040387	21040587	200
LG1	21042624	21043135	511
LG1	21045784	21047936	2152
LG1	21049074	21050161	1087
LG1	21051943	21052238	295
LG1	21052936	21054361	1425
LG1	21054553	21055164	611
LG1	21055260	21055529	269
LG1	21056508	21057623	1115
LG1	21057893	21058754	861
LG1	21059290	21059672	382
LG1	21059879	21062337	2458
LG1	21062422	21062628	206
LG1	21063261	21064164	903
LG1	21064587	21064803	216
LG1	21065448	21065517	69
LG1	21065627	21068549	2922
LG1	21069492	21069629	137
LG1	21069724	21070401	677
LG1	21073258	21074483	1225
LG1	21074486	21075137	651
LG1	21075307	21075649	342
LG1	21078325	21078766	441
LG1	21079716	21079985	269
LG1	21080229	21081082	853
LG1	21081696	21081879	183
LG1	21084055	21084797	742
LG1	21088406	21088877	471
LG1	21088939	21089018	79
LG1	21089189	21089965	776
LG1	21092070	21092483	413
LG1	21092534	21093018	484
LG1	21093165	21093374	209
LG1	21093987	21094071	84
LG1	21094428	21094542	114
LG1	21096038	21096710	672
LG1	21097465	21098075	610
LG1	21098300	21099015	715
LG1	21099287	21100156	869
LG1	21100463	21100526	63
LG1	21100734	21101812	1078
LG1	21102096	21103942	1846
LG1	21104859	21108600	3741
LG1	21109281	21109325	44
LG1	21110271	21110347	76
LG1	21111262	21112263	1001
LG1	21112360	21113544	1184
LG1	21114599	21114945	346
LG1	21117509	21118356	847
LG1	21121166	21121359	193
LG1	21121406	21122386	980
LG1	21122523	21125237	2714
LG1	21126651	21128235	1584
LG1	21129577	21130570	993
LG1	21130730	21132094	1364
LG1	21132869	21133122	253
LG1	21133137	21133546	409
LG1	21134051	21134862	811
LG1	21134886	21136117	1231
LG1	21136246	21136335	89
LG1	21136378	21142588	6210
LG1	21147411	21147805	394
LG1	21153298	21153554	256
LG1	21156688	21157166	478
LG1	21158524	21159379	855
LG1	21159501	21159780	279
LG1	21160206	21161269	1063
LG1	21161305	21161503	198
LG1	21161581	21161701	120
LG1	21163764	21163979	215
LG1	21165330	21165597	267
LG1	21169085	21169555	470
LG1	21171845	21172139	294
LG1	21172486	21172823	337
LG1	21175005	21175984	979
LG1	21176042	21176283	241
LG1	21177271	21178322	1051
LG1	21181086	21182442	1356
LG1	21184070	21185100	1030
LG1	21185677	21186686	1009
LG1	21187140	21187461	321
LG1	21187823	21189299	1476
LG1	21189992	21190157	165
LG1	21190588	21191163	575
LG1	21192073	21192626	553
LG1	21195098	21196209	1111
LG1	21197541	21197930	389
LG1	21198758	21199560	802
LG1	21200657	21200941	284
LG1	21201561	21202154	593
LG1	21202348	21202685	337
LG1	21202739	21203192	453
LG1	21203506	21204154	648
LG1	21204176	21204408	232
LG1	21204449	21204897	448
LG1	21205278	21206167	889
LG1	21206191	21206243	52
LG1	21206410	21207215	805
LG1	21208484	21209131	647
LG1	21209373	21210048	675
LG1	21210843	21212578	1735
LG1	21212712	21214448	1736
LG1	21215944	21216977	1033
LG1	21217626	21219434	1808
LG1	21220028	21221538	1510
LG1	21223105	21224242	1137
LG1	21225200	21226141	941
LG1	21226274	21229108	2834
LG1	21230316	21230968	652
LG1	21231827	21233912	2085
LG1	21234201	21235083	882
LG1	21236498	21236852	354
LG1	21237685	21238872	1187
LG1	21238907	21239654	747
LG1	21239796	21241794	1998
LG1	21243120	21243715	595
LG1	21244583	21244672	89
LG1	21246164	21248340	2176
LG1	21250048	21251848	1800
LG1	21252243	21254222	1979
LG1	21254727	21256392	1665
LG1	21258433	21259078	645
LG1	21259465	21260073	608
LG1	21260221	21263203	2982
LG1	21265253	21266639	1386
LG1	21267644	21270564	2920
LG1	21270619	21275451	4832
LG1	21279353	21279573	220
LG1	21280916	21281822	906
LG1	21283189	21283829	640
LG1	21283939	21286010	2071
LG1	21288279	21288771	492
LG1	21290890	21291457	567
LG1	21291501	21291591	90
LG1	21291675	21294717	3042
LG1	21296146	21296536	390
LG1	21297875	21298099	224
LG1	21298274	21298315	41
LG1	21298679	21299132	453
LG1	21300447	21300492	45
LG1	21301982	21304932	2950
LG1	21305349	21305944	595
LG1	21306019	21307028	1009
LG1	21307120	21308718	1598
LG1	21310365	21311999	1634
LG1	21312663	21313643	980
LG1	21314017	21314622	605
LG1	21315431	21316147	716
LG1	21316296	21316579	283
LG1	21317347	21318378	1031
LG1	21318776	21319443	667
LG1	21320639	21321528	889
LG1	21322811	21331524	8713
LG1	21331602	21333016	1414
LG1	21335277	21336004	727
LG1	21336217	21336678	461
LG1	21337941	21338229	288
LG1	21339807	21340416	609
LG1	21340552	21341726	1174
LG1	21343047	21344596	1549
LG1	21345881	21346431	550
LG1	21346575	21346850	275
LG1	21347316	21347726	410
LG1	21348512	21349147	635
LG1	21349982	21350326	344
LG1	21351822	21352317	495
LG1	21352434	21352748	314
LG1	21352929	21354451	1522
LG1	21354734	21354973	239
LG1	21357348	21358228	880
LG1	21360107	21360410	303
LG1	21362710	21363669	959
LG1	21363839	21365053	1214
LG1	21366258	21366678	420
LG1	21366881	21368687	1806
LG1	21368747	21372786	4039
LG1	21373508	21373778	270
LG1	21376650	21381160	4510
LG1	21381161	21381518	357
LG1	21381869	21390536	8667
LG1	21390683	21390922	239
LG1	21391146	21395573	4427
LG1	21396000	21400447	4447
LG1	21400494	21403354	2860
LG1	21403887	21406119	2232
LG1	21406238	21413114	6876
LG1	21413135	21414402	1267
LG1	21414750	21417933	3183
LG1	21418230	21420337	2107
LG1	21420386	21421205	819
LG1	21421217	21425349	4132
LG1	21425360	21426185	825
LG1	21426829	21426925	96
LG1	21427129	21429084	1955
LG1	21430486	21435945	5459
LG1	21436168	21437829	1661
LG1	21437939	21439803	1864
LG1	21439918	21441076	1158
LG1	21441880	21451013	9133
LG1	21452257	21455224	2967
LG1	21455439	21455867	428
LG1	21455893	21459867	3974
LG1	21459882	21460006	124
LG1	21460212	21461344	1132
LG1	21461394	21462052	658
LG1	21462143	21463106	963
LG1	21463178	21464327	1149
LG1	21464456	21469160	4704
LG1	21469215	21469749	534
LG1	21469976	21474414	4438
LG1	21474426	21481752	7326
LG1	21481994	21483148	1154
LG1	21483197	21487996	4799
LG1	21488070	21498712	10642
LG1	21498751	21500762	2011
LG1	21501059	21507391	6332
LG1	21507534	21518423	10889
LG1	21518568	21523004	4436
LG1	21523142	21527279	4137
LG1	21527528	21532369	4841
LG1	21532449	21538537	6088
LG1	21538625	21544480	5855
LG1	21545888	21546572	684
LG1	21546831	21547049	218
LG1	21547172	21548416	1244
LG1	21548480	21549567	1087
LG1	21550307	21554629	4322
LG1	21554782	21557573	2791
LG1	21560275	21560635	360
LG1	21560999	21562002	1003
LG1	21562078	21563158	1080
LG1	21563249	21565068	1819
LG1	21567723	21568275	552
LG1	21568328	21573075	4747
LG1	21573076	21574143	1067
LG1	21575005	21579531	4526
LG1	21579615	21585212	5597
LG1	21585282	21589585	4303
LG1	21590164	21597740	7576
LG1	21597746	21598595	849
LG1	21598784	21601141	2357
LG1	21601186	21604675	3489
LG1	21604744	21610581	5837
LG1	21610799	21612130	1331
LG1	21612168	21616536	4368
LG1	21617114	21618133	1019
LG1	21618698	21618915	217
LG1	21618918	21619940	1022
LG1	21620037	21620400	363
LG1	21620832	21625526	4694
LG1	21626649	21627504	855
LG1	21629698	21632655	2957
LG1	21632804	21632959	155
LG1	21634328	21634443	115
LG1	21634472	21636791	2319
LG1	21636894	21639616	2722
LG1	21639735	21639934	199
LG1	21639956	21640867	911
LG1	21641476	21642586	1110
LG1	21643571	21644145	574
LG1	21644813	21645449	636
LG1	21645555	21647377	1822
LG1	21647509	21652383	4874
LG1	21652554	21655223	2669
LG1	21655239	21656453	1214
LG1	21656889	21662229	5340
LG1	21662253	21666939	4686
LG1	21667156	21667321	165
LG1	21667372	21674076	6704
LG1	21674304	21681320	7016
LG1	21682293	21682363	70
LG1	21682848	21684476	1628
LG1	21684826	21688876	4050
LG1	21689150	21689317	167
LG1	21690407	21690776	369
LG1	21690855	21693081	2226
LG1	21695299	21695671	372
LG1	21697382	21700702	3320
LG1	21700817	21701895	1078
LG1	21705198	21706215	1017
LG1	21706458	21707450	992
LG1	21707534	21708092	558
LG1	21708584	21709657	1073
LG1	21710771	21711038	267
LG1	21711220	21711446	226
LG1	21711553	21712504	951
LG1	21712597	21712949	352
LG1	21714045	21714322	277
LG1	21714409	21714512	103
LG1	21714557	21715058	501
LG1	21715937	21716077	140
LG1	21716577	21716865	288
LG1	21716990	21717183	193
LG1	21717369	21717610	241
LG1	21718202	21718987	785
LG1	21720573	21721220	647
LG1	21721306	21721612	306
LG1	21722137	21722463	326
LG1	21724038	21724181	143
LG1	21724199	21725171	972
LG1	21725256	21725325	69
LG1	21729028	21729826	798
LG1	21730151	21730470	319
LG1	21730530	21731407	877
LG1	21731493	21732143	650
LG1	21733591	21733721	130
LG1	21734752	21735297	545
LG1	21735675	21735954	279
LG1	21735999	21738294	2295
LG1	21739788	21740768	980
LG1	21741028	21741185	157
LG1	21741860	21742351	491
LG1	21742638	21743950	1312
LG1	21743982	21744784	802
LG1	21744933	21745715	782
LG1	21746981	21748060	1079
LG1	21748514	21751050	2536
LG1	21751103	21751459	356
LG1	21753401	21753543	142
LG1	21754638	21755282	644
LG1	21758003	21761828	3825
LG1	21763293	21763648	355
LG1	21763941	21764012	71
LG1	21764020	21764533	513
LG1	21764860	21765787	927
LG1	21765914	21766166	252
LG1	21766593	21766624	31
LG1	21766939	21767123	184
LG1	21767217	21768027	810
LG1	21768364	21768902	538
LG1	21769412	21770083	671
LG1	21770305	21770386	81
LG1	21770483	21772550	2067
LG1	21772702	21774155	1453
LG1	21774258	21774461	203
LG1	21774559	21774816	257
LG1	21776160	21776535	375
LG1	21776707	21776990	283
LG1	21778442	21778978	536
LG1	21779046	21780445	1399
LG1	21781528	21782159	631
LG1	21782258	21782826	568
LG1	21783137	21784041	904
LG1	21784684	21786324	1640
LG1	21786672	21787495	823
LG1	21789136	21791797	2661
LG1	21791826	21792500	674
LG1	21792878	21793804	926
LG1	21794034	21794268	234
LG1	21794535	21794939	404
LG1	21796244	21796561	317
LG1	21796610	21797085	475
LG1	21797228	21797474	246
LG1	21797545	21797654	109
LG1	21797836	21798531	695
LG1	21801170	21801273	103
LG1	21801480	21802367	887
LG1	21804638	21804830	192
LG1	21806920	21807114	194
LG1	21808002	21808907	905
LG1	21809726	21810482	756
LG1	21810539	21811117	578
LG1	21811205	21811334	129
LG1	21811789	21812266	477
LG1	21812414	21812555	141
LG1	21813087	21813873	786
LG1	21813905	21814524	619
LG1	21814646	21815234	588
LG1	21817555	21818822	1267
LG1	21818951	21819186	235
LG1	21819352	21819500	148
LG1	21820035	21820350	315
LG1	21820445	21820555	110
LG1	21821009	21821847	838
LG1	21821848	21823296	1448
LG1	21823951	21824208	257
LG1	21824370	21825359	989
LG1	21827432	21832492	5060
LG1	21832783	21832955	172
LG1	21833298	21833785	487
LG1	21834029	21835231	1202
LG1	21835338	21835530	192
LG1	21835576	21836395	819
LG1	21836541	21837530	989
LG1	21838658	21839338	680
LG1	21840144	21841090	946
LG1	21841249	21843120	1871
LG1	21846110	21846584	474
LG1	21846812	21847300	488
LG1	21847497	21847736	239
LG1	21848990	21849520	530
LG1	21849527	21850745	1218
LG1	21851771	21851825	54
LG1	21852283	21852850	567
LG1	21853135	21853237	102
LG1	21853269	21853343	74
LG1	21854878	21855155	277
LG1	21855551	21858608	3057
LG1	21858684	21859020	336
LG1	21860222	21860660	438
LG1	21861033	21861107	74
LG1	21861842	21862030	188
LG1	21862161	21862550	389
LG1	21862795	21864133	1338
LG1	21864439	21865605	1166
LG1	21865624	21868358	2734
LG1	21871251	21871905	654
LG1	21872146	21873227	1081
LG1	21874415	21874964	549
LG1	21874977	21875426	449
LG1	21875675	21878004	2329
LG1	21878720	21879968	1248
LG1	21881209	21881731	522
LG1	21884403	21887428	3025
LG1	21887866	21888066	200
LG1	21888211	21888310	99
LG1	21888432	21890166	1734
LG1	21890295	21890309	14
LG1	21890321	21890561	240
LG1	21891751	21891856	105
LG1	21891895	21892114	219
LG1	21892205	21892906	701
LG1	21892987	21893365	378
LG1	21894368	21894540	172
LG1	21895184	21895496	312
LG1	21895763	21896526	763
LG1	21898081	21898291	210
LG1	21898350	21898597	247
LG1	21900261	21900338	77
LG1	21901696	21902612	916
LG1	21903735	21903944	209
LG1	21905273	21906657	1384
LG1	21906812	21907425	613
LG1	21908942	21909289	347
LG1	21910912	21911886	974
LG1	21913099	21913162	63
LG1	21913169	21913174	5
LG1	21913193	21913635	442
LG1	21913976	21914234	258
LG1	21914721	21914987	266
LG1	21915106	21915739	633
LG1	21916392	21917737	1345
LG1	21919379	21921584	2205
LG1	21926437	21926718	281
LG1	21926846	21927771	925
LG1	21927883	21928065	182
LG1	21928614	21929428	814
LG1	21930400	21930630	230
LG1	21930690	21931225	535
LG1	21931298	21933268	1970
LG1	21933376	21933893	517
LG1	21934194	21934982	788
LG1	21935158	21935793	635
LG1	21936116	21936468	352
LG1	21936866	21939668	2802
LG1	21939978	21940075	97
LG1	21941205	21942023	818
LG1	21943210	21943567	357
LG1	21943690	21943840	150
LG1	21943936	21944935	999
LG1	21946499	21946827	328
LG1	21947771	21948413	642
LG1	21948950	21949113	163
LG1	21950312	21950943	631
LG1	21951004	21951181	177
LG1	21951243	21951487	244
LG1	21951752	21952242	490
LG1	21952990	21953440	450
LG1	21954549	21954702	153
LG1	21954865	21956672	1807
LG1	21958630	21960335	1705
LG1	21962013	21963302	1289
LG1	21964811	21964967	156
LG1	21965177	21966408	1231
LG1	21967725	21968014	289
LG1	21969773	21970208	435
LG1	21970289	21970610	321
LG1	21971749	21971928	179
LG1	21972539	21972730	191
LG1	21973519	21973893	374
LG1	21975719	21976527	808
LG1	21976598	21977069	471
LG1	21977291	21977793	502
LG1	21978117	21978172	55
LG1	21978773	21979154	381
LG1	21980557	21980805	248
LG1	21981667	21981859	192
LG1	21982520	21983397	877
LG1	21986353	21986530	177
LG1	21986670	21987769	1099
LG1	21988670	21989326	656
LG1	21990454	21991096	642
LG1	21991160	21992437	1277
LG1	21999197	22000049	852
LG1	22009729	22010016	287
LG1	22011009	22011133	124
LG1	22011467	22011599	132
LG1	22011648	22016065	4417
LG1	22016449	22016642	193
LG1	22016899	22017201	302
LG1	22017291	22017896	605
LG1	22018280	22019320	1040
LG1	22019406	22019470	64
LG1	22021108	22021893	785
LG1	22023153	22025055	1902
LG1	22025212	22026814	1602
LG1	22028282	22029293	1011
LG1	22029422	22029742	320
LG1	22031666	22032371	705
LG1	22032419	22033040	621
LG1	22033519	22033702	183
LG1	22034656	22035201	545
LG1	22035339	22035558	219
LG1	22037168	22037303	135
LG1	22037962	22038238	276
LG1	22038967	22039229	262
LG1	22041127	22041246	119
LG1	22041490	22043287	1797
LG1	22043543	22043974	431
LG1	22044187	22044603	416
LG1	22044710	22045061	351
LG1	22045149	22046743	1594
LG1	22049463	22050276	813
LG1	22051825	22052309	484
LG1	22054423	22054672	249
LG1	22054942	22055649	707
LG1	22060602	22060806	204
LG1	22062446	22063053	607
LG1	22063675	22064572	897
LG1	22065504	22065710	206
LG1	22066695	22066749	54
LG1	22068318	22068443	125
LG1	22069358	22069752	394
LG1	22069803	22070221	418
LG1	22070350	22070842	492
LG1	22070962	22071302	340
LG1	22072087	22072512	425
LG1	22073846	22074366	520
LG1	22074502	22075832	1330
LG1	22077462	22080028	2566
LG1	22080601	22081000	399
LG1	22082564	22083344	780
LG1	22084330	22085236	906
LG1	22086124	22086634	510
LG1	22086708	22086924	216
LG1	22088701	22089584	883
LG1	22091049	22091435	386
LG1	22098210	22098336	126
LG1	22099734	22100751	1017
LG1	22102632	22103079	447
LG1	22103795	22103954	159
LG1	22105915	22106215	300
LG1	22107264	22107446	182
LG1	22107558	22107867	309
LG1	22108150	22109147	997
LG1	22110780	22111094	314
LG1	22111186	22111270	84
LG1	22111398	22112757	1359
LG1	22114733	22117703	2970
LG1	22117738	22118690	952
LG1	22118697	22119489	792
LG1	22119635	22120784	1149
LG1	22121018	22121796	778
LG1	22121815	22123894	2079
LG1	22123911	22124280	369
LG1	22125341	22125423	82
LG1	22125740	22126343	603
LG1	22128027	22130427	2400
LG1	22132293	22133438	1145
LG1	22137301	22138081	780
LG1	22140009	22140688	679
LG1	22140711	22141759	1048
LG1	22142127	22142727	600
LG1	22143201	22144900	1699
LG1	22145428	22145582	154
LG1	22145728	22146643	915
LG1	22146714	22146952	238
LG1	22148842	22150195	1353
LG1	22150415	22150747	332
LG1	22151680	22152418	738
LG1	22152463	22153644	1181
LG1	22154107	22156318	2211
LG1	22156324	22157157	833
LG1	22157174	22158010	836
LG1	22158126	22158818	692
LG1	22160398	22161366	968
LG1	22161478	22161802	324
LG1	22165741	22165766	25
LG1	22165776	22165918	142
LG1	22166018	22166599	581
LG1	22170045	22170136	91
LG1	22170745	22171301	556
LG1	22172322	22173906	1584
LG1	22174079	22174121	42
LG1	22174309	22176154	1845
LG1	22178385	22178875	490
LG1	22178939	22179774	835
LG1	22181409	22182390	981
LG1	22183234	22184234	1000
LG1	22185754	22186188	434
LG1	22186245	22186926	681
LG1	22186996	22187062	66
LG1	22187091	22187726	635
LG1	22189298	22190449	1151
LG1	22191477	22191891	414
LG1	22192525	22192636	111
LG1	22193308	22193899	591
LG1	22194025	22194204	179
LG1	22194333	22196623	2290
LG1	22196886	22196920	34
LG1	22196977	22197512	535
LG1	22197564	22198034	470
LG1	22198430	22199413	983
LG1	22199584	22199751	167
LG1	22199779	22200856	1077
LG1	22200865	22201057	192
LG1	22202262	22202865	603
LG1	22204920	22205005	85
LG1	22205521	22205614	93
LG1	22208504	22209485	981
LG1	22211046	22212535	1489
LG1	22213249	22213773	524
LG1	22213985	22214788	803
LG1	22216602	22217514	912
LG1	22217575	22218049	474
LG1	22218216	22218825	609
LG1	22218887	22221183	2296
LG1	22221798	22222182	384
LG1	22222257	22222763	506
LG1	22223253	22224094	841
LG1	22224246	22224360	114
LG1	22225431	22225613	182
LG1	22225870	22226639	769
LG1	22228232	22228828	596
LG1	22228955	22231925	2970
LG1	22232066	22232150	84
LG1	22232247	22233132	885
LG1	22233308	22234418	1110
LG1	22235127	22235307	180
LG1	22235393	22237384	1991
LG1	22237462	22238014	552
LG1	22238173	22240427	2254
LG1	22240440	22241271	831
LG1	22242491	22242720	229
LG1	22242796	22243672	876
LG1	22243708	22243982	274
LG1	22244964	22245240	276
LG1	22246717	22247239	522
LG1	22247416	22249211	1795
LG1	22249324	22250488	1164
LG1	22251407	22252274	867
LG1	22252878	22253307	429
LG1	22253529	22254016	487
LG1	22254088	22255493	1405
LG1	22255530	22255715	185
LG1	22255785	22257765	1980
LG1	22258085	22258202	117
LG1	22258367	22261226	2859
LG1	22261270	22262722	1452
LG1	22263158	22263560	402
LG1	22263893	22264640	747
LG1	22264755	22265297	542
LG1	22265479	22267290	1811
LG1	22268223	22270402	2179
LG1	22270818	22274315	3497
LG1	22274407	22274717	310
LG1	22276292	22276558	266
LG1	22276582	22276831	249
LG1	22278483	22279226	743
LG1	22279491	22280712	1221
LG1	22280797	22283419	2622
LG1	22284958	22285179	221
LG1	22286013	22286417	404
LG1	22286437	22286532	95
LG1	22287082	22287116	34
LG1	22287319	22287569	250
LG1	22288185	22288324	139
LG1	22289652	22290414	762
LG1	22290416	22290658	242
LG1	22291542	22291703	161
LG1	22291836	22292692	856
LG1	22293390	22294136	746
LG1	22294275	22294412	137
LG1	22295190	22298433	3243
LG1	22298638	22299848	1210
LG1	22299913	22300031	118
LG1	22300087	22300355	268
LG1	22303017	22303541	524
LG1	22303955	22304236	281
LG1	22304782	22304932	150
LG1	22305006	22305328	322
LG1	22307040	22308583	1543
LG1	22309790	22310494	704
LG1	22312810	22313469	659
LG1	22316621	22317188	567
LG1	22317463	22317493	30
LG1	22317578	22317852	274
LG1	22317972	22318493	521
LG1	22320319	22321794	1475
LG1	22325861	22326418	557
LG1	22328728	22329426	698
LG1	22329438	22331145	1707
LG1	22333450	22333658	208
LG1	22335481	22335547	66
LG1	22344341	22344842	501
LG1	22348298	22348454	156
LG1	22349473	22350322	849
LG1	22350677	22351023	346
LG1	22351147	22351368	221
LG1	22352497	22353217	720
LG1	22354530	22356082	1552
LG1	22356879	22358035	1156
LG1	22360726	22361166	440
LG1	22361376	22361694	318
LG1	22361844	22362174	330
LG1	22362210	22362556	346
LG1	22362877	22363674	797
LG1	22364991	22365392	401
LG1	22365551	22365797	246
LG1	22365927	22366363	436
LG1	22366484	22366769	285
LG1	22366807	22367782	975
LG1	22369647	22369908	261
LG1	22370667	22371547	880
LG1	22371656	22372115	459
LG1	22373156	22373237	81
LG1	22373323	22374075	752
LG1	22374750	22374968	218
LG1	22380476	22381137	661
LG1	22381386	22381444	58
LG1	22383109	22383492	383
LG1	22384978	22385317	339
LG1	22385646	22386155	509
LG1	22391221	22392033	812
LG1	22393266	22393686	420
LG1	22397408	22397974	566
LG1	22400637	22401024	387
LG1	22401864	22405276	3412
LG1	22406988	22408124	1136
LG1	22408237	22408636	399
LG1	22416312	22417043	731
LG1	22417086	22417311	225
LG1	22417767	22418027	260
LG1	22419162	22419873	711
LG1	22419931	22420057	126
LG1	22421786	22422109	323
LG1	22423679	22423794	115
LG1	22426779	22427289	510
LG1	22427335	22429501	2166
LG1	22429706	22430533	827
LG1	22432383	22432821	438
LG1	22434698	22435169	471
LG1	22438186	22439046	860
LG1	22440584	22440967	383
LG1	22443617	22444083	466
LG1	22445232	22445376	144
LG1	22445543	22446143	600
LG1	22446926	22447110	184
LG1	22447757	22447862	105
LG1	22447933	22448213	280
LG1	22448486	22448813	327
LG1	22450049	22450186	137
LG1	22451087	22451197	110
LG1	22451296	22452307	1011
LG1	22452363	22452556	193
LG1	22453719	22454107	388
LG1	22455234	22455496	262
LG1	22455544	22456500	956
LG1	22457335	22457418	83
LG1	22457986	22458574	588
LG1	22459819	22460113	294
LG1	22462241	22462576	335
LG1	22463618	22464730	1112
LG1	22464874	22466032	1158
LG1	22466790	22467799	1009
LG1	22468125	22470469	2344
LG1	22470572	22471887	1315
LG1	22471929	22473107	1178
LG1	22473158	22473575	417
LG1	22474134	22475368	1234
LG1	22476006	22477898	1892
LG1	22478103	22479375	1272
LG1	22479445	22480296	851
LG1	22480366	22481104	738
LG1	22481151	22481428	277
LG1	22481455	22481698	243
LG1	22481799	22481970	171
LG1	22482030	22482234	204
LG1	22482287	22482453	166
LG1	22483959	22484747	788
LG1	22484835	22485033	198
LG1	22485120	22485721	601
LG1	22486399	22489533	3134
LG1	22491571	22492242	671
LG1	22494945	22495069	124
LG1	22495503	22495680	177
LG1	22495708	22496109	401
LG1	22497077	22497538	461
LG1	22498520	22498669	149
LG1	22499268	22500585	1317
LG1	22501843	22502215	372
LG1	22502371	22503094	723
LG1	22503370	22503812	442
LG1	22504771	22504848	77
LG1	22505162	22505395	233
LG1	22505514	22505811	297
LG1	22506321	22506467	146
LG1	22506647	22507006	359
LG1	22507409	22508203	794
LG1	22511264	22511633	369
LG1	22512822	22513173	351
LG1	22513232	22513608	376
LG1	22513610	22513672	62
LG1	22513741	22514096	355
LG1	22516330	22516689	359
LG1	22520299	22521059	760
LG1	22523389	22523595	206
LG1	22524178	22524402	224
LG1	22526089	22526495	406
LG1	22526537	22526643	106
LG1	22526742	22527267	525
LG1	22528565	22529427	862
LG1	22531028	22531414	386
LG1	22532643	22532708	65
LG1	22532755	22532831	76
LG1	22535887	22536293	406
LG1	22537825	22538207	382
LG1	22538933	22539124	191
LG1	22539632	22539901	269
LG1	22539909	22540084	175
LG1	22540788	22541129	341
LG1	22542180	22542663	483
LG1	22542912	22543097	185
LG1	22543144	22543473	329
LG1	22546386	22547964	1578
LG1	22548180	22548331	151
LG1	22549948	22550877	929
LG1	22552760	22553241	481
LG1	22553288	22553778	490
LG1	22555084	22555614	530
LG1	22555739	22555917	178
LG1	22558377	22559932	1555
LG1	22559943	22560029	86
LG1	22560048	22560679	631
LG1	22561223	22562051	828
LG1	22563163	22563628	465
LG1	22568915	22569650	735
LG1	22569736	22569848	112
LG1	22569922	22570535	613
LG1	22570651	22570894	243
LG1	22571004	22573293	2289
LG1	22573380	22573584	204
LG1	22573656	22573963	307
LG1	22575496	22576139	643
LG1	22578997	22579142	145
LG1	22579823	22581975	2152
LG1	22582037	22582603	566
LG1	22582643	22583972	1329
LG1	22584004	22584677	673
LG1	22586455	22586789	334
LG1	22587779	22588368	589
LG1	22588799	22589132	333
LG1	22590783	22591305	522
LG1	22594406	22594709	303
LG1	22595170	22595515	345
LG1	22597310	22598782	1472
LG1	22599121	22599275	154
LG1	22599524	22600002	478
LG1	22600034	22600241	207
LG1	22600250	22600337	87
LG1	22600341	22600580	239
LG1	22604270	22604746	476
LG1	22607863	22608320	457
LG1	22610572	22610739	167
LG1	22610811	22611119	308
LG1	22612088	22612322	234
LG1	22612580	22612688	108
LG1	22615197	22615760	563
LG1	22615787	22616571	784
LG1	22618801	22620595	1794
LG1	22621325	22622156	831
LG1	22622368	22623046	678
LG1	22623694	22625865	2171
LG1	22625905	22626422	517
LG1	22626642	22626794	152
LG1	22627294	22627888	594
LG1	22627973	22628264	291
LG1	22628782	22628935	153
LG1	22629010	22629368	358
LG1	22629449	22629932	483
LG1	22631865	22632255	390
LG1	22632308	22632852	544
LG1	22634673	22634909	236
LG1	22635019	22635264	245
LG1	22635594	22635793	199
LG1	22635799	22635930	131
LG1	22637073	22637582	509
LG1	22638368	22638696	328
LG1	22638823	22638887	64
LG1	22638901	22639065	164
LG1	22639450	22639840	390
LG1	22640861	22641011	150
LG1	22642448	22642581	133
LG1	22643146	22643263	117
LG1	22644754	22645614	860
LG1	22646668	22647041	373
LG1	22647226	22647295	69
LG1	22647827	22649072	1245
LG1	22649096	22649608	512
LG1	22649907	22650040	133
LG1	22650878	22651278	400
LG1	22651421	22651781	360
LG1	22652139	22653061	922
LG1	22655520	22657702	2182
LG1	22659023	22659742	719
LG1	22661087	22661347	260
LG1	22661425	22661789	364
LG1	22661791	22662399	608
LG1	22664707	22664973	266
LG1	22665169	22665886	717
LG1	22665961	22666056	95
LG1	22666128	22666593	465
LG1	22666623	22667305	682
LG1	22667391	22668278	887
LG1	22669772	22669930	158
LG1	22670249	22670774	525
LG1	22670872	22671126	254
LG1	22671578	22671922	344
LG1	22673109	22674195	1086
LG1	22674560	22674952	392
LG1	22675002	22675688	686
LG1	22675731	22676126	395
LG1	22676261	22677107	846
LG1	22679727	22680386	659
LG1	22681456	22682069	613
LG1	22683852	22684195	343
LG1	22684785	22686085	1300
LG1	22686741	22686811	70
LG1	22687570	22688845	1275
LG1	22688991	22689290	299
LG1	22691074	22691473	399
LG1	22692414	22692572	158
LG1	22694749	22695408	659
LG1	22695431	22695794	363
LG1	22697905	22698710	805
LG1	22699704	22700547	843
LG1	22704227	22704310	83
LG1	22705543	22705660	117
LG1	22706399	22708342	1943
LG1	22712456	22712681	225
LG1	22713414	22714231	817
LG1	22714289	22714573	284
LG1	22716452	22717390	938
LG1	22717501	22718204	703
LG1	22718357	22718692	335
LG1	22718707	22718817	110
LG1	22718935	22719158	223
LG1	22719368	22719444	76
LG1	22720922	22721199	277
LG1	22723198	22724564	1366
LG1	22724709	22725144	435
LG1	22727803	22728159	356
LG1	22728834	22728928	94
LG1	22732406	22733485	1079
LG1	22733538	22733660	122
LG1	22733788	22734000	212
LG1	22734369	22735128	759
LG1	22735187	22735755	568
LG1	22736786	22737261	475
LG1	22737748	22737965	217
LG1	22738370	22738553	183
LG1	22739009	22740281	1272
LG1	22741200	22741394	194
LG1	22741907	22742376	469
LG1	22743131	22743309	178
LG1	22744722	22744927	205
LG1	22745438	22745723	285
LG1	22745761	22746040	279
LG1	22746114	22746659	545
LG1	22747427	22747612	185
LG1	22749632	22750631	999
LG1	22750725	22751401	676
LG1	22753323	22753904	581
LG1	22754921	22755533	612
LG1	22755777	22755961	184
LG1	22755976	22756591	615
LG1	22757797	22758140	343
LG1	22761708	22762628	920
LG1	22764176	22764587	411
LG1	22765329	22765410	81
LG1	22765514	22765609	95
LG1	22765740	22766102	362
LG1	22766565	22766984	419
LG1	22770106	22770273	167
LG1	22771087	22771354	267
LG1	22772104	22772361	257
LG1	22774443	22775818	1375
LG1	22776789	22777312	523
LG1	22778802	22781846	3044
LG1	22781921	22782926	1005
LG1	22784007	22785285	1278
LG1	22785486	22786030	544
LG1	22786244	22786382	138
LG1	22787481	22787927	446
LG1	22788084	22789241	1157
LG1	22790705	22792153	1448
LG1	22793929	22794655	726
LG1	22794942	22795123	181
LG1	22795546	22795750	204
LG1	22796150	22796705	555
LG1	22796929	22797050	121
LG1	22797359	22797911	552
LG1	22797912	22798038	126
LG1	22801499	22803244	1745
LG1	22805417	22806177	760
LG1	22806257	22806654	397
LG1	22808257	22809278	1021
LG1	22809449	22810168	719
LG1	22811653	22812531	878
LG1	22812759	22813403	644
LG1	22814676	22815458	782
LG1	22815891	22816639	748
LG1	22818049	22819480	1431
LG1	22820460	22824195	3735
LG1	22825193	22825950	757
LG1	22826553	22826759	206
LG1	22827596	22827762	166
LG1	22827948	22828044	96
LG1	22828639	22829395	756
LG1	22831090	22832512	1422
LG1	22832941	22833966	1025
LG1	22835186	22835693	507
LG1	22836023	22836572	549
LG1	22836935	22837895	960
LG1	22838326	22838394	68
LG1	22838738	22840095	1357
LG1	22840296	22840506	210
LG1	22840573	22840635	62
LG1	22842040	22842319	279
LG1	22842401	22842891	490
LG1	22844197	22844365	168
LG1	22845524	22846727	1203
LG1	22846915	22847268	353
LG1	22849026	22850834	1808
LG1	22851147	22851759	612
LG1	22851938	22854128	2190
LG1	22855030	22855279	249
LG1	22855877	22856353	476
LG1	22857338	22858120	782
LG1	22858239	22859420	1181
LG1	22859695	22859965	270
LG1	22860729	22860999	270
LG1	22861097	22861551	454
LG1	22862690	22863529	839
LG1	22864588	22865537	949
LG1	22865572	22866367	795
LG1	22866421	22867677	1256
LG1	22867792	22868749	957
LG1	22868883	22869534	651
LG1	22870489	22871078	589
LG1	22873876	22875088	1212
LG1	22875638	22876652	1014
LG1	22876788	22876813	25
LG1	22876923	22877531	608
LG1	22877615	22877662	47
LG1	22877680	22882989	5309
LG1	22886221	22886597	376
LG1	22890270	22890748	478
LG1	22891690	22892033	343
LG1	22892682	22893237	555
LG1	22894355	22894847	492
LG1	22896441	22897889	1448
LG1	22899236	22899523	287
LG1	22900559	22901825	1266
LG1	22902027	22902196	169
LG1	22902310	22902559	249
LG1	22903117	22903335	218
LG1	22905498	22905683	185
LG1	22905738	22905901	163
LG1	22906984	22908098	1114
LG1	22913981	22914061	80
LG1	22914584	22914711	127
LG1	22915791	22915923	132
LG1	22919033	22919445	412
LG1	22921655	22921903	248
LG1	22923017	22923249	232
LG1	22924055	22924426	371
LG1	22924646	22925347	701
LG1	22925391	22926834	1443
LG1	22927022	22928111	1089
LG1	22930764	22930946	182
LG1	22932874	22933127	253
LG1	22933825	22935106	1281
LG1	22938217	22938975	758
LG1	22939702	22940291	589
LG1	22942229	22943191	962
LG1	22943550	22943637	87
LG1	22944562	22948187	3625
LG1	22948522	22948662	140
LG1	22949805	22950306	501
LG1	22950471	22950741	270
LG1	22950822	22950866	44
LG1	22951074	22951687	613
LG1	22951810	22953225	1415
LG1	22953604	22953691	87
LG1	22955645	22955966	321
LG1	22955969	22956410	441
LG1	22956498	22957117	619
LG1	22958126	22959334	1208
LG1	22959904	22960162	258
LG1	22960254	22960819	565
LG1	22961229	22961685	456
LG1	22961753	22961995	242
LG1	22962078	22962602	524
LG1	22963596	22965492	1896
LG1	22966895	22967281	386
LG1	22970603	22972148	1545
LG1	22972259	22972642	383
LG1	22972711	22973640	929
LG1	22974202	22974388	186
LG1	22974812	22976172	1360
LG1	22976211	22977312	1101
LG1	22977385	22978682	1297
LG1	22978803	22978834	31
LG1	22978995	22980636	1641
LG1	22981369	22981602	233
LG1	22982206	22983233	1027
LG1	22983271	22983350	79
LG1	22985183	22985790	607
LG1	22985825	22985964	139
LG1	22986024	22986488	464
LG1	22988266	22989255	989
LG1	22989458	22989658	200
LG1	22990196	22991369	1173
LG1	22993074	22993437	363
LG1	22993548	22994882	1334
LG1	22994963	22995088	125
LG1	22995228	22996503	1275
LG1	22998463	22998952	489
LG1	23002150	23003605	1455
LG1	23006256	23006460	204
LG1	23007586	23008134	548
LG1	23009351	23010722	1371
LG1	23011006	23011206	200
LG1	23011355	23012297	942
LG1	23012849	23012976	127
LG1	23012995	23013272	277
LG1	23013336	23013673	337
LG1	23013688	23014730	1042
LG1	23014909	23015073	164
LG1	23015138	23015659	521
LG1	23017164	23017469	305
LG1	23017613	23017917	304
LG1	23018119	23018591	472
LG1	23020988	23022149	1161
LG1	23022320	23024189	1869
LG1	23024737	23025335	598
LG1	23026509	23027339	830
LG1	23027383	23029521	2138
LG1	23029639	23030477	838
LG1	23030490	23030794	304
LG1	23031053	23031145	92
LG1	23032885	23033488	603
LG1	23033678	23033914	236
LG1	23034078	23034331	253
LG1	23034338	23034587	249
LG1	23035974	23036975	1001
LG1	23038336	23039842	1506
LG1	23041794	23042242	448
LG1	23042734	23042950	216
LG1	23044307	23045504	1197
LG1	23045576	23045959	383
LG1	23045974	23046399	425
LG1	23047251	23047942	691
LG1	23048612	23049021	409
LG1	23049221	23050014	793
LG1	23050640	23051050	410
LG1	23052792	23052878	86
LG1	23053414	23053721	307
LG1	23054211	23055050	839
LG1	23055105	23055315	210
LG1	23055610	23056134	524
LG1	23056140	23056300	160
LG1	23057396	23057832	436
LG1	23057835	23058722	887
LG1	23058989	23059243	254
LG1	23060198	23060866	668
LG1	23061512	23062120	608
LG1	23063496	23064008	512
LG1	23064030	23065618	1588
LG1	23069671	23069699	28
LG1	23069702	23070135	433
LG1	23071335	23071964	629
LG1	23072006	23072720	714
LG1	23072786	23073177	391
LG1	23074463	23074663	200
LG1	23076099	23076235	136
LG1	23077450	23077693	243
LG1	23077722	23077891	169
LG1	23079075	23079189	114
LG1	23079715	23080113	398
LG1	23080140	23080391	251
LG1	23080486	23080917	431
LG1	23082148	23082306	158
LG1	23082327	23082434	107
LG1	23083762	23083955	193
LG1	23085863	23086177	314
LG1	23086490	23087096	606
LG1	23088461	23088614	153
LG1	23091289	23093533	2244
LG1	23093831	23094099	268
LG1	23100589	23101416	827
LG1	23101788	23102128	340
LG1	23105135	23105495	360
LG1	23106965	23107729	764
LG1	23108019	23108240	221
LG1	23108565	23109189	624
LG1	23109366	23109577	211
LG1	23110594	23111742	1148
LG1	23112522	23113068	546
LG1	23113172	23114224	1052
LG1	23114398	23115135	737
LG1	23115496	23116092	596
LG1	23116828	23117236	408
LG1	23117356	23117787	431
LG1	23118287	23118805	518
LG1	23118936	23119803	867
LG1	23119821	23119870	49
LG1	23119922	23120327	405
LG1	23120507	23120597	90
LG1	23121763	23122586	823
LG1	23122628	23122902	274
LG1	23122970	23123811	841
LG1	23125430	23126895	1465
LG1	23127544	23127614	70
LG1	23128763	23129430	667
LG1	23130368	23130650	282
LG1	23131038	23131115	77
LG1	23133495	23133710	215
LG1	23133856	23134359	503
LG1	23134402	23134570	168
LG1	23136112	23137551	1439
LG1	23137555	23140740	3185
LG1	23141984	23142291	307
LG1	23142605	23143628	1023
LG1	23143729	23143747	18
LG1	23143880	23144191	311
LG1	23145702	23147052	1350
LG1	23150028	23150547	519
LG1	23150771	23151187	416
LG1	23151913	23152503	590
LG1	23153429	23153985	556
LG1	23154669	23154778	109
LG1	23154998	23157209	2211
LG1	23157303	23157747	444
LG1	23157963	23159382	1419
LG1	23159533	23161048	1515
LG1	23161174	23165284	4110
LG1	23165685	23166128	443
LG1	23166212	23167088	876
LG1	23167198	23167860	662
LG1	23168395	23171251	2856
LG1	23172246	23173329	1083
LG1	23173517	23174172	655
LG1	23174209	23175893	1684
LG1	23175920	23177902	1982
LG1	23177998	23178342	344
LG1	23178476	23178858	382
LG1	23178886	23182041	3155
LG1	23182067	23183133	1066
LG1	23183344	23190246	6902
LG1	23191980	23192426	446
LG1	23193853	23195522	1669
LG1	23196835	23198541	1706
LG1	23198766	23201540	2774
LG1	23201566	23202770	1204
LG1	23202988	23208887	5899
LG1	23208968	23211262	2294
LG1	23211725	23213459	1734
LG1	23213821	23214730	909
LG1	23215012	23216696	1684
LG1	23216842	23219641	2799
LG1	23220189	23221203	1014
LG1	23222255	23223461	1206
LG1	23223703	23224509	806
LG1	23224523	23224653	130
LG1	23224852	23228061	3209
LG1	23228128	23228446	318
LG1	23228476	23228763	287
LG1	23229545	23230841	1296
LG1	23230851	23231172	321
LG1	23232504	23232991	487
LG1	23234664	23235763	1099
LG1	23235815	23237869	2054
LG1	23238120	23238856	736
LG1	23239010	23239087	77
LG1	23239263	23241024	1761
LG1	23241355	23242106	751
LG1	23242236	23243050	814
LG1	23243704	23244221	517
LG1	23244594	23246087	1493
LG1	23246544	23247100	556
LG1	23247295	23247730	435
LG1	23247770	23248322	552
LG1	23250657	23250897	240
LG1	23252384	23252740	356
LG1	23255716	23255859	143
LG1	23256039	23260121	4082
LG1	23261004	23262718	1714
LG1	23266738	23267020	282
LG1	23271236	23271565	329
LG1	23271645	23273945	2300
LG1	23274605	23274699	94
LG1	23275821	23275946	125
LG1	23275991	23276426	435
LG1	23277467	23277902	435
LG1	23278157	23278633	476
LG1	23279931	23281005	1074
LG1	23281961	23282114	153
LG1	23282424	23283504	1080
LG1	23284774	23285162	388
LG1	23286370	23287438	1068
LG1	23287466	23287906	440
LG1	23290432	23290932	500
LG1	23292134	23292272	138
LG1	23292418	23293175	757
LG1	23294475	23294936	461
LG1	23295012	23298055	3043
LG1	23298272	23298457	185
LG1	23299600	23300035	435
LG1	23300064	23303485	3421
LG1	23303488	23305031	1543
LG1	23305107	23306587	1480
LG1	23306689	23306743	54
LG1	23306890	23308346	1456
LG1	23308373	23309587	1214
LG1	23309740	23310017	277
LG1	23310692	23312905	2213
LG1	23312941	23315024	2083
LG1	23315054	23318936	3882
LG1	23319127	23319396	269
LG1	23319528	23320214	686
LG1	23320318	23320769	451
LG1	23321282	23322762	1480
LG1	23322915	23323295	380
LG1	23323470	23324036	566
LG1	23324045	23324489	444
LG1	23324490	23325304	814
LG1	23325666	23326249	583
LG1	23326389	23326622	233
LG1	23326988	23328406	1418
LG1	23328464	23328998	534
LG1	23329790	23330973	1183
LG1	23331937	23333661	1724
LG1	23335110	23337293	2183
LG1	23337345	23340572	3227
LG1	23340882	23349215	8333
LG1	23350863	23350974	111
LG1	23351047	23351494	447
LG1	23351502	23352308	806
LG1	23352680	23354210	1530
LG1	23354240	23354846	606
LG1	23354852	23355890	1038
LG1	23355975	23359360	3385
LG1	23360940	23361408	468
LG1	23361487	23361914	427
LG1	23363573	23364465	892
LG1	23364744	23365877	1133
LG1	23366175	23366216	41
LG1	23366248	23367278	1030
LG1	23367291	23368131	840
LG1	23368263	23370608	2345
LG1	23370668	23370890	222
LG1	23371166	23373862	2696
LG1	23374054	23374060	6
LG1	23374643	23374749	106
LG1	23375039	23375219	180
LG1	23375271	23379682	4411
LG1	23380303	23382687	2384
LG1	23383814	23385725	1911
LG1	23386805	23388720	1915
LG1	23388808	23393475	4667
LG1	23393547	23401334	7787
LG1	23401398	23401774	376
LG1	23401846	23403188	1342
LG1	23403553	23403848	295
LG1	23404475	23405111	636
LG1	23405284	23406577	1293
LG1	23406668	23407557	889
LG1	23407662	23408733	1071
LG1	23408838	23410039	1201
LG1	23410053	23410700	647
LG1	23411188	23412160	972
LG1	23412372	23413593	1221
LG1	23413715	23415310	1595
LG1	23415464	23419808	4344
LG1	23420990	23421461	471
LG1	23421490	23421893	403
LG1	23423795	23425323	1528
LG1	23425586	23425805	219
LG1	23426044	23426233	189
LG1	23426238	23426858	620
LG1	23428253	23428702	449
LG1	23430327	23434461	4134
LG1	23434839	23436763	1924
LG1	23436818	23439351	2533
LG1	23440354	23441121	767
LG1	23441474	23441818	344
LG1	23442234	23442564	330
LG1	23443475	23443764	289
LG1	23444755	23448438	3683
LG1	23451142	23451764	622
LG1	23451847	23451984	137
LG1	23452039	23452154	115
LG1	23453101	23453337	236
LG1	23453487	23453628	141
LG1	23453635	23453890	255
LG1	23454333	23454500	167
LG1	23454640	23454660	20
LG1	23455051	23455325	274
LG1	23455425	23455530	105
LG1	23455598	23458767	3169
LG1	23459428	23459774	346
LG1	23459917	23460072	155
LG1	23460120	23460218	98
LG1	23460339	23460523	184
LG1	23460577	23460606	29
LG1	23460818	23461063	245
LG1	23461123	23461946	823
LG1	23462068	23463713	1645
LG1	23463714	23465059	1345
LG1	23465404	23466555	1151
LG1	23466729	23468211	1482
LG1	23468563	23468772	209
LG1	23468979	23469923	944
LG1	23472566	23473138	572
LG1	23473322	23473554	232
LG1	23473556	23473692	136
LG1	23473906	23473940	34
LG1	23474329	23475394	1065
LG1	23475543	23475967	424
LG1	23476248	23477119	871
LG1	23477937	23478976	1039
LG1	23479195	23479419	224
LG1	23479491	23480223	732
LG1	23486063	23488061	1998
LG1	23488095	23491097	3002
LG1	23492462	23493295	833
LG1	23493396	23493691	295
LG1	23497522	23497743	221
LG1	23497766	23497994	228
LG1	23498783	23502985	4202
LG1	23503377	23503584	207
LG1	23504745	23504953	208
LG1	23505226	23505951	725
LG1	23507575	23508734	1159
LG1	23508818	23510685	1867
LG1	23511938	23512667	729
LG1	23512893	23512966	73
LG1	23513089	23514194	1105
LG1	23514331	23514745	414
LG1	23514814	23516327	1513
LG1	23516612	23518382	1770
LG1	23518793	23519207	414
LG1	23519389	23519548	159
LG1	23519944	23520454	510
LG1	23521736	23522073	337
LG1	23522637	23522799	162
LG1	23523251	23524139	888
LG1	23528216	23528370	154
LG1	23529016	23529134	118
LG1	23530573	23531251	678
LG1	23532973	23533228	255
LG1	23533490	23533678	188
LG1	23534474	23534981	507
LG1	23551561	23552053	492
LG1	23553780	23553883	103
LG1	23558309	23558377	68
LG1	23561299	23562781	1482
LG1	23579854	23580131	277
LG1	23585440	23585744	304
LG1	23587388	23588097	709
LG1	23588820	23588921	101
LG1	23589116	23589694	578
LG1	23589708	23589927	219
LG1	23590758	23592082	1324
LG1	23592298	23593085	787
LG1	23596506	23598740	2234
LG1	23599188	23599630	442
LG1	23601182	23602395	1213
LG1	23603998	23605500	1502
LG1	23605765	23606639	874
LG1	23606860	23608656	1796
LG1	23610160	23610255	95
LG1	23618969	23619860	891
LG1	23619972	23620031	59
LG1	23620148	23620574	426
LG1	23623276	23624934	1658
LG1	23625687	23626271	584
LG1	23626396	23627585	1189
LG1	23628493	23629958	1465
LG1	23630141	23630830	689
LG1	23633508	23633678	170
LG1	23633766	23633908	142
LG1	23634043	23635136	1093
LG1	23635625	23636386	761
LG1	23636976	23637897	921
LG1	23638187	23638619	432
LG1	23639567	23640207	640
LG1	23640254	23640738	484
LG1	23640932	23641394	462
LG1	23641434	23641528	94
LG1	23642157	23642551	394
LG1	23642595	23643275	680
LG1	23643359	23647415	4056
LG1	23649113	23649397	284
LG1	23650898	23652370	1472
LG1	23654271	23656180	1909
LG1	23656199	23658133	1934
LG1	23660315	23662233	1918
LG1	23664843	23665314	471
LG1	23665545	23667109	1564
LG1	23667358	23668730	1372
LG1	23668891	23669610	719
LG1	23669933	23670907	974
LG1	23673421	23673939	518
LG1	23675048	23677180	2132
LG1	23677630	23680448	2818
LG1	23681217	23681652	435
LG1	23684831	23686024	1193
LG1	23689130	23691487	2357
LG1	23692715	23692963	248
LG1	23695088	23695593	505
LG1	23696569	23697576	1007
LG1	23698830	23699413	583
LG1	23699483	23700823	1340
LG1	23701352	23703347	1995
LG1	23704772	23706100	1328
LG1	23706126	23706785	659
LG1	23707052	23707834	782
LG1	23708998	23710176	1178
LG1	23710179	23710356	177
LG1	23710357	23710500	143
LG1	23710887	23715212	4325
LG1	23717342	23718411	1069
LG1	23720298	23721269	971
LG1	23721297	23722108	811
LG1	23722612	23723248	636
LG1	23723281	23723479	198
LG1	23723645	23724198	553
LG1	23724214	23724742	528
LG1	23724772	23725369	597
LG1	23725784	23726312	528
LG1	23726545	23731943	5398
LG1	23734811	23736957	2146
LG1	23737600	23740301	2701
LG1	23740390	23741171	781
LG1	23741898	23742314	416
LG1	23742478	23745592	3114
LG1	23746415	23748370	1955
LG1	23749079	23749742	663
LG1	23749929	23751403	1474
LG1	23751705	23751890	185
LG1	23755268	23756805	1537
LG1	23757767	23758403	636
LG1	23761787	23762096	309
LG1	23762554	23763046	492
LG1	23763334	23763602	268
LG1	23763893	23765487	1594
LG1	23765785	23770856	5071
LG1	23771007	23771107	100
LG1	23771123	23771809	686
LG1	23772681	23779383	6702
LG1	23779677	23779878	201
LG1	23780146	23782163	2017
LG1	23782199	23784418	2219
LG1	23784587	23784697	110
LG1	23784780	23786802	2022
LG1	23788084	23789353	1269
LG1	23789776	23790273	497
LG1	23790430	23792850	2420
LG1	23792911	23793384	473
LG1	23793553	23800201	6648
LG1	23800365	23802370	2005
LG1	23802442	23803950	1508
LG1	23804509	23805356	847
LG1	23807041	23807796	755
LG1	23807926	23808475	549
LG1	23810740	23811181	441
LG1	23811694	23818050	6356
LG1	23818176	23818948	772
LG1	23819879	23828937	9058
LG1	23829108	23833185	4077
LG1	23834594	23837401	2807
LG1	23838176	23845232	7056
LG1	23845311	23846128	817
LG1	23846278	23854220	7942
LG1	23855244	23856469	1225
LG1	23857157	23859828	2671
LG1	23861321	23861695	374
LG1	23862910	23864097	1187
LG1	23864345	23864850	505
LG1	23865255	23866988	1733
LG1	23867041	23868067	1026
LG1	23868676	23869289	613
LG1	23869810	23869850	40
LG1	23869969	23871521	1552
LG1	23873798	23875150	1352
LG1	23876888	23877552	664
LG1	23877587	23880639	3052
LG1	23880731	23881257	526
LG1	23881758	23882165	407
LG1	23882362	23882783	421
LG1	23883268	23884122	854
LG1	23885683	23886492	809
LG1	23886736	23887323	587
LG1	23888583	23889981	1398
LG1	23890156	23892032	1876
LG1	23892413	23895447	3034
LG1	23897186	23898390	1204
LG1	23898455	23899141	686
LG1	23899192	23899504	312
LG1	23899722	23899946	224
LG1	23900457	23901789	1332
LG1	23901956	23902983	1027
LG1	23906934	23907275	341
LG1	23909459	23909685	226
LG1	23909692	23909817	125
LG1	23911250	23912891	1641
LG1	23912919	23913445	526
LG1	23913729	23916086	2357
LG1	23916462	23917021	559
LG1	23918041	23918769	728
LG1	23919360	23920922	1562
LG1	23920944	23921849	905
LG1	23922157	23922401	244
LG1	23922566	23925924	3358
LG1	23927191	23930335	3144
LG1	23931110	23932222	1112
LG1	23932846	23933774	928
LG1	23933862	23934352	490
LG1	23934456	23935187	731
LG1	23935255	23938803	3548
LG1	23939180	23939573	393
LG1	23939760	23941034	1274
LG1	23941125	23941918	793
LG1	23942225	23943105	880
LG1	23943513	23943715	202
LG1	23944661	23944783	122
LG1	23949427	23949629	202
LG1	23951189	23952137	948
LG1	23953632	23954306	674
LG1	23955206	23955465	259
LG1	23955579	23956078	499
LG1	23956504	23956786	282
LG1	23957021	23957091	70
LG1	23957396	23957493	97
LG1	23957665	23958290	625
LG1	23958498	23958539	41
LG1	23959444	23960178	734
LG1	23961140	23961999	859
LG1	23962123	23963003	880
LG1	23963133	23963300	167
LG1	23965015	23965120	105
LG1	23965844	23966087	243
LG1	23968169	23968847	678
LG1	23969557	23970177	620
LG1	23970556	23971384	828
LG1	23971528	23971607	79
LG1	23972488	23972576	88
LG1	23972787	23973361	574
LG1	23973542	23973849	307
LG1	23974447	23974994	547
LG1	23977800	23978506	706
LG1	23978803	23979235	432
LG1	23980312	23980546	234
LG1	23980575	23981107	532
LG1	23982781	23983838	1057
LG1	23983901	23984562	661
LG1	23985771	23986437	666
LG1	23987785	23988551	766
LG1	23991425	23992164	739
LG1	23992300	23993459	1159
LG1	23993505	23993812	307
LG1	23993827	23993887	60
LG1	23994324	23994358	34
LG1	23994497	23994763	266
LG1	23995963	23996504	541
LG1	23997611	23997780	169
LG1	23997835	23998151	316
LG1	23998154	23998708	554
LG1	23999111	23999932	821
LG1	24000491	24001043	552
LG1	24001292	24001859	567
LG1	24002204	24002860	656
LG1	24006070	24006682	612
LG1	24008613	24008839	226
LG1	24009714	24009758	44
LG1	24011208	24011358	150
LG1	24011370	24012117	747
LG1	24012340	24012746	406
LG1	24012982	24013392	410
LG1	24013519	24013651	132
LG1	24014089	24014513	424
LG1	24015384	24015635	251
LG1	24016855	24017370	515
LG1	24017376	24018510	1134
LG1	24018664	24019084	420
LG1	24019582	24022193	2611
LG1	24023565	24024988	1423
LG1	24025098	24025418	320
LG1	24026007	24027347	1340
LG1	24027423	24027712	289
LG1	24028314	24028470	156
LG1	24028668	24029076	408
LG1	24031082	24032694	1612
LG1	24033252	24033341	89
LG1	24037177	24038498	1321
LG1	24038701	24039848	1147
LG1	24040555	24040740	185
LG1	24041917	24042201	284
LG1	24042218	24043410	1192
LG1	24043438	24043704	266
LG1	24043973	24044239	266
LG1	24044412	24046789	2377
LG1	24046840	24046976	136
LG1	24047988	24048578	590
LG1	24050197	24051098	901
LG1	24051538	24052477	939
LG1	24056768	24057377	609
LG1	24058090	24058155	65
LG1	24059205	24060149	944
LG1	24060529	24060782	253
LG1	24061153	24061227	74
LG1	24061246	24061343	97
LG1	24061349	24062038	689
LG1	24064339	24064596	257
LG1	24069740	24070109	369
LG1	24071263	24071327	64
LG1	24071677	24071786	109
LG1	24074896	24075623	727
LG1	24076409	24077055	646
LG1	24079049	24079357	308
LG1	24080715	24081564	849
LG1	24086653	24087290	637
LG1	24088618	24089648	1030
LG1	24089650	24089796	146
LG1	24090780	24090899	119
LG1	24092712	24093709	997
LG1	24093824	24096241	2417
LG1	24096404	24096557	153
LG1	24096614	24098334	1720
LG1	24098645	24098858	213
LG1	24098900	24099824	924
LG1	24100206	24100280	74
LG1	24100831	24101141	310
LG1	24101295	24101713	418
LG1	24101783	24102061	278
LG1	24102150	24102211	61
LG1	24102337	24103852	1515
LG1	24104121	24104538	417
LG1	24106136	24106674	538
LG1	24106802	24107086	284
LG1	24108563	24110689	2126
LG1	24110868	24112531	1663
LG1	24113579	24113671	92
LG1	24113872	24115251	1379
LG1	24115565	24116329	764
LG1	24116742	24119003	2261
LG1	24120502	24121645	1143
LG1	24121822	24122264	442
LG1	24122626	24126875	4249
LG1	24127228	24128730	1502
LG1	24129455	24131113	1658
LG1	24132231	24133108	877
LG1	24134334	24134566	232
LG1	24135182	24135456	274
LG1	24135868	24136180	312
LG1	24136352	24136640	288
LG1	24137822	24138425	603
LG1	24138471	24138749	278
LG1	24139646	24140537	891
LG1	24140639	24141046	407
LG1	24141097	24141419	322
LG1	24142830	24143580	750
LG1	24144874	24145656	782
LG1	24147049	24147854	805
LG1	24147960	24148956	996
LG1	24149331	24149447	116
LG1	24150271	24155302	5031
LG1	24155350	24155506	156
LG1	24155570	24157125	1555
LG1	24157309	24157621	312
LG1	24157703	24158671	968
LG1	24159033	24159215	182
LG1	24159222	24160179	957
LG1	24160373	24162300	1927
LG1	24162642	24163402	760
LG1	24163606	24164445	839
LG1	24166310	24166880	570
LG1	24167505	24168095	590
LG1	24168112	24168803	691
LG1	24168856	24169662	806
LG1	24169719	24170071	352
LG1	24170150	24170325	175
LG1	24170663	24171588	925
LG1	24171664	24171950	286
LG1	24173859	24174119	260
LG1	24174187	24174372	185
LG1	24174410	24174822	412
LG1	24176200	24176756	556
LG1	24179090	24179478	388
LG1	24182256	24184906	2650
LG1	24184927	24185524	597
LG1	24187464	24188039	575
LG1	24188392	24188440	48
LG1	24189766	24189929	163
LG1	24190588	24191412	824
LG1	24191442	24193102	1660
LG1	24193321	24193497	176
LG1	24193838	24194156	318
LG1	24194206	24194612	406
LG1	24194843	24197236	2393
LG1	24200706	24205621	4915
LG1	24205754	24205878	124
LG1	24206365	24207348	983
LG1	24207382	24207520	138
LG1	24207592	24208026	434
LG1	24208092	24208451	359
LG1	24208612	24209866	1254
LG1	24210760	24211403	643
LG1	24211490	24213088	1598
LG1	24213277	24214024	747
LG1	24215053	24215378	325
LG1	24217704	24218347	643
LG1	24219118	24219993	875
LG1	24220011	24221008	997
LG1	24223882	24225735	1853
LG1	24225813	24229130	3317
LG1	24229793	24230390	597
LG1	24230419	24230897	478
LG1	24232336	24233360	1024
LG1	24235047	24236785	1738
LG1	24237027	24237202	175
LG1	24237992	24238336	344
LG1	24238431	24239257	826
LG1	24239329	24240254	925
LG1	24241220	24243084	1864
LG1	24243278	24243415	137
LG1	24244020	24244839	819
LG1	24245174	24246357	1183
LG1	24246785	24246934	149
LG1	24247217	24247848	631
LG1	24247881	24249315	1434
LG1	24249385	24250148	763
LG1	24250553	24251181	628
LG1	24252271	24252613	342
LG1	24254712	24255005	293
LG1	24255024	24255995	971
LG1	24256098	24258715	2617
LG1	24258988	24259373	385
LG1	24259401	24260243	842
LG1	24260273	24260323	50
LG1	24260375	24261863	1488
LG1	24261959	24262139	180
LG1	24262514	24263118	604
LG1	24263403	24267926	4523
LG1	24268717	24270324	1607
LG1	24272239	24273151	912
LG1	24273422	24273665	243
LG1	24274702	24275094	392
LG1	24276124	24277405	1281
LG1	24278748	24280161	1413
LG1	24283484	24284539	1055
LG1	24286127	24287755	1628
LG1	24287973	24290898	2925
LG1	24291056	24291654	598
LG1	24291795	24292200	405
LG1	24292253	24294139	1886
LG1	24294242	24294571	329
LG1	24294773	24298240	3467
LG1	24298803	24299232	429
LG1	24299304	24299719	415
LG1	24299877	24300377	500
LG1	24300508	24302205	1697
LG1	24302420	24304015	1595
LG1	24304133	24306395	2262
LG1	24306489	24312915	6426
LG1	24312970	24314515	1545
LG1	24314671	24316763	2092
LG1	24316927	24321383	4456
LG1	24321799	24321838	39
LG1	24322075	24328135	6060
LG1	24328277	24329422	1145
LG1	24331040	24331624	584
LG1	24331938	24332623	685
LG1	24333350	24334005	655
LG1	24335030	24337529	2499
LG1	24337546	24338574	1028
LG1	24338960	24339089	129
LG1	24339912	24341417	1505
LG1	24341461	24345221	3760
LG1	24345689	24346326	637
LG1	24346396	24348620	2224
LG1	24349704	24352134	2430
LG1	24352606	24352776	170
LG1	24352916	24353195	279
LG1	24353842	24356816	2974
LG1	24357173	24361030	3857
LG1	24361146	24361153	7
LG1	24361265	24363704	2439
LG1	24363785	24366078	2293
LG1	24366473	24369043	2570
LG1	24370341	24371377	1036
LG1	24374435	24374621	186
LG1	24375542	24376261	719
LG1	24378455	24380705	2250
LG1	24380742	24383350	2608
LG1	24383353	24384976	1623
LG1	24385377	24388873	3496
LG1	24388930	24389254	324
LG1	24389634	24389689	55
LG1	24389760	24390425	665
LG1	24390503	24390849	346
LG1	24392219	24393807	1588
LG1	24393931	24395229	1298
LG1	24395828	24396534	706
LG1	24397716	24400657	2941
LG1	24400834	24401966	1132
LG1	24402007	24402125	118
LG1	24402156	24409064	6908
LG1	24409532	24411110	1578
LG1	24411242	24412662	1420
LG1	24413271	24414257	986
LG1	24414327	24416673	2346
LG1	24416701	24417207	506
LG1	24417257	24417805	548
LG1	24419004	24419670	666
LG1	24419769	24420163	394
LG1	24420248	24421172	924
LG1	24421262	24421737	475
LG1	24422200	24422586	386
LG1	24423623	24425691	2068
LG1	24426599	24426976	377
LG1	24429940	24430445	505
LG1	24430577	24430696	119
LG1	24430786	24431625	839
LG1	24432111	24433002	891
LG1	24434072	24434852	780
LG1	24434956	24435165	209
LG1	24435187	24435538	351
LG1	24435698	24436156	458
LG1	24436236	24437308	1072
LG1	24438544	24439254	710
LG1	24439469	24440095	626
LG1	24441737	24442317	580
LG1	24442664	24443600	936
LG1	24443630	24443855	225
LG1	24444631	24445572	941
LG1	24445637	24446543	906
LG1	24446604	24447254	650
LG1	24448358	24451238	2880
LG1	24451271	24452767	1496
LG1	24453150	24453967	817
LG1	24456137	24456450	313
LG1	24457069	24457384	315
LG1	24458272	24458405	133
LG1	24458903	24459145	242
LG1	24459234	24460334	1100
LG1	24460623	24460840	217
LG1	24461060	24461379	319
LG1	24461502	24461675	173
LG1	24462183	24462587	404
LG1	24463303	24463695	392
LG1	24465098	24465244	146
LG1	24466276	24466448	172
LG1	24467192	24467707	515
LG1	24469222	24470671	1449
LG1	24470782	24471156	374
LG1	24471348	24471507	159
LG1	24471680	24471866	186
LG1	24471973	24472478	505
LG1	24472580	24474426	1846
LG1	24474632	24477288	2656
LG1	24477523	24478888	1365
LG1	24479667	24480126	459
LG1	24481288	24483809	2521
LG1	24484248	24484628	380
LG1	24485319	24486033	714
LG1	24486050	24486672	622
LG1	24487427	24489649	2222
LG1	24490137	24493181	3044
LG1	24493431	24495455	2024
LG1	24495803	24496474	671
LG1	24501573	24503365	1792
LG1	24504859	24505265	406
LG1	24506607	24507275	668
LG1	24507475	24508138	663
LG1	24509858	24510781	923
LG1	24510823	24510867	44
LG1	24519657	24519989	332
LG1	24521258	24521840	582
LG1	24527098	24529223	2125
LG1	24529317	24529606	289
LG1	24529980	24534495	4515
LG1	24536163	24537087	924
LG1	24538525	24540267	1742
LG1	24540390	24540867	477
LG1	24541133	24541786	653
LG1	24542582	24543258	676
LG1	24543669	24543868	199
LG1	24544005	24544230	225
LG1	24548137	24550146	2009
LG1	24550202	24550405	203
LG1	24550935	24551034	99
LG1	24552164	24553210	1046
LG1	24553349	24553803	454
LG1	24554540	24554719	179
LG1	24554776	24555067	291
LG1	24556045	24557479	1434
LG1	24557504	24558829	1325
LG1	24558865	24558970	105
LG1	24559011	24559679	668
LG1	24559749	24560140	391
LG1	24560599	24560751	152
LG1	24560792	24561388	596
LG1	24561742	24562185	443
LG1	24563163	24563843	680
LG1	24564228	24565077	849
LG1	24565140	24565438	298
LG1	24569479	24569611	132
LG1	24569919	24570443	524
LG1	24570739	24571195	456
LG1	24571211	24571934	723
LG1	24572046	24573978	1932
LG1	24574034	24574320	286
LG1	24574782	24575785	1003
LG1	24576719	24577156	437
LG1	24577257	24577809	552
LG1	24578107	24578801	694
LG1	24579086	24579212	126
LG1	24579347	24580760	1413
LG1	24580835	24581276	441
LG1	24584090	24584721	631
LG1	24584807	24585344	537
LG1	24586531	24588160	1629
LG1	24589235	24589362	127
LG1	24590593	24590799	206
LG1	24591139	24592204	1065
LG1	24594259	24594868	609
LG1	24595150	24596371	1221
LG1	24596380	24597550	1170
LG1	24598316	24598826	510
LG1	24598859	24599806	947
LG1	24600197	24600475	278
LG1	24600562	24600716	154
LG1	24600810	24601100	290
LG1	24601286	24601499	213
LG1	24601843	24603070	1227
LG1	24603413	24603853	440
LG1	24605490	24605998	508
LG1	24606076	24607820	1744
LG1	24608429	24610287	1858
LG1	24610289	24610495	206
LG1	24610682	24611056	374
LG1	24611689	24611828	139
LG1	24612581	24612791	210
LG1	24613216	24613772	556
LG1	24614013	24615861	1848
LG1	24616446	24616523	77
LG1	24617297	24618137	840
LG1	24618463	24618945	482
LG1	24619791	24620103	312
LG1	24620413	24621009	596
LG1	24621459	24622073	614
LG1	24622878	24623958	1080
LG1	24626459	24626570	111
LG1	24627073	24628322	1249
LG1	24629024	24629315	291
LG1	24630690	24630982	292
LG1	24631022	24632794	1772
LG1	24633028	24633327	299
LG1	24633481	24634141	660
LG1	24635938	24638828	2890
LG1	24640039	24640979	940
LG1	24641747	24642093	346
LG1	24643099	24643914	815
LG1	24644266	24645267	1001
LG1	24648283	24649013	730
LG1	24649076	24649553	477
LG1	24649802	24650116	314
LG1	24651656	24652798	1142
LG1	24653244	24653458	214
LG1	24654184	24654454	270
LG1	24654938	24655094	156
LG1	24655370	24655605	235
LG1	24656451	24658828	2377
LG1	24660216	24660687	471
LG1	24660923	24662599	1676
LG1	24662861	24663347	486
LG1	24663379	24663793	414
LG1	24663812	24663832	20
LG1	24663884	24665753	1869
LG1	24665958	24666204	246
LG1	24666655	24666794	139
LG1	24667745	24668165	420
LG1	24668556	24669382	826
LG1	24672576	24673129	553
LG1	24674699	24675010	311
LG1	24675593	24676322	729
LG1	24677125	24677519	394
LG1	24677553	24678233	680
LG1	24678444	24679554	1110
LG1	24680194	24680932	738
LG1	24681714	24682811	1097
LG1	24683724	24684239	515
LG1	24684282	24684666	384
LG1	24684872	24685674	802
LG1	24685991	24687255	1264
LG1	24687886	24688249	363
LG1	24688656	24688721	65
LG1	24688959	24689560	601
LG1	24689832	24690995	1163
LG1	24691846	24693364	1518
LG1	24693632	24694082	450
LG1	24695212	24696007	795
LG1	24697624	24698098	474
LG1	24698606	24698976	370
LG1	24700715	24700935	220
LG1	24700982	24702227	1245
LG1	24706150	24706275	125
LG1	24706815	24707226	411
LG1	24707717	24707845	128
LG1	24708627	24709730	1103
LG1	24710965	24712300	1335
LG1	24712314	24712913	599
LG1	24712934	24713764	830
LG1	24714223	24714721	498
LG1	24715735	24718677	2942
LG1	24720205	24721857	1652
LG1	24722206	24722707	501
LG1	24722890	24723280	390
LG1	24725194	24726527	1333
LG1	24726832	24727855	1023
LG1	24728122	24728573	451
LG1	24728646	24729129	483
LG1	24729270	24730527	1257
LG1	24732839	24732900	61
LG1	24733418	24733544	126
LG1	24733654	24735616	1962
LG1	24737357	24738260	903
LG1	24738946	24739187	241
LG1	24740206	24740461	255
LG1	24740719	24741810	1091
LG1	24742619	24743235	616
LG1	24743948	24744640	692
LG1	24745270	24745349	79
LG1	24745903	24746452	549
LG1	24746594	24746892	298
LG1	24746899	24747508	609
LG1	24749577	24750893	1316
LG1	24754428	24755005	577
LG1	24756243	24757522	1279
LG1	24757611	24757932	321
LG1	24761021	24761740	719
LG1	24763788	24764499	711
LG1	24764652	24764717	65
LG1	24767040	24767492	452
LG1	24767698	24768340	642
LG1	24770060	24770595	535
LG1	24770603	24771013	410
LG1	24772128	24772448	320
LG1	24772808	24773213	405
LG1	24775926	24776440	514
LG1	24776471	24776555	84
LG1	24778577	24779563	986
LG1	24779631	24779649	18
LG1	24779698	24780314	616
LG1	24780441	24780984	543
LG1	24781598	24781888	290
LG1	24782325	24783198	873
LG1	24783522	24783644	122
LG1	24785291	24785916	625
LG1	24786000	24786334	334
LG1	24787414	24788669	1255
LG1	24788838	24789079	241
LG1	24789288	24790410	1122
LG1	24790890	24791117	227
LG1	24791227	24792113	886
LG1	24793166	24793220	54
LG1	24794285	24794383	98
LG1	24794486	24794931	445
LG1	24795365	24795745	380
LG1	24798171	24798243	72
LG1	24798589	24798673	84
LG1	24798681	24799320	639
LG1	24799341	24800144	803
LG1	24800300	24800955	655
LG1	24801374	24801782	408
LG1	24802391	24803079	688
LG1	24803141	24803853	712
LG1	24804039	24805107	1068
LG1	24806330	24806570	240
LG1	24807446	24807686	240
LG1	24809371	24810295	924
LG1	24811131	24811850	719
LG1	24812688	24813107	419
LG1	24816114	24816740	626
LG1	24816930	24817250	320
LG1	24818308	24818452	144
LG1	24819121	24819886	765
LG1	24820075	24820372	297
LG1	24822790	24823389	599
LG1	24823515	24824466	951
LG1	24831271	24832449	1178
LG1	24833018	24833336	318
LG1	24833450	24833905	455
LG1	24835142	24836146	1004
LG1	24836806	24837494	688
LG1	24838873	24841118	2245
LG1	24841192	24841874	682
LG1	24843435	24844350	915
LG1	24846773	24847118	345
LG1	24848817	24849107	290
LG1	24849118	24849763	645
LG1	24852015	24852359	344
LG1	24852423	24853476	1053
LG1	24853605	24854526	921
LG1	24859020	24859100	80
LG1	24860349	24861331	982
LG1	24862609	24864756	2147
LG1	24865910	24866474	564
LG1	24866694	24868983	2289
LG1	24869476	24870137	661
LG1	24870214	24870750	536
LG1	24871640	24871717	77
LG1	24871732	24873890	2158
LG1	24874802	24875243	441
LG1	24875719	24875783	64
LG1	24875819	24875897	78
LG1	24876110	24876673	563
LG1	24877519	24878640	1121
LG1	24878641	24878695	54
LG1	24878719	24878838	119
LG1	24880216	24880393	177
LG1	24880588	24881177	589
LG1	24881520	24883566	2046
LG1	24884657	24885031	374
LG1	24885468	24885708	240
LG1	24886459	24886774	315
LG1	24887443	24887806	363
LG1	24888887	24888936	49
LG1	24889016	24889485	469
LG1	24889968	24890722	754
LG1	24891188	24892075	887
LG1	24892078	24892679	601
LG1	24895403	24896042	639
LG1	24897418	24898974	1556
LG1	24900532	24900628	96
LG1	24902462	24903764	1302
LG1	24905578	24906152	574
LG1	24908657	24908856	199
LG1	24908935	24909821	886
LG1	24911265	24911749	484
LG1	24913809	24914124	315
LG1	24915459	24916716	1257
LG1	24917976	24919539	1563
LG1	24921948	24922465	517
LG1	24922693	24922777	84
LG1	24923588	24924126	538
LG1	24924299	24926166	1867
LG1	24927041	24928456	1415
LG1	24928457	24928613	156
LG1	24928661	24928911	250
LG1	24932392	24935285	2893
LG1	24935553	24937357	1804
LG1	24940613	24940711	98
LG1	24940713	24940898	185
LG1	24941017	24941364	347
LG1	24941424	24945710	4286
LG1	24946200	24947090	890
LG1	24947397	24948325	928
LG1	24949438	24950805	1367
LG1	24950989	24952149	1160
LG1	24955448	24957312	1864
LG1	24959297	24959837	540
LG1	24959929	24960549	620
LG1	24962971	24963375	404
LG1	24966034	24966120	86
LG1	24966322	24967253	931
LG1	24969081	24969184	103
LG1	24969391	24969779	388
LG1	24969871	24969914	43
LG1	24970287	24970773	486
LG1	24970886	24971845	959
LG1	24974792	24975093	301
LG1	24981570	24982209	639
LG1	24982532	24982644	112
LG1	24987541	24988477	936
LG1	24990216	24990271	55
LG1	24991022	24991861	839
LG1	24992160	24992749	589
LG1	24996333	24996553	220
LG1	24997160	24997460	300
LG1	24997821	24998073	252
LG1	24998872	24999568	696
LG1	25000072	25000216	144
LG1	25000619	25000959	340
LG1	25001167	25001723	556
LG1	25001840	25002616	776
LG1	25003223	25003687	464
LG1	25004342	25004992	650
LG1	25005280	25006206	926
LG1	25007119	25007927	808
LG1	25008400	25008814	414
LG1	25009343	25010068	725
LG1	25010246	25011323	1077
LG1	25013314	25013468	154
LG1	25015208	25016134	926
LG1	25016186	25016898	712
LG1	25016904	25017123	219
LG1	25017515	25017678	163
LG1	25017931	25018984	1053
LG1	25020772	25021462	690
LG1	25021628	25022003	375
LG1	25022056	25022453	397
LG1	25022560	25023324	764
LG1	25023504	25023905	401
LG1	25023952	25024284	332
LG1	25024625	25024658	33
LG1	25024972	25025813	841
LG1	25026185	25026238	53
LG1	25026248	25026316	68
LG1	25028465	25028828	363
LG1	25030001	25030437	436
LG1	25030847	25030956	109
LG1	25031289	25031444	155
LG1	25033754	25034256	502
LG1	25034990	25035047	57
LG1	25035305	25035986	681
LG1	25036308	25037458	1150
LG1	25044436	25044945	509
LG1	25047244	25047503	259
LG1	25048051	25048264	213
LG1	25048393	25048832	439
LG1	25048877	25049059	182
LG1	25049146	25051599	2453
LG1	25051808	25052355	547
LG1	25052391	25052947	556
LG1	25053019	25053287	268
LG1	25054056	25054809	753
LG1	25055548	25055960	412
LG1	25056001	25056244	243
LG1	25056459	25056908	449
LG1	25056973	25057597	624
LG1	25057832	25057950	118
LG1	25058134	25058610	476
LG1	25066649	25067434	785
LG1	25067575	25068105	530
LG1	25068241	25068339	98
LG1	25068471	25069156	685
LG1	25071916	25072066	150
LG1	25072210	25072335	125
LG1	25072553	25073301	748
LG1	25073486	25074101	615
LG1	25074477	25074927	450
LG1	25075244	25075381	137
LG1	25075575	25076062	487
LG1	25077782	25078846	1064
LG1	25079878	25080172	294
LG1	25080341	25080477	136
LG1	25081447	25082783	1336
LG1	25083208	25083482	274
LG1	25083542	25084563	1021
LG1	25084611	25084859	248
LG1	25086153	25086900	747
LG1	25089605	25089815	210
LG1	25089874	25090077	203
LG1	25090534	25090976	442
LG1	25091109	25091847	738
LG1	25092914	25093495	581
LG1	25093691	25094210	519
LG1	25096568	25096724	156
LG1	25096740	25097366	626
LG1	25097567	25098065	498
LG1	25112622	25112742	120
LG1	25113096	25113257	161
LG1	25149350	25149535	185
LG1	25152247	25152792	545
LG1	25155555	25155733	178
LG1	25157955	25158194	239
LG1	25159723	25159909	186
LG1	25160004	25160082	78
LG1	25160303	25160630	327
LG1	25162908	25163368	460
LG1	25163446	25163906	460
LG1	25164333	25164446	113
LG1	25168698	25168931	233
LG1	25170291	25170476	185
LG1	25170655	25170773	118
LG1	25171229	25171632	403
LG1	25171697	25172141	444
LG1	25172356	25172599	243
LG1	25172640	25173052	412
LG1	25173791	25174544	753
LG1	25175315	25175583	268
LG1	25175741	25176268	527
LG1	25176284	25176725	441
LG1	25177088	25177143	55
LG1	25177360	25179329	1969
LG1	25179415	25179641	226
LG1	25179658	25180078	420
LG1	25180206	25180420	214
LG1	25180968	25181227	259
LG1	25183638	25184147	509
LG1	25185726	25185885	159
LG1	25185981	25186804	823
LG1	25188391	25188988	597
LG1	25189006	25189918	912
LG1	25191317	25191976	659
LG1	25193567	25195235	1668
LG1	25195581	25195627	46
LG1	25195947	25196131	184
LG1	25197305	25198610	1305
LG1	25198992	25199738	746
LG1	25203524	25203648	124
LG1	25203751	25204071	320
LG1	25204157	25204427	270
LG1	25204801	25205161	360
LG1	25206842	25207294	452
LG1	25207376	25207744	368
LG1	25207862	25208095	233
LG1	25208259	25209642	1383
LG1	25209832	25210157	325
LG1	25210253	25210478	225
LG1	25210957	25211496	539
LG1	25211498	25211668	170
LG1	25211703	25212542	839
LG1	25212674	25212912	238
LG1	25214120	25214562	442
LG1	25214587	25216067	1480
LG1	25216292	25216742	450
LG1	25218162	25218769	607
LG1	25218801	25219241	440
LG1	25220791	25221012	221
LG1	25226135	25226479	344
LG1	25227569	25227852	283
LG1	25228124	25229166	1042
LG1	25231821	25232245	424
LG1	25235261	25235371	110
LG1	25238025	25238581	556
LG1	25242103	25243211	1108
LG1	25245450	25245748	298
LG1	25245777	25245948	171
LG1	25246546	25246764	218
LG1	25247500	25247787	287
LG1	25248947	25249364	417
LG1	25250954	25251240	286
LG1	25252259	25252415	156
LG1	25254055	25254173	118
LG1	25256008	25256610	602
LG1	25257214	25257342	128
LG1	25262425	25263179	754
LG1	25264186	25264385	199
LG1	25265592	25265848	256
LG1	25267275	25267375	100
LG1	25267645	25267896	251
LG1	25267916	25267979	63
LG1	25268304	25268519	215
LG1	25268783	25269392	609
LG1	25271201	25271461	260
LG1	25272880	25273020	140
LG1	25273418	25273588	170
LG1	25277380	25277399	19
LG1	25277464	25278247	783
LG1	25280776	25280904	128
LG1	25281495	25281700	205
LG1	25282874	25283044	170
LG1	25283198	25283309	111
LG1	25283478	25283733	255
LG1	25286874	25287012	138
LG1	25287223	25287345	122
LG1	25289545	25289615	70
LG1	25293659	25294246	587
LG1	25302563	25302823	260
LG1	25303568	25303654	86
LG1	25303677	25304113	436
LG1	25308382	25308442	60
LG1	25308448	25308884	436
LG1	25316022	25317570	1548
LG1	25319080	25319289	209
LG1	25321807	25322981	1174
LG1	25326365	25326754	389
LG1	25326898	25327018	120
LG1	25327162	25328593	1431
LG1	25328740	25330178	1438
LG1	25330259	25332084	1825
LG1	25332146	25332613	467
LG1	25332744	25333469	725
LG1	25333541	25334030	489
LG1	25334755	25334998	243
LG1	25335105	25336327	1222
LG1	25336393	25338011	1618
LG1	25338332	25338518	186
LG1	25338730	25339003	273
LG1	25339103	25339521	418
LG1	25341801	25341961	160
LG1	25342032	25342448	416
LG1	25343413	25343742	329
LG1	25343812	25343986	174
LG1	25345689	25346429	740
LG1	25346902	25347540	638
LG1	25347598	25347825	227
LG1	25348143	25349890	1747
LG1	25350467	25350635	168
LG1	25350649	25350805	156
LG1	25351039	25351314	275
LG1	25351509	25353204	1695
LG1	25353225	25353986	761
LG1	25355725	25356576	851
LG1	25357562	25358039	477
LG1	25358165	25358583	418
LG1	25358844	25359337	493
LG1	25359920	25360140	220
LG1	25362153	25363185	1032
LG1	25363672	25364010	338
LG1	25364786	25365128	342
LG1	25365220	25365368	148
LG1	25365903	25365996	93
LG1	25366352	25366502	150
LG1	25366537	25366635	98
LG1	25367710	25368065	355
LG1	25368347	25368486	139
LG1	25368676	25368844	168
LG1	25369269	25369467	198
LG1	25370029	25370353	324
LG1	25372318	25372357	39
LG1	25372471	25372531	60
LG1	25372552	25373385	833
LG1	25374215	25374340	125
LG1	25374979	25375121	142
LG1	25375394	25376666	1272
LG1	25376692	25376698	6
LG1	25376834	25377379	545
LG1	25379487	25380019	532
LG1	25380509	25380553	44
LG1	25381173	25381551	378
LG1	25382417	25383002	585
LG1	25383066	25383144	78
LG1	25383147	25383325	178
LG1	25384750	25384966	216
LG1	25385040	25385366	326
LG1	25386559	25386638	79
LG1	25386671	25386759	88
LG1	25386976	25387560	584
LG1	25388634	25389549	915
LG1	25395608	25395871	263
LG1	25396120	25396347	227
LG1	25397838	25398097	259
LG1	25398179	25399039	860
LG1	25400293	25400581	288
LG1	25400586	25400609	23
LG1	25402237	25403125	888
LG1	25407370	25407677	307
LG1	25408034	25408696	662
LG1	25408729	25408887	158
LG1	25411125	25411687	562
LG1	25411797	25412725	928
LG1	25413140	25413629	489
LG1	25413990	25414578	588
LG1	25414891	25415097	206
LG1	25416487	25416898	411
LG1	25416920	25417011	91
LG1	25417200	25417490	290
LG1	25419110	25419985	875
LG1	25420096	25421928	1832
LG1	25423206	25423419	213
LG1	25423487	25423770	283
LG1	25424993	25425655	662
LG1	25425789	25426024	235
LG1	25427996	25428568	572
LG1	25428645	25429085	440
LG1	25429932	25430584	652
LG1	25431457	25432822	1365
LG1	25432836	25432929	93
LG1	25433685	25434314	629
LG1	25434589	25436133	1544
LG1	25436184	25437419	1235
LG1	25437457	25439581	2124
LG1	25439635	25442568	2933
LG1	25442653	25443663	1010
LG1	25443758	25444526	768
LG1	25444678	25445120	442
LG1	25445236	25445618	382
LG1	25448741	25449602	861
LG1	25451131	25451947	816
LG1	25453314	25453386	72
LG1	25454640	25454953	313
LG1	25455380	25455663	283
LG1	25459048	25459834	786
LG1	25460411	25460556	145
LG1	25462111	25462881	770
LG1	25464420	25464770	350
LG1	25466467	25466612	145
LG1	25469081	25469412	331
LG1	25470409	25471121	712
LG1	25471205	25472115	910
LG1	25473269	25473945	676
LG1	25476087	25476473	386
LG1	25476589	25476827	238
LG1	25477110	25477262	152
LG1	25477354	25477466	112
LG1	25477483	25477980	497
LG1	25478583	25478730	147
LG1	25479061	25479777	716
LG1	25481435	25483240	1805
LG1	25483606	25483633	27
LG1	25484828	25485145	317
LG1	25485293	25485883	590
LG1	25488666	25488912	246
LG1	25489918	25490309	391
LG1	25491714	25492389	675
LG1	25497288	25497489	201
LG1	25499171	25500687	1516
LG1	25502702	25503192	490
LG1	25503431	25503577	146
LG1	25503730	25503806	76
LG1	25503872	25504236	364
LG1	25504401	25504522	121
LG1	25504803	25505510	707
LG1	25505750	25506099	349
LG1	25506268	25507113	845
LG1	25508626	25508697	71
LG1	25508869	25509083	214
LG1	25511745	25511882	137
LG1	25512051	25512503	452
LG1	25512647	25513353	706
LG1	25514926	25515519	593
LG1	25516119	25516279	160
LG1	25516377	25516450	73
LG1	25517131	25517367	236
LG1	25517371	25517709	338
LG1	25517905	25518103	198
LG1	25518234	25518536	302
LG1	25518627	25518801	174
LG1	25520107	25520190	83
LG1	25521092	25521693	601
LG1	25522426	25522555	129
LG1	25522632	25522838	206
LG1	25522898	25523069	171
LG1	25524193	25524424	231
LG1	25524528	25525054	526
LG1	25526124	25526378	254
LG1	25526405	25528638	2233
LG1	25529979	25530108	129
LG1	25530913	25531514	601
LG1	25532007	25532153	146
LG1	25533183	25533555	372
LG1	25533601	25534450	849
LG1	25535824	25536777	953
LG1	25536957	25537152	195
LG1	25537250	25538182	932
LG1	25542279	25543747	1468
LG1	25544323	25544495	172
LG1	25544589	25544762	173
LG1	25545196	25546501	1305
LG1	25547388	25547909	521
LG1	25564427	25564551	124
LG1	25568205	25568807	602
LG1	25570503	25570652	149
LG1	25572582	25572812	230
LG1	25573359	25574622	1263
LG1	25575689	25575981	292
LG1	25578230	25578999	769
LG1	25579468	25579708	240
LG1	25580835	25581035	200
LG1	25582957	25583206	249
LG1	25583705	25584345	640
LG1	25585591	25587631	2040
LG1	25587669	25592499	4830
LG1	25592639	25593247	608
LG1	25593297	25593344	47
LG1	25593605	25594430	825
LG1	25594711	25594982	271
LG1	25595307	25595592	285
LG1	25596242	25596404	162
LG1	25598304	25598485	181
LG1	25599330	25599528	198
LG1	25599666	25599916	250
LG1	25600566	25600846	280
LG1	25600913	25601029	116
LG1	25601117	25601284	167
LG1	25601337	25601416	79
LG1	25601915	25602123	208
LG1	25602237	25602639	402
LG1	25603953	25604428	475
LG1	25604773	25605223	450
LG1	25605572	25605785	213
LG1	25606337	25606404	67
LG1	25608346	25608716	370
LG1	25609486	25609774	288
LG1	25611353	25612368	1015
LG1	25613996	25614202	206
LG1	25615695	25615843	148
LG1	25615933	25616187	254
LG1	25616266	25617493	1227
LG1	25617527	25617761	234
LG1	25618227	25620801	2574
LG1	25620974	25621962	988
LG1	25621978	25622007	29
LG1	25624651	25624960	309
LG1	25626859	25627821	962
LG1	25628166	25628311	145
LG1	25629957	25630172	215
LG1	25630269	25630925	656
LG1	25632510	25632687	177
LG1	25633158	25633976	818
LG1	25641111	25641678	567
LG1	25643539	25644722	1183
LG1	25645283	25645406	123
LG1	25645774	25646299	525
LG1	25648493	25649061	568
LG1	25649302	25649886	584
LG1	25649971	25650504	533
LG1	25650570	25651076	506
LG1	25653604	25654485	881
LG1	25654695	25654859	164
LG1	25654868	25655112	244
LG1	25655366	25655616	250
LG1	25657950	25658940	990
LG1	25660613	25661311	698
LG1	25661452	25661929	477
LG1	25663664	25664042	378
LG1	25665033	25666139	1106
LG1	25666261	25666593	332
LG1	25668293	25668911	618
LG1	25670667	25670765	98
LG1	25670879	25671519	640
LG1	25674788	25675100	312
LG1	25675280	25675728	448
LG1	25675824	25676070	246
LG1	25678247	25678669	422
LG1	25680898	25681251	353
LG1	25682228	25682360	132
LG1	25683180	25683914	734
LG1	25686483	25686968	485
LG1	25686991	25687361	370
LG1	25688048	25688270	222
LG1	25688375	25688651	276
LG1	25689908	25690049	141
LG1	25690629	25691164	535
LG1	25691172	25691581	409
LG1	25693641	25693772	131
LG1	25693866	25694743	877
LG1	25695048	25695258	210
LG1	25695311	25695401	90
LG1	25695648	25696151	503
LG1	25697254	25697612	358
LG1	25697667	25698065	398
LG1	25699775	25700210	435
LG1	25700472	25700740	268
LG1	25701638	25701816	178
LG1	25701941	25702427	486
LG1	25702538	25703345	807
LG1	25703771	25703852	81
LG1	25704032	25704305	273
LG1	25706081	25706274	193
LG1	25706360	25709049	2689
LG1	25709550	25710216	666
LG1	25710528	25711329	801
LG1	25715812	25716305	493
LG1	25716490	25717179	689
LG1	25717732	25717941	209
LG1	25718272	25718489	217
LG1	25718821	25719264	443
LG1	25719877	25720324	447
LG1	25720502	25720679	177
LG1	25721090	25721310	220
LG1	25722061	25722543	482
LG1	25722756	25723228	472
LG1	25723507	25723665	158
LG1	25723904	25724476	572
LG1	25724486	25724613	127
LG1	25724882	25725053	171
LG1	25725870	25726427	557
LG1	25726481	25726800	319
LG1	25726845	25728421	1576
LG1	25729513	25729734	221
LG1	25730534	25731027	493
LG1	25731342	25731491	149
LG1	25731517	25731795	278
LG1	25731968	25732453	485
LG1	25732470	25732736	266
LG1	25732815	25733195	380
LG1	25733512	25734133	621
LG1	25734183	25734496	313
LG1	25734692	25735541	849
LG1	25735954	25736176	222
LG1	25736566	25736939	373
LG1	25737039	25737657	618
LG1	25737782	25737985	203
LG1	25738069	25738991	922
LG1	25740732	25741177	445
LG1	25741207	25741689	482
LG1	25741870	25742735	865
LG1	25742856	25743183	327
LG1	25743486	25743659	173
LG1	25743752	25744005	253
LG1	25744078	25744233	155
LG1	25744261	25745603	1342
LG1	25745689	25745704	15
LG1	25745927	25746481	554
LG1	25746486	25746827	341
LG1	25747194	25747345	151
LG1	25747805	25748554	749
LG1	25748662	25748967	305
LG1	25750100	25751002	902
LG1	25753384	25753600	216
LG1	25755144	25755524	380
LG1	25757090	25757562	472
LG1	25759083	25759230	147
LG1	25759259	25759361	102
LG1	25761915	25761986	71
LG1	25763140	25763565	425
LG1	25764794	25765586	792
LG1	25766000	25766393	393
LG1	25767470	25767854	384
LG1	25768193	25768352	159
LG1	25768749	25768791	42
LG1	25769026	25769307	281
LG1	25770318	25770786	468
LG1	25773631	25774149	518
LG1	25776345	25776551	206
LG1	25776879	25777163	284
LG1	25778550	25779329	779
LG1	25780362	25780516	154
LG1	25780582	25780721	139
LG1	25781274	25781486	212
LG1	25783239	25783760	521
LG1	25791262	25791636	374
LG1	25792322	25792583	261
LG1	25792655	25792813	158
LG1	25792828	25792971	143
LG1	25794928	25795022	94
LG1	25795128	25795497	369
LG1	25795583	25796326	743
LG1	25796546	25796831	285
LG1	25797091	25797163	72
LG1	25797325	25797440	115
LG1	25799506	25799888	382
LG1	25800072	25800211	139
LG1	25800339	25800610	271
LG1	25801555	25801847	292
LG1	25802833	25804520	1687
LG1	25804687	25805137	450
LG1	25805163	25806859	1696
LG1	25807706	25808372	666
LG1	25809336	25809429	93
LG1	25809699	25809891	192
LG1	25813038	25813755	717
LG1	25813980	25814062	82
LG1	25814236	25814565	329
LG1	25814616	25815252	636
LG1	25815264	25815455	191
LG1	25815577	25815790	213
LG1	25816282	25816464	182
LG1	25816934	25817533	599
LG1	25817596	25818079	483
LG1	25818193	25818411	218
LG1	25819468	25819969	501
LG1	25820081	25820272	191
LG1	25820452	25820586	134
LG1	25824209	25824420	211
LG1	25825575	25826702	1127
LG1	25827517	25827573	56
LG1	25828263	25829057	794
LG1	25829785	25829869	84
LG1	25830444	25830676	232
LG1	25830897	25831073	176
LG1	25831152	25832230	1078
LG1	25832366	25832848	482
LG1	25834097	25834542	445
LG1	25834553	25834725	172
LG1	25836349	25837415	1066
LG1	25839728	25839979	251
LG1	25842105	25842798	693
LG1	25843964	25844405	441
LG1	25844632	25844899	267
LG1	25845117	25845312	195
LG1	25846184	25846404	220
LG1	25849354	25850366	1012
LG1	25851568	25851709	141
LG1	25852961	25854961	2000
LG1	25855133	25855223	90
LG1	25857539	25857889	350
LG1	25858654	25859054	400
LG1	25860847	25861180	333
LG1	25861361	25861968	607
LG1	25862030	25862182	152
LG1	25862210	25863035	825
LG1	25863491	25863966	475
LG1	25865163	25865398	235
LG1	25865550	25866987	1437
LG1	25867456	25867634	178
LG1	25867716	25867925	209
LG1	25868029	25868164	135
LG1	25868313	25868643	330
LG1	25868651	25868994	343
LG1	25870418	25870488	70
LG1	25871009	25871685	676
LG1	25871714	25871988	274
LG1	25872038	25872203	165
LG1	25873048	25873311	263
LG1	25873319	25873372	53
LG1	25873464	25873676	212
LG1	25874134	25874363	229
LG1	25874456	25874513	57
LG1	25875450	25876246	796
LG1	25876286	25877195	909
LG1	25877899	25878259	360
LG1	25878272	25878625	353
LG1	25880465	25880633	168
LG1	25880648	25881042	394
LG1	25881179	25881365	186
LG1	25881444	25881984	540
LG1	25882592	25882707	115
LG1	25882861	25883032	171
LG1	25883453	25883816	363
LG1	25884135	25884517	382
LG1	25884981	25885575	594
LG1	25885866	25886501	635
LG1	25886655	25886871	216
LG1	25886927	25887188	261
LG1	25887676	25887863	187
LG1	25888463	25888893	430
LG1	25889737	25889910	173
LG1	25890370	25891319	949
LG1	25892979	25893118	139
LG1	25893351	25893590	239
LG1	25893610	25893802	192
LG1	25893952	25894115	163
LG1	25895853	25896031	178
LG1	25896129	25896706	577
LG1	25898217	25898818	601
LG1	25899163	25900023	860
LG1	25900121	25900400	279
LG1	25900522	25901226	704
LG1	25901291	25901508	217
LG1	25902316	25902890	574
LG1	25906269	25906500	231
LG1	25906683	25906861	178
LG1	25907070	25907460	390
LG1	25907661	25908011	350
LG1	25908077	25908301	224
LG1	25908525	25908706	181
LG1	25910682	25911115	433
LG1	25911654	25911820	166
LG1	25911954	25912948	994
LG1	25913712	25914727	1015
LG1	25914792	25914881	89
LG1	25915060	25915204	144
LG1	25916205	25916815	610
LG1	25917580	25917859	279
LG1	25918622	25919109	487
LG1	25919124	25919419	295
LG1	25920440	25920796	356
LG1	25920919	25921387	468
LG1	25921521	25921962	441
LG1	25922131	25922413	282
LG1	25922557	25923464	907
LG1	25923731	25924067	336
LG1	25925152	25925801	649
LG1	25927021	25927229	208
LG1	25929395	25930327	932
LG1	25930993	25931237	244
LG1	25931867	25933571	1704
LG1	25935053	25935712	659
LG1	25935816	25935961	145
LG1	25937025	25937636	611
LG1	25938380	25938837	457
LG1	25938952	25939748	796
LG1	25940480	25941713	1233
LG1	25942234	25942396	162
LG1	25942630	25944362	1732
LG1	25944925	25945043	118
LG1	25945148	25946496	1348
LG1	25949174	25949364	190
LG1	25950074	25950223	149
LG1	25950616	25950747	131
LG1	25950820	25951718	898
LG1	25952506	25952977	471
LG1	25953041	25953276	235
LG1	25953384	25953489	105
LG1	25954978	25955587	609
LG1	25957139	25957318	179
LG1	25960975	25961522	547
LG1	25961523	25961955	432
LG1	25963869	25963952	83
LG1	25964110	25964350	240
LG1	25966496	25967772	1276
LG1	25968120	25968354	234
LG1	25972201	25972515	314
LG1	25972804	25972866	62
LG1	25975263	25975490	227
LG1	25975526	25975913	387
LG1	25976016	25976336	320
LG1	25977853	25978853	1000
LG1	25980755	25981671	916
LG1	25981715	25982302	587
LG1	25984688	25984885	197
LG1	25984978	25985261	283
LG1	25987300	25987973	673
LG1	25988199	25988615	416
LG1	25991179	25991424	245
LG1	25991564	25993759	2195
LG1	25994036	25994203	167
LG1	25995003	25995671	668
LG1	25998332	25998456	124
LG1	25998597	25998900	303
LG1	26000758	26001670	912
LG1	26002282	26002592	310
LG1	26002638	26003341	703
LG1	26005847	26006483	636
LG1	26008249	26008796	547
LG1	26009942	26010048	106
LG1	26010745	26010914	169
LG1	26010918	26011111	193
LG1	26013587	26014203	616
LG1	26014848	26015126	278
LG1	26015496	26015777	281
LG1	26015941	26016126	185
LG1	26017730	26017843	113
LG1	26019544	26019741	197
LG1	26020460	26020968	508
LG1	26021313	26022056	743
LG1	26023669	26024047	378
LG1	26025032	26025143	111
LG1	26025474	26026279	805
LG1	26028446	26029145	699
LG1	26029793	26030517	724
LG1	26031534	26031960	426
LG1	26032663	26033985	1322
LG1	26034106	26034243	137
LG1	26034954	26035439	485
LG1	26036306	26036426	120
LG1	26036908	26037167	259
LG1	26038832	26038975	143
LG1	26038976	26039493	517
LG1	26039517	26039631	114
LG1	26039981	26040049	68
LG1	26040200	26041379	1179
LG1	26041927	26043548	1621
LG1	26045250	26045569	319
LG1	26046320	26046480	160
LG1	26046824	26047064	240
LG1	26047482	26047770	288
LG1	26047806	26048455	649
LG1	26049415	26049735	320
LG1	26049948	26053727	3779
LG1	26055214	26056233	1019
LG1	26057538	26057865	327
LG1	26059927	26060740	813
LG1	26060741	26061383	642
LG1	26061459	26062129	670
LG1	26062303	26063690	1387
LG1	26063715	26064363	648
LG1	26064477	26064815	338
LG1	26065415	26065783	368
LG1	26066403	26066567	164
LG1	26066699	26069561	2862
LG1	26070664	26070723	59
LG1	26070730	26070834	104
LG1	26070837	26071574	737
LG1	26071616	26072037	421
LG1	26073018	26073926	908
LG1	26075745	26076182	437
LG1	26076205	26076477	272
LG1	26076590	26076860	270
LG1	26077100	26077371	271
LG1	26077485	26077513	28
LG1	26077601	26079364	1763
LG1	26080204	26080350	146
LG1	26080610	26081129	519
LG1	26082142	26082750	608
LG1	26082800	26083679	879
LG1	26085397	26085563	166
LG1	26086382	26086445	63
LG1	26086475	26087095	620
LG1	26087247	26087683	436
LG1	26087951	26088380	429
LG1	26088828	26088973	145
LG1	26089008	26089672	664
LG1	26089816	26090878	1062
LG1	26092362	26092599	237
LG1	26093207	26093687	480
LG1	26094778	26095618	840
LG1	26095913	26097720	1807
LG1	26098987	26099910	923
LG1	26099978	26101357	1379
LG1	26102043	26102424	381
LG1	26103180	26103780	600
LG1	26105273	26106329	1056
LG1	26108513	26108687	174
LG1	26109921	26110187	266
LG1	26110224	26110536	312
LG1	26110589	26110914	325
LG1	26112173	26112777	604
LG1	26114004	26115260	1256
LG1	26116715	26117469	754
LG1	26117587	26117809	222
LG1	26117865	26118449	584
LG1	26119186	26119813	627
LG1	26120011	26120677	666
LG1	26120731	26120953	222
LG1	26120994	26121269	275
LG1	26122324	26122793	469
LG1	26123226	26123681	455
LG1	26123779	26124240	461
LG1	26124910	26125455	545
LG1	26126495	26127524	1029
LG1	26127618	26128031	413
LG1	26129135	26129656	521
LG1	26129670	26129712	42
LG1	26129785	26130257	472
LG1	26130619	26130846	227
LG1	26130868	26130918	50
LG1	26131149	26131199	50
LG1	26131348	26131399	51
LG1	26132453	26132645	192
LG1	26132738	26133233	495
LG1	26134263	26135027	764
LG1	26135231	26135476	245
LG1	26135676	26135992	316
LG1	26136995	26137315	320
LG1	26137405	26137832	427
LG1	26137877	26139115	1238
LG1	26139494	26141219	1725
LG1	26141857	26141920	63
LG1	26144203	26144564	361
LG1	26144798	26145483	685
LG1	26146346	26147185	839
LG1	26149105	26149698	593
LG1	26151723	26152309	586
LG1	26152433	26154106	1673
LG1	26154211	26154452	241
LG1	26155260	26156002	742
LG1	26156102	26156441	339
LG1	26156594	26157382	788
LG1	26157399	26158163	764
LG1	26158257	26158497	240
LG1	26158575	26159654	1079
LG1	26160116	26160266	150
LG1	26160521	26161096	575
LG1	26161102	26161170	68
LG1	26161464	26161802	338
LG1	26161880	26162736	856
LG1	26162797	26163349	552
LG1	26163397	26164275	878
LG1	26164420	26165143	723
LG1	26165246	26165544	298
LG1	26165811	26165922	111
LG1	26166725	26166936	211
LG1	26166962	26168238	1276
LG1	26168444	26169317	873
LG1	26169528	26170300	772
LG1	26170601	26170738	137
LG1	26171235	26172433	1198
LG1	26173803	26174033	230
LG1	26174131	26174482	351
LG1	26176404	26176775	371
LG1	26176848	26177154	306
LG1	26177175	26177544	369
LG1	26177603	26177790	187
LG1	26177826	26179089	1263
LG1	26179101	26179509	408
LG1	26179760	26180756	996
LG1	26180955	26181134	179
LG1	26181207	26182082	875
LG1	26182144	26182814	670
LG1	26182970	26183361	391
LG1	26183663	26184718	1055
LG1	26185582	26186573	991
LG1	26186594	26187048	454
LG1	26187341	26187522	181
LG1	26187841	26188285	444
LG1	26188591	26189025	434
LG1	26189099	26189481	382
LG1	26191672	26192756	1084
LG1	26192913	26193626	713
LG1	26193836	26194647	811
LG1	26194835	26195433	598
LG1	26197188	26197770	582
LG1	26197913	26198133	220
LG1	26199886	26199962	76
LG1	26200143	26200710	567
LG1	26201023	26201678	655
LG1	26201788	26203311	1523
LG1	26203460	26204520	1060
LG1	26205147	26205445	298
LG1	26205972	26206818	846
LG1	26206915	26207065	150
LG1	26209144	26209237	93
LG1	26209266	26210307	1041
LG1	26210615	26210673	58
LG1	26211227	26211824	597
LG1	26211835	26212643	808
LG1	26212828	26213298	470
LG1	26213455	26213604	149
LG1	26213667	26214461	794
LG1	26214526	26215729	1203
LG1	26215944	26216856	912
LG1	26216973	26218929	1956
LG1	26220334	26220571	237
LG1	26220601	26222152	1551
LG1	26222216	26223208	992
LG1	26223283	26223520	237
LG1	26223747	26224587	840
LG1	26224754	26224956	202
LG1	26224981	26225106	125
LG1	26225297	26225570	273
LG1	26225646	26225896	250
LG1	26226033	26226615	582
LG1	26226912	26227075	163
LG1	26227285	26227513	228
LG1	26227514	26227653	139
LG1	26227665	26227792	127
LG1	26227805	26228105	300
LG1	26228306	26228430	124
LG1	26228547	26228831	284
LG1	26229141	26230252	1111
LG1	26230404	26230560	156
LG1	26230700	26231193	493
LG1	26231412	26232106	694
LG1	26232427	26233734	1307
LG1	26233842	26234402	560
LG1	26234486	26236498	2012
LG1	26236525	26236945	420
LG1	26237144	26238017	873
LG1	26238446	26239256	810
LG1	26239509	26240538	1029
LG1	26240638	26241604	966
LG1	26241750	26242363	613
LG1	26242413	26243517	1104
LG1	26243940	26245678	1738
LG1	26246007	26246739	732
LG1	26248423	26248587	164
LG1	26248953	26249255	302
LG1	26249996	26250665	669
LG1	26251135	26251944	809
LG1	26252289	26252843	554
LG1	26252966	26253481	515
LG1	26253893	26255483	1590
LG1	26255865	26257662	1797
LG1	26257899	26258253	354
LG1	26258902	26261038	2136
LG1	26261073	26263816	2743
LG1	26263927	26264749	822
LG1	26264777	26265828	1051
LG1	26266185	26267170	985
LG1	26268639	26270775	2136
LG1	26271580	26272247	667
LG1	26272395	26273104	709
LG1	26274301	26275123	822
LG1	26275303	26275419	116
LG1	26275673	26275929	256
LG1	26276068	26276276	208
LG1	26276347	26277590	1243
LG1	26277820	26278123	303
LG1	26280127	26284611	4484
LG1	26284628	26285014	386
LG1	26285157	26286378	1221
LG1	26286665	26287858	1193
LG1	26289287	26290861	1574
LG1	26291957	26293493	1536
LG1	26294801	26295403	602
LG1	26295450	26296409	959
LG1	26296481	26296778	297
LG1	26298211	26299392	1181
LG1	26300229	26300655	426
LG1	26300744	26300996	252
LG1	26301985	26302352	367
LG1	26302621	26303249	628
LG1	26303668	26305792	2124
LG1	26307148	26307327	179
LG1	26307328	26307729	401
LG1	26308862	26310273	1411
LG1	26312054	26314014	1960
LG1	26314036	26314987	951
LG1	26315607	26317360	1753
LG1	26317619	26320082	2463
LG1	26321629	26321919	290
LG1	26323492	26325539	2047
LG1	26326510	26328102	1592
LG1	26328353	26329801	1448
LG1	26329925	26330853	928
LG1	26330960	26331063	103
LG1	26331194	26331938	744
LG1	26332897	26336065	3168
LG1	26336328	26338182	1854
LG1	26338186	26338200	14
LG1	26338335	26340816	2481
LG1	26341073	26342139	1066
LG1	26343102	26344202	1100
LG1	26344424	26344860	436
LG1	26345014	26345546	532
LG1	26346014	26346551	537
LG1	26346646	26348133	1487
LG1	26348641	26349245	604
LG1	26349403	26349942	539
LG1	26350776	26351145	369
LG1	26351426	26352035	609
LG1	26352444	26352834	390
LG1	26355009	26355194	185
LG1	26355274	26355544	270
LG1	26355585	26356293	708
LG1	26356321	26356613	292
LG1	26356659	26359059	2400
LG1	26359149	26360748	1599
LG1	26361049	26364140	3091
LG1	26364735	26365674	939
LG1	26365739	26366207	468
LG1	26367176	26367230	54
LG1	26367282	26368489	1207
LG1	26370020	26370422	402
LG1	26372092	26372395	303
LG1	26372916	26373394	478
LG1	26373979	26376240	2261
LG1	26377052	26377806	754
LG1	26379045	26380241	1196
LG1	26381783	26382848	1065
LG1	26383831	26385379	1548
LG1	26385512	26385700	188
LG1	26388280	26388787	507
LG1	26389293	26389634	341
LG1	26390587	26390758	171
LG1	26391448	26391890	442
LG1	26392148	26392420	272
LG1	26392460	26392653	193
LG1	26392917	26393127	210
LG1	26393611	26393777	166
LG1	26393800	26394118	318
LG1	26394285	26394572	287
LG1	26394616	26396270	1654
LG1	26397313	26397400	87
LG1	26397616	26398349	733
LG1	26400430	26401330	900
LG1	26401430	26401784	354
LG1	26402118	26405998	3880
LG1	26406908	26408184	1276
LG1	26408301	26410068	1767
LG1	26411529	26413329	1800
LG1	26413670	26414105	435
LG1	26414737	26415160	423
LG1	26416353	26416519	166
LG1	26417095	26418041	946
LG1	26418766	26419227	461
LG1	26420112	26420382	270
LG1	26420999	26421528	529
LG1	26421941	26423388	1447
LG1	26424971	26425714	743
LG1	26426210	26426556	346
LG1	26426609	26427350	741
LG1	26427439	26427587	148
LG1	26427906	26430456	2550
LG1	26430889	26431183	294
LG1	26431218	26431752	534
LG1	26434412	26435305	893
LG1	26435983	26436534	551
LG1	26438158	26438566	408
LG1	26440248	26441017	769
LG1	26441018	26441164	146
LG1	26445767	26445927	160
LG1	26446487	26447621	1134
LG1	26448740	26449342	602
LG1	26449445	26449598	153
LG1	26449703	26450335	632
LG1	26451274	26454905	3631
LG1	26455546	26456063	517
LG1	26456120	26456867	747
LG1	26459789	26460526	737
LG1	26460584	26460736	152
LG1	26462746	26463391	645
LG1	26463596	26464135	539
LG1	26466774	26468247	1473
LG1	26470868	26471881	1013
LG1	26471933	26472453	520
LG1	26472517	26473729	1212
LG1	26473896	26476555	2659
LG1	26477058	26477645	587
LG1	26478030	26478267	237
LG1	26478371	26479135	764
LG1	26479517	26482574	3057
LG1	26482576	26483101	525
LG1	26483166	26485153	1987
LG1	26485546	26485685	139
LG1	26485770	26486614	844
LG1	26487870	26488855	985
LG1	26489080	26490325	1245
LG1	26491272	26492834	1562
LG1	26493081	26493253	172
LG1	26493539	26494349	810
LG1	26494444	26495851	1407
LG1	26496427	26499158	2731
LG1	26499250	26499349	99
LG1	26499542	26499979	437
LG1	26500509	26503356	2847
LG1	26503725	26504416	691
LG1	26505244	26505827	583
LG1	26505831	26506868	1037
LG1	26506994	26507150	156
LG1	26509850	26511959	2109
LG1	26512244	26514154	1910
LG1	26514246	26514278	32
LG1	26514333	26514579	246
LG1	26515339	26518308	2969
LG1	26518470	26519242	772
LG1	26519369	26520200	831
LG1	26520320	26523263	2943
LG1	26523371	26525021	1650
LG1	26525194	26526116	922
LG1	26526249	26526803	554
LG1	26526827	26529160	2333
LG1	26529225	26529736	511
LG1	26529976	26531218	1242
LG1	26531716	26532173	457
LG1	26532450	26533455	1005
LG1	26533490	26534042	552
LG1	26534869	26536590	1721
LG1	26536714	26536842	128
LG1	26536895	26536947	52
LG1	26537453	26539816	2363
LG1	26539887	26541890	2003
LG1	26541954	26547673	5719
LG1	26548065	26548789	724
LG1	26548959	26550286	1327
LG1	26565856	26566995	1139
LG1	26572038	26572524	486
LG1	26572834	26573394	560
LG1	26574687	26575343	656
LG1	26575978	26576790	812
LG1	26576956	26577484	528
LG1	26580119	26581574	1455
LG1	26581876	26582466	590
LG1	26582477	26582752	275
LG1	26583034	26583193	159
LG1	26583987	26586554	2567
LG1	26586995	26587087	92
LG1	26588098	26589667	1569
LG1	26590974	26591144	170
LG1	26598534	26599120	586
LG1	26599306	26599461	155
LG1	26600306	26601061	755
LG1	26601079	26601291	212
LG1	26601575	26601883	308
LG1	26602018	26602616	598
LG1	26603629	26603683	54
LG1	26603717	26604356	639
LG1	26605950	26606453	503
LG1	26614468	26615950	1482
LG1	26619462	26620307	845
LG1	26626165	26626503	338
LG1	26626836	26627169	333
LG1	26628516	26631424	2908
LG1	26632910	26633420	510
LG1	26633839	26634463	624
LG1	26634649	26634782	133
LG1	26634873	26635057	184
LG1	26635190	26635737	547
LG1	26636023	26637290	1267
LG1	26637346	26638914	1568
LG1	26639362	26640221	859
LG1	26640704	26641130	426
LG1	26641339	26641387	48
LG1	26641428	26641551	123
LG1	26641756	26642700	944
LG1	26642968	26643214	246
LG1	26643217	26645137	1920
LG1	26645164	26646213	1049
LG1	26646294	26647552	1258
LG1	26647715	26649952	2237
LG1	26651394	26652362	968
LG1	26655039	26655670	631
LG1	26656340	26656443	103
LG1	26658707	26659782	1075
LG1	26662511	26663186	675
LG1	26665112	26665715	603
LG1	26666875	26668300	1425
LG1	26672138	26672474	336
LG1	26674009	26674530	521
LG1	26675611	26676693	1082
LG1	26676755	26676839	84
LG1	26678475	26680210	1735
LG1	26680215	26681749	1534
LG1	26683764	26685168	1404
LG1	26685861	26688229	2368
LG1	26688277	26688727	450
LG1	26688804	26689546	742
LG1	26692441	26692985	544
LG1	26693792	26693926	134
LG1	26694690	26696079	1389
LG1	26696743	26699010	2267
LG1	26699508	26699743	235
LG1	26699768	26699882	114
LG1	26700128	26700586	458
LG1	26700687	26701809	1122
LG1	26702231	26702603	372
LG1	26703538	26703805	267
LG1	26704433	26705021	588
LG1	26705048	26705227	179
LG1	26705544	26705669	125
LG1	26705787	26708393	2606
LG1	26708560	26709570	1010
LG1	26710630	26711386	756
LG1	26712304	26713733	1429
LG1	26714048	26715072	1024
LG1	26715577	26716492	915
LG1	26717063	26718656	1593
LG1	26718814	26719107	293
LG1	26719430	26719774	344
LG1	26720080	26721449	1369
LG1	26722132	26722652	520
LG1	26724663	26726820	2157
LG1	26726904	26727085	181
LG1	26727901	26728564	663
LG1	26729426	26729939	513
LG1	26730051	26731286	1235
LG1	26731579	26733633	2054
LG1	26733783	26734270	487
LG1	26734522	26734680	158
LG1	26734683	26737396	2713
LG1	26737640	26738380	740
LG1	26739863	26740519	656
LG1	26740609	26740826	217
LG1	26740937	26741017	80
LG1	26741049	26741851	802
LG1	26741995	26744287	2292
LG1	26746078	26746798	720
LG1	26746806	26747533	727
LG1	26748027	26748375	348
LG1	26748491	26748775	284
LG1	26748951	26748959	8
LG1	26749103	26749653	550
LG1	26749693	26749951	258
LG1	26750870	26753108	2238
LG1	26753799	26754500	701
LG1	26756020	26756343	323
LG1	26757456	26757669	213
LG1	26757764	26758482	718
LG1	26758864	26759679	815
LG1	26759856	26760176	320
LG1	26761030	26761416	386
LG1	26761583	26762021	438
LG1	26763069	26763733	664
LG1	26764182	26765171	989
LG1	26765448	26765531	83
LG1	26765570	26766309	739
LG1	26766680	26768688	2008
LG1	26770087	26770340	253
LG1	26771671	26772656	985
LG1	26772756	26773423	667
LG1	26774356	26776939	2583
LG1	26778392	26780589	2197
LG1	26780919	26785512	4593
LG1	26785833	26788174	2341
LG1	26788326	26790228	1902
LG1	26790919	26791829	910
LG1	26792208	26792718	510
LG1	26793660	26794115	455
LG1	26795889	26796435	546
LG1	26796900	26797599	699
LG1	26797715	26797929	214
LG1	26798002	26798391	389
LG1	26799371	26799807	436
LG1	26801005	26801515	510
LG1	26801968	26802440	472
LG1	26803885	26804081	196
LG1	26804134	26804596	462
LG1	26806675	26807341	666
LG1	26807362	26808000	638
LG1	26808388	26808856	468
LG1	26809312	26813191	3879
LG1	26813213	26814397	1184
LG1	26814510	26815006	496
LG1	26815119	26816226	1107
LG1	26817142	26819772	2630
LG1	26820748	26820818	70
LG1	26821814	26822219	405
LG1	26822292	26823621	1329
LG1	26823866	26824870	1004
LG1	26825646	26825992	346
LG1	26826484	26826673	189
LG1	26826732	26826993	261
LG1	26828251	26828748	497
LG1	26829094	26829644	550
LG1	26830362	26830655	293
LG1	26831095	26831713	618
LG1	26831837	26831873	36
LG1	26831916	26833029	1113
LG1	26833314	26833651	337
LG1	26834789	26835054	265
LG1	26835118	26835363	245
LG1	26835484	26836332	848
LG1	26836347	26836939	592
LG1	26836990	26839342	2352
LG1	26839363	26839436	73
LG1	26839478	26840251	773
LG1	26840274	26840727	453
LG1	26840998	26841061	63
LG1	26841248	26841556	308
LG1	26842053	26842482	429
LG1	26842903	26843299	396
LG1	26843342	26843581	239
LG1	26843656	26843838	182
LG1	26844134	26844499	365
LG1	26844567	26845093	526
LG1	26845257	26845491	234
LG1	26845656	26845748	92
LG1	26845977	26846191	214
LG1	26846400	26846669	269
LG1	26847146	26847331	185
LG1	26849043	26849229	186
LG1	26850536	26850894	358
LG1	26851058	26852516	1458
LG1	26852779	26853532	753
LG1	26853667	26854201	534
LG1	26854543	26854651	108
LG1	26855428	26856707	1279
LG1	26857363	26858089	726
LG1	26858392	26859950	1558
LG1	26860232	26860725	493
LG1	26860779	26861172	393
LG1	26861623	26861912	289
LG1	26862158	26862886	728
LG1	26863086	26863768	682
LG1	26863869	26865130	1261
LG1	26865177	26866252	1075
LG1	26866343	26866407	64
LG1	26866509	26868427	1918
LG1	26870063	26870741	678
LG1	26871645	26871773	128
LG1	26872197	26872555	358
LG1	26873563	26873643	80
LG1	26876034	26877210	1176
LG1	26877267	26879181	1914
LG1	26879346	26879937	591
LG1	26879978	26880324	346
LG1	26880367	26880871	504
LG1	26881623	26881690	67
LG1	26882846	26883181	335
LG1	26883787	26883940	153
LG1	26884002	26885590	1588
LG1	26885797	26886211	414
LG1	26886577	26886746	169
LG1	26887190	26887371	181
LG1	26887556	26887863	307
LG1	26889110	26889224	114
LG1	26889655	26889854	199
LG1	26889939	26890096	157
LG1	26890215	26890303	88
LG1	26890916	26892178	1262
LG1	26892314	26892602	288
LG1	26895677	26896255	578
LG1	26896728	26897482	754
LG1	26898172	26898578	406
LG1	26899158	26900159	1001
LG1	26906970	26907575	605
LG1	26908883	26909611	728
LG1	26915201	26915788	587
LG1	26916605	26917323	718
LG1	26918083	26918363	280
LG1	26918897	26920156	1259
LG1	26920753	26920968	215
LG1	26921995	26923446	1451
LG1	26923588	26923662	74
LG1	26923827	26924325	498
LG1	26926860	26927452	592
LG1	26927633	26927786	153
LG1	26928370	26929183	813
LG1	26930987	26932473	1486
LG1	26932957	26933762	805
LG1	26933819	26934986	1167
LG1	26936822	26937110	288
LG1	26937572	26937718	146
LG1	26938501	26939844	1343
LG1	26940606	26940782	176
LG1	26941030	26941809	779
LG1	26941838	26942058	220
LG1	26942177	26942287	110
LG1	26942425	26942597	172
LG1	26942739	26942829	90
LG1	26943346	26943770	424
LG1	26946542	26947156	614
LG1	26948243	26948834	591
LG1	26948990	26949270	280
LG1	26949756	26949939	183
LG1	26950076	26950202	126
LG1	26950512	26950697	185
LG1	26952545	26952772	227
LG1	26953488	26953683	195
LG1	26954591	26954857	266
LG1	26956092	26956222	130
LG1	26956965	26957487	522
LG1	26958367	26958562	195
LG1	26959366	26959854	488
LG1	26960963	26961835	872
LG1	26961913	26964795	2882
LG1	26964798	26965070	272
LG1	26965181	26965691	510
LG1	26966297	26966389	92
LG1	26966447	26967058	611
LG1	26967145	26967422	277
LG1	26968488	26969101	613
LG1	26969264	26969511	247
LG1	26973134	26973380	246
LG1	26973695	26974103	408
LG1	26974272	26974338	66
LG1	26974810	26974847	37
LG1	26974897	26975415	518
LG1	26975931	26977334	1403
LG1	26979160	26980123	963
LG1	26980338	26980500	162
LG1	26981121	26981355	234
LG1	26982783	26983375	592
LG1	26985112	26985330	218
LG1	26985594	26986317	723
LG1	26988410	26991195	2785
LG1	26992429	26993266	837
LG1	26995843	26996116	273
LG1	26996168	26996392	224
LG1	26998343	26999169	826
LG1	27004342	27004672	330
LG1	27005645	27006086	441
LG1	27008936	27010073	1137
LG1	27014117	27014237	120
LG1	27014715	27015882	1167
LG1	27019578	27020101	523
LG1	27020150	27021294	1144
LG1	27022528	27023365	837
LG1	27025941	27026209	268
LG1	27026265	27026489	224
LG1	27028432	27029247	815
LG1	27034571	27034820	249
LG1	27035598	27035748	150
LG1	27035778	27036240	462
LG1	27040344	27040583	239
LG1	27042950	27043339	389
LG1	27046162	27046568	406
LG1	27048371	27048662	291
LG1	27049443	27050367	924
LG1	27050676	27051163	487
LG1	27053265	27053426	161
LG1	27053563	27054252	689
LG1	27054273	27054479	206
LG1	27056235	27057466	1231
LG1	27058562	27060206	1644
LG1	27060367	27061494	1127
LG1	27063019	27063958	939
LG1	27065671	27065772	101
LG1	27066381	27067252	871
LG1	27068237	27068340	103
LG1	27068372	27069164	792
LG1	27069582	27070674	1092
LG1	27070749	27071621	872
LG1	27071678	27071760	82
LG1	27072221	27073320	1099
LG1	27074093	27074335	242
LG1	27074349	27074814	465
LG1	27074925	27077032	2107
LG1	27077764	27078260	496
LG1	27078381	27079072	691
LG1	27080507	27080799	292
LG1	27081097	27081593	496
LG1	27081995	27082295	300
LG1	27084522	27084953	431
LG1	27084955	27085102	147
LG1	27085224	27085295	71
LG1	27086075	27086545	470
LG1	27086551	27086670	119
LG1	27086833	27086934	101
LG1	27090432	27091036	604
LG1	27093863	27094312	449
LG1	27094732	27096277	1545
LG1	27101281	27101419	138
LG1	27102113	27102604	491
LG1	27102810	27104174	1364
LG1	27106698	27107214	516
LG1	27108422	27108852	430
LG1	27109086	27110540	1454
LG1	27110592	27116220	5628
LG1	27116711	27117120	409
LG1	27117539	27117971	432
LG1	27118053	27118207	154
LG1	27118486	27119475	989
LG1	27120989	27122061	1072
LG1	27125290	27126162	872
LG1	27126369	27127565	1196
LG1	27129463	27130209	746
LG1	27131968	27132129	161
LG1	27132371	27132407	36
LG1	27132846	27133437	591
LG1	27133439	27133583	144
LG1	27135757	27136316	559
LG1	27136722	27137286	564
LG1	27137634	27138049	415
LG1	27138277	27138300	23
LG1	27138765	27139752	987
LG1	27141169	27142127	958
LG1	27142230	27142357	127
LG1	27142667	27143157	490
LG1	27144418	27144853	435
LG1	27145043	27145159	116
LG1	27145181	27145421	240
LG1	27145429	27145681	252
LG1	27149626	27149821	195
LG1	27150135	27150587	452
LG1	27153671	27154791	1120
LG1	27154801	27154984	183
LG1	27156130	27156478	348
LG1	27156720	27157162	442
LG1	27157389	27158922	1533
LG1	27159262	27160323	1061
LG1	27160506	27160850	344
LG1	27160888	27161573	685
LG1	27163952	27165004	1052
LG1	27165130	27165449	319
LG1	27166540	27167277	737
LG1	27167287	27167769	482
LG1	27169644	27169935	291
LG1	27171179	27173979	2800
LG1	27174836	27175316	480
LG1	27175724	27176441	717
LG1	27176663	27177385	722
LG1	27177742	27181645	3903
LG1	27181772	27182942	1170
LG1	27183563	27184683	1120
LG1	27184968	27186011	1043
LG1	27186115	27186262	147
LG1	27186388	27186457	69
LG1	27186564	27187048	484
LG1	27187764	27188087	323
LG1	27188154	27188408	254
LG1	27188566	27188859	293
LG1	27189052	27189329	277
LG1	27189911	27190067	156
LG1	27190146	27190360	214
LG1	27190481	27190667	186
LG1	27192086	27192471	385
LG1	27198105	27198915	810
LG1	27199545	27199785	240
LG1	27199864	27200115	251
LG1	27200228	27201217	989
LG1	27203676	27204179	503
LG1	27204411	27204961	550
LG1	27204979	27207064	2085
LG1	27208246	27208694	448
LG1	27209463	27209829	366
LG1	27209964	27210744	780
LG1	27210937	27211325	388
LG1	27211700	27212029	329
LG1	27213100	27213560	460
LG1	27213753	27214420	667
LG1	27214800	27216642	1842
LG1	27218071	27218961	890
LG1	27221193	27222000	807
LG1	27222964	27223385	421
LG1	27223494	27224071	577
LG1	27224183	27226297	2114
LG1	27226704	27227514	810
LG1	27228097	27228786	689
LG1	27229571	27230097	526
LG1	27230329	27230822	493
LG1	27231199	27231582	383
LG1	27232028	27232943	915
LG1	27232972	27233024	52
LG1	27234143	27234589	446
LG1	27235340	27235595	255
LG1	27235912	27236451	539
LG1	27237500	27237719	219
LG1	27238396	27238810	414
LG1	27238823	27240172	1349
LG1	27240437	27241400	963
LG1	27241586	27241867	281
LG1	27241989	27242269	280
LG1	27242546	27242730	184
LG1	27243049	27244683	1634
LG1	27244695	27244895	200
LG1	27247384	27248373	989
LG1	27248418	27248730	312
LG1	27249335	27249758	423
LG1	27249993	27250652	659
LG1	27250858	27250972	114
LG1	27251174	27252681	1507
LG1	27255331	27255795	464
LG1	27256419	27257416	997
LG1	27257776	27259117	1341
LG1	27259169	27259460	291
LG1	27261402	27261858	456
LG1	27262436	27262669	233
LG1	27263967	27264329	362
LG1	27265781	27266395	614
LG1	27267850	27268223	373
LG1	27268593	27268921	328
LG1	27269345	27269717	372
LG1	27270236	27270633	397
LG1	27272766	27273386	620
LG1	27273745	27274235	490
LG1	27275093	27275506	413
LG1	27275768	27276751	983
LG1	27278074	27278218	144
LG1	27278228	27278287	59
LG1	27278336	27279427	1091
LG1	27279904	27281254	1350
LG1	27283395	27284132	737
LG1	27285112	27285194	82
LG1	27287272	27290480	3208
LG1	27290643	27290953	310
LG1	27291348	27292280	932
LG1	27292895	27293108	213
LG1	27293187	27293343	156
LG1	27293925	27294209	284
LG1	27298024	27298306	282
LG1	27298602	27298610	8
LG1	27298733	27299153	420
LG1	27303023	27303230	207
LG1	27303742	27303898	156
LG1	27307920	27308663	743
LG1	27309206	27309822	616
LG1	27310426	27310976	550
LG1	27314747	27315158	411
LG1	27317961	27318500	539
LG1	27319584	27319938	354
LG1	27321663	27322413	750
LG1	27323692	27324265	573
LG1	27324630	27324854	224
LG1	27326217	27326875	658
LG1	27332390	27332811	421
LG1	27332971	27333433	462
LG1	27333477	27333970	493
LG1	27335996	27336435	439
LG1	27336473	27336629	156
LG1	27337813	27338327	514
LG1	27340492	27340539	47
LG1	27340549	27340902	353
LG1	27343856	27344582	726
LG1	27345100	27345735	635
LG1	27348601	27348691	90
LG1	27349137	27350052	915
LG1	27351535	27351757	222
LG1	27351772	27351995	223
LG1	27356201	27356629	428
LG1	27361978	27362351	373
LG1	27362642	27363620	978
LG1	27364573	27365042	469
LG1	27367081	27367490	409
LG1	27368977	27369725	748
LG1	27372160	27372546	386
LG1	27375398	27375731	333
LG1	27378103	27379779	1676
LG1	27380382	27380759	377
LG1	27383731	27384239	508
LG1	27385294	27386714	1420
LG1	27387136	27387369	233
LG1	27387883	27388005	122
LG1	27388053	27388369	316
LG1	27388761	27390554	1793
LG1	27392362	27392774	412
LG1	27393745	27393822	77
LG1	27393823	27395276	1453
LG1	27400654	27401601	947
LG1	27401722	27401970	248
LG1	27407796	27408106	310
LG1	27408377	27408911	534
LG1	27411071	27411404	333
LG1	27414412	27415471	1059
LG1	27416434	27417213	779
LG1	27417288	27417772	484
LG1	27418846	27419282	436
LG1	27419868	27420181	313
LG1	27420506	27421560	1054
LG1	27422946	27423134	188
LG1	27423250	27423453	203
LG1	27429177	27430381	1204
LG1	27431504	27433454	1950
LG1	27434939	27435046	107
LG1	27439067	27439333	266
LG1	27439695	27440039	344
LG1	27440072	27440288	216
LG1	27442875	27444090	1215
LG1	27444160	27444923	763
LG1	27445000	27445032	32
LG1	27445186	27446241	1055
LG1	27449554	27450032	478
LG1	27450058	27450375	317
LG1	27452054	27453598	1544
LG1	27453860	27454184	324
LG1	27454495	27455764	1269
LG1	27456143	27456765	622
LG1	27457564	27458604	1040
LG1	27458872	27460105	1233
LG1	27460748	27461371	623
LG1	27461444	27462129	685
LG1	27463765	27465665	1900
LG1	27465755	27465897	142
LG1	27466315	27467016	701
LG1	27467277	27467434	157
LG1	27467529	27467771	242
LG1	27470043	27471118	1075
LG1	27479721	27480134	413
LG1	27480493	27481413	920
LG1	27481504	27482012	508
LG1	27482268	27482572	304
LG1	27483302	27483538	236
LG1	27483708	27484063	355
LG1	27484155	27484743	588
LG1	27485606	27486551	945
LG1	27487342	27487599	257
LG1	27488318	27488908	590
LG1	27489453	27489765	312
LG1	27490521	27491108	587
LG1	27492115	27492518	403
LG1	27493451	27493771	320
LG1	27495442	27495499	57
LG1	27495667	27496283	616
LG1	27496345	27496584	239
LG1	27501861	27502385	524
LG1	27503199	27503314	115
LG1	27503464	27503680	216
LG1	27504415	27504661	246
LG1	27504891	27505065	174
LG1	27505068	27505365	297
LG1	27508327	27508803	476
LG1	27511748	27512039	291
LG1	27512888	27513516	628
LG1	27514209	27514583	374
LG1	27514618	27515294	676
LG1	27515361	27515488	127
LG1	27515564	27515621	57
LG1	27515854	27516332	478
LG1	27516454	27516626	172
LG1	27516846	27517075	229
LG1	27518047	27518474	427
LG1	27518507	27518688	181
LG1	27518827	27519673	846
LG1	27519808	27520159	351
LG1	27521744	27523179	1435
LG1	27526660	27527713	1053
LG1	27529711	27530519	808
LG1	27532887	27533857	970
LG1	27536916	27537203	287
LG1	27542943	27544319	1376
LG1	27545392	27545636	244
LG1	27545722	27545919	197
LG1	27546243	27547183	940
LG1	27547840	27548193	353
LG1	27548345	27548511	166
LG1	27548547	27548585	38
LG1	27550961	27551860	899
LG1	27552194	27552730	536
LG1	27553723	27553843	120
LG1	27557644	27558341	697
LG1	27559428	27559808	380
LG1	27559947	27560122	175
LG1	27561703	27561813	110
LG1	27561820	27562401	581
LG1	27563887	27564245	358
LG1	27564806	27565961	1155
LG1	27566506	27566896	390
LG1	27567071	27568325	1254
LG1	27568582	27569546	964
LG1	27569758	27569840	82
LG1	27569877	27569982	105
LG1	27571970	27572538	568
LG1	27572690	27574101	1411
LG1	27575044	27575524	480
LG1	27576090	27576874	784
LG1	27577002	27577049	47
LG1	27577199	27578704	1505
LG1	27579099	27579664	565
LG1	27579911	27580355	444
LG1	27580376	27580497	121
LG1	27581722	27581938	216
LG1	27581985	27583122	1137
LG1	27585865	27587655	1790
LG1	27592227	27593389	1162
LG1	27594557	27596700	2143
LG1	27597348	27597555	207
LG1	27597738	27598292	554
LG1	27598910	27599130	220
LG1	27599909	27601195	1286
LG1	27601219	27602523	1304
LG1	27604627	27604824	197
LG1	27605482	27605686	204
LG1	27606149	27606408	259
LG1	27607113	27608121	1008
LG1	27608237	27608723	486
LG1	27609315	27610527	1212
LG1	27610910	27611091	181
LG1	27611321	27612159	838
LG1	27613758	27614428	670
LG1	27614704	27615036	332
LG1	27615198	27615416	218
LG1	27616732	27617075	343
LG1	27617289	27617673	384
LG1	27617787	27618059	272
LG1	27618291	27618530	239
LG1	27618623	27619250	627
LG1	27620375	27622225	1850
LG1	27624784	27627016	2232
LG1	27627103	27627365	262
LG1	27627601	27627978	377
LG1	27627994	27629942	1948
LG1	27630097	27631147	1050
LG1	27631680	27632588	908
LG1	27632949	27633548	599
LG1	27633681	27633812	131
LG1	27634679	27636126	1447
LG1	27636336	27637684	1348
LG1	27637997	27639899	1902
LG1	27639957	27640918	961
LG1	27641727	27642074	347
LG1	27642239	27644812	2573
LG1	27646374	27646704	330
LG1	27646861	27648244	1383
LG1	27648261	27648337	76
LG1	27648445	27648493	48
LG1	27648562	27649352	790
LG1	27649754	27651229	1475
LG1	27651335	27652005	670
LG1	27653196	27655228	2032
LG1	27655747	27656031	284
LG1	27656103	27656244	141
LG1	27656871	27656992	121
LG1	27657023	27657092	69
LG1	27657186	27657686	500
LG1	27657961	27658906	945
LG1	27659021	27659131	110
LG1	27659626	27659946	320
LG1	27660035	27660305	270
LG1	27660392	27661163	771
LG1	27661359	27661990	631
LG1	27662254	27662612	358
LG1	27662839	27663074	235
LG1	27664310	27664977	667
LG1	27665709	27667144	1435
LG1	27667476	27667828	352
LG1	27668641	27669001	360
LG1	27669047	27669246	199
LG1	27670888	27673420	2532
LG1	27674209	27675162	953
LG1	27675598	27677584	1986
LG1	27679580	27680182	602
LG1	27680239	27680659	420
LG1	27682569	27683782	1213
LG1	27684240	27684510	270
LG1	27684739	27685262	523
LG1	27685358	27687213	1855
LG1	27687274	27687294	20
LG1	27687360	27687524	164
LG1	27687532	27687854	322
LG1	27689115	27689456	341
LG1	27689983	27692018	2035
LG1	27692564	27692619	55
LG1	27692677	27693264	587
LG1	27694185	27695352	1167
LG1	27695454	27697104	1650
LG1	27697212	27697802	590
LG1	27699626	27699850	224
LG1	27699995	27700618	623
LG1	27701389	27701999	610
LG1	27702515	27703061	546
LG1	27704179	27704828	649
LG1	27705111	27705682	571
LG1	27706896	27707274	378
LG1	27708765	27709318	553
LG1	27709894	27710751	857
LG1	27710910	27710965	55
LG1	27711094	27711289	195
LG1	27712523	27713178	655
LG1	27714922	27715117	195
LG1	27715141	27715847	706
LG1	27716852	27717436	584
LG1	27717846	27718251	405
LG1	27718339	27718473	134
LG1	27720149	27721042	893
LG1	27721799	27722245	446
LG1	27724583	27724716	133
LG1	27728194	27728404	210
LG1	27728409	27729098	689
LG1	27731269	27731678	409
LG1	27733878	27734149	271
LG1	27734196	27734286	90
LG1	27734316	27734821	505
LG1	27735304	27735946	642
LG1	27738310	27738625	315
LG1	27739097	27739851	754
LG1	27740762	27740882	120
LG1	27742603	27743575	972
LG1	27743633	27743769	136
LG1	27744756	27744979	223
LG1	27745071	27745141	70
LG1	27745249	27745416	167
LG1	27745485	27746114	629
LG1	27746245	27746750	505
LG1	27746830	27747419	589
LG1	27747505	27747687	182
LG1	27747934	27748791	857
LG1	27749040	27749875	835
LG1	27750008	27750198	190
LG1	27750307	27751730	1423
LG1	27751853	27752370	517
LG1	27752574	27752903	329
LG1	27753181	27753471	290
LG1	27755738	27756224	486
LG1	27756286	27756510	224
LG1	27757843	27758592	749
LG1	27759745	27760004	259
LG1	27761130	27761767	637
LG1	27761858	27763619	1761
LG1	27763765	27763944	179
LG1	27764092	27764466	374
LG1	27764491	27764626	135
LG1	27764630	27764747	117
LG1	27764884	27765587	703
LG1	27766000	27766137	137
LG1	27766686	27767585	899
LG1	27767654	27767914	260
LG1	27768268	27768371	103
LG1	27768426	27769381	955
LG1	27769789	27770131	342
LG1	27770309	27771503	1194
LG1	27771617	27772907	1290
LG1	27773012	27773520	508
LG1	27773850	27774078	228
LG1	27775949	27776230	281
LG1	27776803	27776973	170
LG1	27777033	27778044	1011
LG1	27778521	27778895	374
LG1	27779034	27779361	327
LG1	27779980	27780392	412
LG1	27780509	27780820	311
LG1	27780875	27781663	788
LG1	27781736	27782082	346
LG1	27782560	27783166	606
LG1	27783566	27783700	134
LG1	27783869	27784758	889
LG1	27787918	27789091	1173
LG1	27789177	27789900	723
LG1	27789983	27792994	3011
LG1	27793941	27794674	733
LG1	27796038	27798934	2896
LG1	27799070	27799167	97
LG1	27799195	27800666	1471
LG1	27800831	27801395	564
LG1	27801403	27802618	1215
LG1	27802668	27803367	699
LG1	27803436	27803893	457
LG1	27805066	27805535	469
LG1	27806923	27806966	43
LG1	27807116	27807906	790
LG1	27808477	27808829	352
LG1	27808984	27809128	144
LG1	27809770	27809879	109
LG1	27811343	27811494	151
LG1	27811550	27812268	718
LG1	27812541	27812581	40
LG1	27812788	27813470	682
LG1	27813494	27813548	54
LG1	27813592	27814382	790
LG1	27815287	27815530	243
LG1	27815718	27817514	1796
LG1	27817533	27817665	132
LG1	27817990	27818830	840
LG1	27818867	27819147	280
LG1	27820108	27820478	370
LG1	27820707	27822146	1439
LG1	27822537	27823655	1118
LG1	27823823	27824433	610
LG1	27826727	27826854	127
LG1	27826872	27827194	322
LG1	27827635	27828156	521
LG1	27828667	27828927	260
LG1	27828953	27829273	320
LG1	27830534	27831158	624
LG1	27831274	27836729	5455
LG1	27838009	27838549	540
LG1	27838942	27839083	141
LG1	27839223	27839294	71
LG1	27839405	27839474	69
LG1	27839537	27839924	387
LG1	27840889	27841133	244
LG1	27841399	27841519	120
LG1	27841596	27842487	891
LG1	27843746	27844100	354
LG1	27846771	27847842	1071
LG1	27847943	27848373	430
LG1	27848739	27849341	602
LG1	27849642	27850148	506
LG1	27850349	27851322	973
LG1	27851361	27851647	286
LG1	27853031	27853585	554
LG1	27853747	27853988	241
LG1	27854881	27855057	176
LG1	27855658	27856015	357
LG1	27856304	27856402	98
LG1	27856750	27857031	281
LG1	27858047	27859183	1136
LG1	27859711	27860664	953
LG1	27861102	27861237	135
LG1	27861283	27863481	2198
LG1	27864082	27864766	684
LG1	27866307	27867403	1096
LG1	27867741	27868613	872
LG1	27869851	27870260	409
LG1	27871227	27872762	1535
LG1	27874250	27874298	48
LG1	27874848	27875880	1032
LG1	27875989	27876493	504
LG1	27876636	27878750	2114
LG1	27878879	27881147	2268
LG1	27881300	27881549	249
LG1	27881800	27882018	218
LG1	27882990	27885530	2540
LG1	27886652	27887225	573
LG1	27887335	27888279	944
LG1	27888553	27888609	56
LG1	27888734	27892081	3347
LG1	27892542	27893307	765
LG1	27893631	27894878	1247
LG1	27895185	27897467	2282
LG1	27897676	27898153	477
LG1	27899408	27899729	321
LG1	27899774	27900204	430
LG1	27900382	27900566	184
LG1	27901438	27902483	1045
LG1	27902730	27903177	447
LG1	27903376	27905322	1946
LG1	27905725	27905798	73
LG1	27905965	27906803	838
LG1	27906885	27907453	568
LG1	27908073	27908843	770
LG1	27909234	27910392	1158
LG1	27911394	27912370	976
LG1	27913199	27913648	449
LG1	27914841	27915666	825
LG1	27916433	27917595	1162
LG1	27917621	27918377	756
LG1	27918471	27919760	1289
LG1	27920048	27920346	298
LG1	27920413	27920954	541
LG1	27921961	27923038	1077
LG1	27923059	27923736	677
LG1	27924053	27925575	1522
LG1	27925667	27926026	359
LG1	27926093	27926456	363
LG1	27926750	27927358	608
LG1	27928720	27929379	659
LG1	27929446	27929589	143
LG1	27929916	27930026	110
LG1	27930052	27931684	1632
LG1	27931747	27932959	1212
LG1	27933255	27933888	633
LG1	27934745	27935439	694
LG1	27937778	27937976	198
LG1	27938085	27938359	274
LG1	27938500	27939058	558
LG1	27939434	27940390	956
LG1	27941695	27943067	1372
LG1	27943777	27944846	1069
LG1	27945241	27945711	470
LG1	27945914	27946239	325
LG1	27947278	27948493	1215
LG1	27949353	27950430	1077
LG1	27950703	27953136	2433
LG1	27955247	27956512	1265
LG1	27957418	27957538	120
LG1	27959063	27960929	1866
LG1	27961165	27961696	531
LG1	27961957	27962516	559
LG1	27964131	27964626	495
LG1	27964632	27964826	194
LG1	27965030	27965501	471
LG1	27965671	27967111	1440
LG1	27967264	27967761	497
LG1	27967881	27968645	764
LG1	27968833	27969499	666
LG1	27969972	27970184	212
LG1	27970792	27971224	432
LG1	27971491	27971643	152
LG1	27972334	27972766	432
LG1	27975280	27975760	480
LG1	27975904	27976908	1004
LG1	27976972	27977882	910
LG1	27978010	27978127	117
LG1	27979102	27979378	276
LG1	27979608	27979712	104
LG1	27979891	27979990	99
LG1	27980147	27980894	747
LG1	27982838	27982949	111
LG1	27983007	27983420	413
LG1	27984766	27985077	311
LG1	27985103	27985330	227
LG1	27986430	27988345	1915
LG1	27988465	27989227	762
LG1	27989289	27989614	325
LG1	27990007	27990626	619
LG1	27992508	27992756	248
LG1	27992942	27993175	233
LG1	27994075	27994858	783
LG1	27996395	27996941	546
LG1	27997743	27998845	1102
LG1	27998949	27999263	314
LG1	27999537	28000694	1157
LG1	28000723	28001043	320
LG1	28001126	28003991	2865
LG1	28003993	28007082	3089
LG1	28007192	28007259	67
LG1	28007342	28008895	1553
LG1	28008977	28009307	330
LG1	28009565	28009773	208
LG1	28010605	28012208	1603
LG1	28012315	28012742	427
LG1	28012943	28013120	177
LG1	28013275	28013489	214
LG1	28013657	28014046	389
LG1	28014334	28015152	818
LG1	28016781	28017502	721
LG1	28017598	28018105	507
LG1	28018226	28018430	204
LG1	28018507	28019566	1059
LG1	28020074	28020165	91
LG1	28020386	28020571	185
LG1	28021381	28022632	1251
LG1	28022985	28023429	444
LG1	28023556	28024500	944
LG1	28028260	28028973	713
LG1	28029643	28029710	67
LG1	28030040	28030749	709
LG1	28031630	28031855	225
LG1	28032447	28032584	137
LG1	28033094	28034616	1522
LG1	28034863	28034995	132
LG1	28042135	28042227	92
LG1	28042255	28042525	270
LG1	28043885	28044646	761
LG1	28046358	28046691	333
LG1	28046721	28046949	228
LG1	28046984	28047305	321
LG1	28047407	28048671	1264
LG1	28051037	28051835	798
LG1	28053577	28054320	743
LG1	28055145	28056076	931
LG1	28056812	28057064	252
LG1	28057086	28057301	215
LG1	28057524	28058237	713
LG1	28058351	28058744	393
LG1	28060643	28060997	354
LG1	28064095	28064608	513
LG1	28064675	28065087	412
LG1	28067509	28067834	325
LG1	28069372	28070107	735
LG1	28072818	28073061	243
LG1	28073638	28074563	925
LG1	28076409	28077598	1189
LG1	28077709	28078275	566
LG1	28080372	28080844	472
LG1	28082446	28082547	101
LG1	28082843	28083565	722
LG1	28083928	28084132	204
LG1	28084797	28085416	619
LG1	28087368	28088127	759
LG1	28088460	28088886	426
LG1	28088932	28089059	127
LG1	28091717	28091982	265
LG1	28093388	28093498	110
LG1	28093592	28093718	126
LG1	28093772	28094630	858
LG1	28094666	28095550	884
LG1	28097260	28098381	1121
LG1	28099957	28102370	2413
LG1	28103507	28104895	1388
LG1	28106253	28107696	1443
LG1	28107823	28108856	1033
LG1	28109323	28109415	92
LG1	28109657	28111019	1362
LG1	28111743	28112291	548
LG1	28113491	28114369	878
LG1	28114414	28114583	169
LG1	28114905	28115049	144
LG1	28115204	28115410	206
LG1	28115419	28116054	635
LG1	28116904	28117143	239
LG1	28117166	28118828	1662
LG1	28118832	28118980	148
LG1	28120030	28120817	787
LG1	28121511	28123230	1719
LG1	28123514	28124434	920
LG1	28124781	28124960	179
LG1	28125059	28125597	538
LG1	28125831	28127750	1919
LG1	28129084	28129449	365
LG1	28130046	28130253	207
LG1	28130379	28130590	211
LG1	28130835	28131019	184
LG1	28131373	28132924	1551
LG1	28133128	28134279	1151
LG1	28135758	28137641	1883
LG1	28137700	28137870	170
LG1	28139429	28140382	953
LG1	28141357	28142577	1220
LG1	28143165	28143493	328
LG1	28144091	28146098	2007
LG1	28146933	28147216	283
LG1	28147254	28148058	804
LG1	28151436	28151889	453
LG1	28152245	28152899	654
LG1	28155528	28156329	801
LG1	28157769	28157929	160
LG1	28158386	28158587	201
LG1	28161351	28161823	472
LG1	28161969	28162915	946
LG1	28163188	28163294	106
LG1	28164060	28166022	1962
LG1	28166147	28166778	631
LG1	28166925	28167170	245
LG1	28167259	28167284	25
LG1	28167411	28167820	409
LG1	28167964	28168496	532
LG1	28168553	28168731	178
LG1	28168908	28169141	233
LG1	28170831	28170987	156
LG1	28171220	28171345	125
LG1	28172411	28173068	657
LG1	28173159	28173470	311
LG1	28174458	28174876	418
LG1	28175043	28175412	369
LG1	28176806	28177653	847
LG1	28177864	28177997	133
LG1	28178056	28178304	248
LG1	28178388	28179257	869
LG1	28179403	28180812	1409
LG1	28181087	28181354	267
LG1	28181445	28181501	56
LG1	28181539	28181615	76
LG1	28181924	28182079	155
LG1	28182326	28184212	1886
LG1	28185538	28186032	494
LG1	28186045	28186269	224
LG1	28187009	28187989	980
LG1	28188071	28188350	279
LG1	28188795	28190482	1687
LG1	28190520	28192962	2442
LG1	28193260	28193457	197
LG1	28194765	28195131	366
LG1	28198399	28199752	1353
LG1	28203533	28203977	444
LG1	28204734	28204851	117
LG1	28205946	28206943	997
LG1	28207782	28208315	533
LG1	28208760	28210743	1983
LG1	28212403	28213937	1534
LG1	28214112	28214914	802
LG1	28215070	28215386	316
LG1	28216263	28216378	115
LG1	28217777	28218114	337
LG1	28219436	28220268	832
LG1	28220927	28221003	76
LG1	28221008	28221116	108
LG1	28221125	28221171	46
LG1	28222303	28223672	1369
LG1	28223797	28224299	502
LG1	28226044	28227161	1117
LG1	28228761	28229730	969
LG1	28231471	28232333	862
LG1	28234971	28235245	274
LG1	28239512	28240190	678
LG1	28240277	28244284	4007
LG1	28244453	28244625	172
LG1	28245093	28245428	335
LG1	28247192	28248640	1448
LG1	28249164	28252281	3117
LG1	28253567	28254468	901
LG1	28254494	28255435	941
LG1	28256394	28256867	473
LG1	28256996	28257765	769
LG1	28258141	28258208	67
LG1	28258367	28258435	68
LG1	28258511	28259464	953
LG1	28259465	28259929	464
LG1	28260187	28260660	473
LG1	28260699	28260982	283
LG1	28261084	28261168	84
LG1	28261199	28261261	62
LG1	28261293	28261636	343
LG1	28262012	28263430	1418
LG1	28264435	28266447	2012
LG1	28268651	28269450	799
LG1	28269991	28270071	80
LG1	28270879	28271099	220
LG1	28271390	28271862	472
LG1	28272478	28272635	157
LG1	28272724	28273585	861
LG1	28273795	28274657	862
LG1	28275830	28276706	876
LG1	28276735	28278620	1885
LG1	28278824	28279143	319
LG1	28279939	28281634	1695
LG1	28283237	28286426	3189
LG1	28286830	28288878	2048
LG1	28289977	28291850	1873
LG1	28293576	28294515	939
LG1	28294761	28294956	195
LG1	28296593	28299979	3386
LG1	28301266	28301377	111
LG1	28301517	28302695	1178
LG1	28306868	28307560	692
LG1	28309820	28310231	411
LG1	28312913	28313606	693
LG1	28313793	28313879	86
LG1	28316530	28317031	501
LG1	28318781	28319044	263
LG1	28319192	28319925	733
LG1	28321570	28322014	444
LG1	28322178	28322678	500
LG1	28323908	28325006	1098
LG1	28326184	28326254	70
LG1	28326974	28327645	671
LG1	28329856	28330633	777
LG1	28333338	28333868	530
LG1	28336310	28336695	385
LG1	28338875	28338943	68
LG1	28339209	28339358	149
LG1	28339462	28339880	418
LG1	28341414	28341717	303
LG1	28341924	28342018	94
LG1	28342112	28342211	99
LG1	28344679	28344798	119
LG1	28346662	28346887	225
LG1	28346994	28347362	368
LG1	28351964	28353610	1646
LG1	28355312	28356331	1019
LG1	28358485	28360257	1772
LG1	28362216	28363833	1617
LG1	28366750	28367462	712
LG1	28368409	28369501	1092
LG1	28370742	28371354	612
LG1	28372422	28372871	449
LG1	28372895	28373795	900
LG1	28373961	28374591	630
LG1	28376266	28376660	394
LG1	28377094	28377227	133
LG1	28377401	28377785	384
LG1	28378777	28378928	151
LG1	28378985	28380420	1435
LG1	28380711	28381162	451
LG1	28381191	28383659	2468
LG1	28385311	28386171	860
LG1	28389248	28389375	127
LG1	28390095	28390363	268
LG1	28390564	28390722	158
LG1	28390929	28391059	130
LG1	28391140	28391411	271
LG1	28391969	28392247	278
LG1	28392269	28392394	125
LG1	28392465	28392721	256
LG1	28394692	28395426	734
LG1	28396777	28396990	213
LG1	28397025	28398047	1022
LG1	28398793	28398919	126
LG1	28401013	28401097	84
LG1	28408267	28408935	668
LG1	28409293	28409547	254
LG1	28411017	28411902	885
LG1	28416642	28416850	208
LG1	28421273	28421597	324
LG1	28422886	28423464	578
LG1	28423757	28423911	154
LG1	28423980	28424078	98
LG1	28424132	28424640	508
LG1	28424674	28425288	614
LG1	28425853	28425977	124
LG1	28426132	28426641	509
LG1	28427748	28427895	147
LG1	28429301	28429627	326
LG1	28429774	28429799	25
LG1	28430245	28430621	376
LG1	28431030	28431160	130
LG1	28433122	28433355	233
LG1	28435709	28437092	1383
LG1	28439442	28439559	117
LG1	28439761	28440751	990
LG1	28443898	28443958	60
LG1	28444198	28444348	150
LG1	28444465	28444668	203
LG1	28444679	28444874	195
LG1	28444890	28444935	45
LG1	28445143	28445323	180
LG1	28449349	28449889	540
LG1	28449905	28450302	397
LG1	28455318	28455971	653
LG1	28456044	28456249	205
LG1	28456543	28456927	384
LG1	28457218	28458446	1228
LG1	28461810	28462074	264
LG1	28462192	28462537	345
LG1	28462875	28463009	134
LG1	28464040	28464385	345
LG1	28466474	28466663	189
LG1	28466800	28467094	294
LG1	28467580	28467942	362
LG1	28498449	28498654	205
LG1	28500165	28500414	249
LG1	28501433	28501875	442
LG1	28502590	28503954	1364
LG1	28505012	28505557	545
LG1	28505639	28505915	276
LG1	28506197	28506464	267
LG1	28506538	28506850	312
LG1	28507702	28507986	284
LG1	28510187	28510359	172
LG1	28510546	28511161	615
LG1	28512920	28514017	1097
LG1	28514158	28514420	262
LG1	28514471	28514659	188
LG1	28514923	28515286	363
LG1	28515418	28516532	1114
LG1	28517447	28517560	113
LG1	28518067	28518212	145
LG1	28518726	28518995	269
LG1	28519066	28519219	153
LG1	28519636	28519743	107
LG1	28520156	28520384	228
LG1	28520407	28521247	840
LG1	28521643	28521869	226
LG1	28522900	28523022	122
LG1	28523183	28523349	166
LG1	28535552	28535843	291
LG1	28536010	28536117	107
LG1	28537529	28537918	389
LG1	28538006	28538116	110
LG1	28538348	28538495	147
LG1	28539564	28540595	1031
LG1	28542201	28542360	159
LG1	28542638	28542762	124
LG1	28545327	28545667	340
LG1	28548230	28548493	263
LG1	28554133	28555500	1367
LG1	28555684	28556513	829
LG1	28556763	28557672	909
LG1	28558482	28558940	458
LG1	28563535	28563655	120
LG1	28565551	28565917	366
LG1	28565998	28566224	226
LG1	28567488	28567741	253
LG1	28568224	28568382	158
LG1	28568535	28568722	187
LG1	28570061	28570228	167
LG1	28570232	28570383	151
LG1	28570611	28570944	333
LG1	28571250	28571396	146
LG1	28571460	28571574	114
LG1	28571704	28571935	231
LG1	28572667	28572776	109
LG1	28572885	28573071	186
LG1	28574525	28574840	315
LG1	28579448	28579651	203
LG1	28579741	28579849	108
LG1	28580339	28580610	271
LG1	28581970	28583114	1144
LG1	28583278	28583423	145
LG1	28584827	28585092	265
LG1	28585208	28585858	650
LG1	28586825	28587258	433
LG1	28587296	28587637	341
LG1	28587768	28588740	972
LG1	28588775	28588988	213
LG1	28589061	28589238	177
LG1	28589315	28590004	689
LG1	28590552	28590969	417
LG1	28592249	28592577	328
LG1	28595984	28596256	272
LG1	28596349	28596520	171
LG1	28598237	28598683	446
LG1	28598729	28599043	314
LG1	28599098	28599252	154
LG1	28599354	28600503	1149
LG1	28600988	28601351	363
LG1	28601460	28602199	739
LG1	28602284	28602476	192
LG1	28602541	28603022	481
LG1	28603262	28604066	804
LG1	28604350	28604544	194
LG1	28606616	28607408	792
LG1	28608190	28609129	939
LG1	28609160	28609293	133
LG1	28611103	28611450	347
LG1	28611663	28611873	210
LG1	28612520	28612758	238
LG1	28613005	28613110	105
LG1	28613261	28613571	310
LG1	28615204	28615351	147
LG1	28615452	28615656	204
LG1	28616008	28616623	615
LG1	28618625	28619502	877
LG1	28620862	28621113	251
LG1	28622390	28622868	478
LG1	28624058	28624247	189
LG1	28624785	28624882	97
LG1	28625363	28625755	392
LG1	28625780	28626100	320
LG1	28626119	28626355	236
LG1	28627018	28627335	317
LG1	28628399	28628845	446
LG1	28629492	28629793	301
LG1	28630179	28630251	72
LG1	28633597	28633706	109
LG1	28634034	28634778	744
LG1	28635903	28636075	172
LG1	28637061	28637634	573
LG1	28637694	28638488	794
LG1	28638759	28638940	181
LG1	28639841	28640061	220
LG1	28641929	28642102	173
LG1	28642261	28642698	437
LG1	28643996	28644616	620
LG1	28644709	28645270	561
LG1	28645922	28646039	117
LG1	28648804	28650360	1556
LG1	28652256	28652472	216
LG1	28652896	28653517	621
LG1	28655476	28656128	652
LG1	28656172	28656829	657
LG1	28656857	28657581	724
LG1	28657633	28658332	699
LG1	28658473	28659378	905
LG1	28659896	28662168	2272
LG1	28662336	28662582	246
LG1	28662610	28662734	124
LG1	28663557	28663893	336
LG1	28666202	28666420	218
LG1	28666598	28666727	129
LG1	28666853	28667337	484
LG1	28667456	28668348	892
LG1	28669726	28670222	496
LG1	28670239	28670542	303
LG1	28671572	28671933	361
LG1	28672086	28673071	985
LG1	28673098	28673225	127
LG1	28673355	28674273	918
LG1	28675638	28676171	533
LG1	28676190	28676936	746
LG1	28677099	28677614	515
LG1	28677721	28678343	622
LG1	28678481	28678503	22
LG1	28678533	28679317	784
LG1	28679381	28679707	326
LG1	28680695	28681228	533
LG1	28681398	28682236	838
LG1	28682868	28683822	954
LG1	28684099	28684262	163
LG1	28685542	28685842	300
LG1	28685913	28688441	2528
LG1	28690293	28690442	149
LG1	28692018	28697725	5707
LG1	28698782	28700239	1457
LG1	28700286	28706963	6677
LG1	28707000	28707632	632
LG1	28707761	28710128	2367
LG1	28710776	28711221	445
LG1	28711469	28711837	368
LG1	28711967	28712273	306
LG1	28712352	28713306	954
LG1	28713400	28715415	2015
LG1	28717248	28718095	847
LG1	28718885	28718912	27
LG1	28719133	28719885	752
LG1	28720376	28720467	91
LG1	28720502	28721268	766
LG1	28725335	28726960	1625
LG1	28727125	28727702	577
LG1	28727912	28728695	783
LG1	28728896	28731270	2374
LG1	28732970	28734277	1307
LG1	28734885	28735794	909
LG1	28735978	28738840	2862
LG1	28740695	28741546	851
LG1	28742025	28742172	147
LG1	28743078	28744108	1030
LG1	28746763	28747592	829
LG1	28749168	28749779	611
LG1	28751487	28751871	384
LG1	28752406	28752872	466
LG1	28755981	28757910	1929
LG1	28759859	28760113	254
LG1	28760123	28760314	191
LG1	28760323	28760328	5
LG1	28760350	28761053	703
LG1	28763040	28763933	893
LG1	28764006	28764381	375
LG1	28766801	28767156	355
LG1	28767495	28768566	1071
LG1	28768649	28770345	1696
LG1	28773526	28773637	111
LG1	28775236	28776698	1462
LG1	28776947	28777007	60
LG1	28778017	28778393	376
LG1	28779456	28780368	912
LG1	28780811	28782885	2074
LG1	28783240	28783960	720
LG1	28785265	28786269	1004
LG1	28787218	28788940	1722
LG1	28791670	28792881	1211
LG1	28794287	28794954	667
LG1	28794992	28795742	750
LG1	28796039	28796665	626
LG1	28796765	28798599	1834
LG1	28798628	28799058	430
LG1	28800095	28800558	463
LG1	28800613	28800730	117
LG1	28800845	28801367	522
LG1	28801495	28801775	280
LG1	28803573	28803626	53
LG1	28803844	28804186	342
LG1	28804333	28804435	102
LG1	28805089	28805286	197
LG1	28807717	28807904	187
LG1	28808103	28808135	32
LG1	28808817	28809049	232
LG1	28812067	28812274	207
LG1	28815153	28815449	296
LG1	28817383	28817947	564
LG1	28818190	28818662	472
LG1	28820052	28821026	974
LG1	28827369	28827542	173
LG1	28831244	28832366	1122
LG1	28837319	28837775	456
LG1	28839534	28839844	310
LG1	28841681	28841952	271
LG1	28843642	28844257	615
LG1	28844719	28844840	121
LG1	28845849	28846505	656
LG1	28847294	28848355	1061
LG1	28848425	28848485	60
LG1	28849590	28850277	687
LG1	28850297	28850841	544
LG1	28851589	28851782	193
LG1	28852287	28853075	788
LG1	28854477	28854975	498
LG1	28856887	28857116	229
LG1	28857389	28857800	411
LG1	28858707	28858810	103
LG1	28859035	28859188	153
LG1	28859507	28859589	82
LG1	28859616	28859680	64
LG1	28861550	28861712	162
LG1	28861716	28861864	148
LG1	28862592	28862670	78
LG1	28864774	28865218	444
LG1	28866055	28866634	579
LG1	28866674	28869465	2791
LG1	28870157	28870864	707
LG1	28870932	28871666	734
LG1	28872041	28872902	861
LG1	28873394	28878185	4791
LG1	28878466	28879044	578
LG1	28879078	28879411	333
LG1	28879707	28879784	77
LG1	28881524	28882065	541
LG1	28882659	28883018	359
LG1	28884973	28886066	1093
LG1	28886337	28887783	1446
LG1	28888151	28888532	381
LG1	28888823	28891917	3094
LG1	28891953	28893734	1781
LG1	28893802	28896000	2198
LG1	28896182	28896747	565
LG1	28897466	28898105	639
LG1	28898313	28898736	423
LG1	28899149	28899586	437
LG1	28899770	28899968	198
LG1	28900452	28900730	278
LG1	28901051	28901697	646
LG1	28902719	28904207	1488
LG1	28904932	28905352	420
LG1	28907174	28908054	880
LG1	28908078	28908220	142
LG1	28909629	28910983	1354
LG1	28910997	28911116	119
LG1	28911156	28911188	32
LG1	28911566	28912719	1153
LG1	28912942	28913683	741
LG1	28915118	28915844	726
LG1	28915907	28916038	131
LG1	28916121	28916159	38
LG1	28916209	28917411	1202
LG1	28917649	28917867	218
LG1	28918083	28918214	131
LG1	28918501	28918849	348
LG1	28918898	28919893	995
LG1	28919991	28920125	134
LG1	28920143	28921822	1679
LG1	28922789	28923044	255
LG1	28923063	28923217	154
LG1	28923714	28925745	2031
LG1	28926334	28927390	1056
LG1	28928024	28928467	443
LG1	28928991	28930785	1794
LG1	28933450	28933499	49
LG1	28933694	28934166	472
LG1	28934789	28934915	126
LG1	28934935	28935367	432
LG1	28938121	28938884	763
LG1	28939057	28939364	307
LG1	28939788	28940403	615
LG1	28941300	28941692	392
LG1	28942117	28943726	1609
LG1	28945561	28946543	982
LG1	28947557	28948815	1258
LG1	28949373	28950790	1417
LG1	28950949	28953769	2820
LG1	28953973	28954741	768
LG1	28954801	28955699	898
LG1	28955752	28956161	409
LG1	28956620	28957718	1098
LG1	28957960	28958479	519
LG1	28958516	28959187	671
LG1	28959250	28959906	656
LG1	28961602	28961801	199
LG1	28963374	28964580	1206
LG1	28964720	28965844	1124
LG1	28966030	28967591	1561
LG1	28968743	28968942	199
LG1	28969036	28969348	312
LG1	28970518	28972895	2377
LG1	28974605	28974936	331
LG1	28975846	28976458	612
LG1	28980582	28981466	884
LG1	28981497	28981942	445
LG1	28982071	28983158	1087
LG1	28988289	28988515	226
LG1	28989754	28990233	479
LG1	28990555	28991226	671
LG1	28991537	28992110	573
LG1	28993178	28993364	186
LG1	28993962	28994021	59
LG1	29001051	29003252	2201
LG1	29003365	29004585	1220
LG1	29006176	29006253	77
LG1	29007494	29010823	3329
LG1	29011117	29011474	357
LG1	29012341	29013979	1638
LG1	29014156	29016326	2170
LG1	29016639	29017573	934
LG1	29019072	29019245	173
LG1	29020604	29021839	1235
LG1	29022673	29022880	207
LG1	29023104	29023146	42
LG1	29023246	29023332	86
LG1	29023393	29024186	793
LG1	29024192	29024681	489
LG1	29026284	29027488	1204
LG1	29028917	29029564	647
LG1	29033992	29034051	59
LG1	29034054	29034139	85
LG1	29034215	29034271	56
LG1	29034510	29035030	520
LG1	29035115	29035731	616
LG1	29036059	29036291	232
LG1	29036589	29037301	712
LG1	29037619	29038220	601
LG1	29038325	29038498	173
LG1	29038573	29039151	578
LG1	29039227	29040938	1711
LG1	29041490	29041848	358
LG1	29042024	29042299	275
LG1	29044536	29044999	463
LG1	29045192	29046282	1090
LG1	29047180	29047414	234
LG1	29052671	29053663	992
LG1	29054429	29055392	963
LG1	29055567	29055814	247
LG1	29056099	29057162	1063
LG1	29057248	29057317	69
LG1	29057394	29058363	969
LG1	29058942	29059196	254
LG1	29059652	29060393	741
LG1	29060643	29061202	559
LG1	29062077	29062234	157
LG1	29062264	29064818	2554
LG1	29064965	29065585	620
LG1	29066092	29066406	314
LG1	29066504	29068412	1908
LG1	29071692	29073384	1692
LG1	29074138	29074900	762
LG1	29075816	29075943	127
LG1	29075950	29076092	142
LG1	29077220	29077778	558
LG1	29078069	29078318	249
LG1	29078370	29079351	981
LG1	29079537	29079667	130
LG1	29079898	29080753	855
LG1	29082315	29082661	346
LG1	29082753	29083218	465
LG1	29083303	29087482	4179
LG1	29090895	29091424	529
LG1	29091584	29092053	469
LG1	29092221	29093793	1572
LG1	29095241	29097745	2504
LG1	29098073	29098159	86
LG1	29098217	29100109	1892
LG1	29100506	29100772	266
LG1	29100902	29102191	1289
LG1	29102585	29102761	176
LG1	29102937	29104627	1690
LG1	29105405	29112144	6739
LG1	29112975	29114392	1417
LG1	29116047	29117652	1605
LG1	29117780	29117915	135
LG1	29117963	29118552	589
LG1	29118787	29119624	837
LG1	29119696	29119811	115
LG1	29119844	29120811	967
LG1	29120984	29122347	1363
LG1	29124246	29125241	995
LG1	29125416	29125662	246
LG1	29128526	29129522	996
LG1	29129747	29130105	358
LG1	29131504	29132776	1272
LG1	29136265	29139017	2752
LG1	29139742	29141221	1479
LG1	29142527	29142743	216
LG1	29145059	29145271	212
LG1	29145392	29145647	255
LG1	29146022	29147141	1119
LG1	29151939	29153093	1154
LG1	29153506	29154216	710
LG1	29154233	29154513	280
LG1	29156139	29156234	95
LG1	29159890	29160517	627
LG1	29162182	29162802	620
LG1	29163451	29165503	2052
LG1	29165615	29166096	481
LG1	29167004	29167187	183
LG1	29167339	29169037	1698
LG1	29169126	29169269	143
LG1	29170184	29171729	1545
LG1	29172765	29173396	631
LG1	29175866	29179096	3230
LG1	29181512	29182460	948
LG1	29182465	29182835	370
LG1	29182859	29184782	1923
LG1	29185964	29186084	120
LG1	29186303	29187813	1510
LG1	29189066	29189293	227
LG1	29191078	29191303	225
LG1	29193771	29195697	1926
LG1	29201945	29203223	1278
LG1	29210124	29212189	2065
LG1	29213108	29213629	521
LG1	29216576	29217618	1042
LG1	29217917	29218234	317
LG1	29219573	29220524	951
LG1	29221523	29221599	76
LG1	29221894	29222788	894
LG1	29222878	29223006	128
LG1	29223524	29229308	5784
LG1	29229413	29230449	1036
LG1	29230611	29233011	2400
LG1	29233060	29234455	1395
LG1	29235866	29236052	186
LG1	29236416	29237526	1110
LG1	29237539	29238072	533
LG1	29239216	29241291	2075
LG1	29241311	29242432	1121
LG1	29242446	29243950	1504
LG1	29244572	29247474	2902
LG1	29249572	29251713	2141
LG1	29252848	29254632	1784
LG1	29254752	29255683	931
LG1	29255747	29256871	1124
LG1	29256914	29257070	156
LG1	29257534	29258331	797
LG1	29258655	29260088	1433
LG1	29261261	29263351	2090
LG1	29263681	29264535	854
LG1	29264705	29264907	202
LG1	29264987	29265760	773
LG1	29266515	29268712	2197
LG1	29271638	29273922	2284
LG1	29276093	29277649	1556
LG1	29279000	29279470	470
LG1	29281364	29281770	406
LG1	29282884	29285048	2164
LG1	29288223	29288738	515
LG1	29290051	29290430	379
LG1	29290730	29290848	118
LG1	29291125	29293870	2745
LG1	29296410	29297851	1441
LG1	29299280	29299576	296
LG1	29299617	29300091	474
LG1	29301926	29302652	726
LG1	29302684	29302827	143
LG1	29303274	29303896	622
LG1	29305637	29306282	645
LG1	29306445	29307276	831
LG1	29307539	29308859	1320
LG1	29309161	29309980	819
LG1	29311510	29312019	509
LG1	29312531	29313611	1080
LG1	29313790	29314052	262
LG1	29314060	29314643	583
LG1	29317812	29318394	582
LG1	29318433	29319460	1027
LG1	29320465	29320717	252
LG1	29321232	29322125	893
LG1	29325479	29325625	146
LG1	29325661	29326133	472
LG1	29327130	29328569	1439
LG1	29329032	29329418	386
LG1	29330358	29332858	2500
LG1	29334444	29335282	838
LG1	29337636	29338663	1027
LG1	29340611	29340797	186
LG1	29340859	29341896	1037
LG1	29342654	29342757	103
LG1	29343115	29343467	352
LG1	29345823	29346526	703
LG1	29346863	29347784	921
LG1	29348678	29352806	4128
LG1	29353034	29353206	172
LG1	29353346	29354002	656
LG1	29354433	29354928	495
LG1	29355234	29357918	2684
LG1	29358448	29358717	269
LG1	29360128	29360613	485
LG1	29360689	29362037	1348
LG1	29362146	29362327	181
LG1	29362427	29362449	22
LG1	29362488	29364270	1782
LG1	29366787	29367611	824
LG1	29367696	29368420	724
LG1	29368752	29371979	3227
LG1	29372129	29372775	646
LG1	29372877	29374257	1380
LG1	29374481	29377129	2648
LG1	29378162	29379248	1086
LG1	29380096	29380607	511
LG1	29382969	29384105	1136
LG1	29384896	29385645	749
LG1	29385760	29385915	155
LG1	29385966	29386387	421
LG1	29386679	29386965	286
LG1	29386972	29387207	235
LG1	29388924	29390335	1411
LG1	29391507	29392805	1298
LG1	29393765	29395484	1719
LG1	29395867	29398475	2608
LG1	29398689	29400443	1754
LG1	29400556	29401424	868
LG1	29401427	29401513	86
LG1	29401824	29402655	831
LG1	29403928	29404033	105
LG1	29404243	29404923	680
LG1	29405213	29406219	1006
LG1	29406715	29408399	1684
LG1	29408450	29410481	2031
LG1	29411689	29413111	1422
LG1	29413172	29413572	400
LG1	29414409	29415135	726
LG1	29418695	29419803	1108
LG1	29422186	29423549	1363
LG1	29423598	29423822	224
LG1	29424612	29425534	922
LG1	29428134	29428260	126
LG1	29428293	29428477	184
LG1	29438363	29439122	759
LG1	29439371	29439405	34
LG1	29439518	29441237	1719
LG1	29441271	29444007	2736
LG1	29453418	29453533	115
LG1	29463612	29463727	115
LG1	29471629	29471735	106
LG1	29483308	29483414	106
LG1	29491872	29491987	115
LG1	29493275	29493626	351
LG1	29497936	29498571	635
LG1	29498882	29498969	87
LG1	29499081	29501396	2315
LG1	29501489	29503566	2077
LG1	29508357	29508472	115
LG1	29516102	29516208	106
LG1	29516465	29517248	783
LG1	29517353	29517545	192
LG1	29517589	29519573	1984
LG1	29520149	29520203	54
LG1	29520342	29526148	5806
LG1	29526198	29528084	1886
LG1	29528280	29529490	1210
LG1	29529611	29529730	119
LG1	29529933	29529990	57
LG1	29530138	29531383	1245
LG1	29531468	29533711	2243
LG1	29533786	29533844	58
LG1	29533875	29534228	353
LG1	29534326	29535107	781
LG1	29535200	29536031	831
LG1	29536263	29537394	1131
LG1	29537514	29538206	692
LG1	29538365	29538502	137
LG1	29538567	29538780	213
LG1	29539533	29539642	109
LG1	29539676	29539982	306
LG1	29540097	29541266	1169
LG1	29541351	29544226	2875
LG1	29545780	29546921	1141
LG1	29547205	29548280	1075
LG1	29548619	29551059	2440
LG1	29551284	29553110	1826
LG1	29553166	29554966	1800
LG1	29556308	29557443	1135
LG1	29558461	29558893	432
LG1	29559235	29559429	194
LG1	29560281	29561513	1232
LG1	29561695	29561835	140
LG1	29562399	29562748	349
LG1	29562860	29563051	191
LG1	29563469	29565374	1905
LG1	29565551	29567195	1644
LG1	29570368	29573767	3399
LG1	29573885	29574388	503
LG1	29574838	29575029	191
LG1	29575148	29576250	1102
LG1	29576319	29576950	631
LG1	29577851	29578646	795
LG1	29579230	29580257	1027
LG1	29580317	29580495	178
LG1	29580686	29581477	791
LG1	29581661	29582191	530
LG1	29583112	29584793	1681
LG1	29584895	29585549	654
LG1	29586289	29586483	194
LG1	29586563	29587224	661
LG1	29587930	29588527	597
LG1	29588660	29589555	895
LG1	29589570	29590588	1018
LG1	29590736	29592297	1561
LG1	29592588	29595447	2859
LG1	29596242	29600209	3967
LG1	29600699	29601571	872
LG1	29601729	29601897	168
LG1	29602102	29604597	2495
LG1	29604896	29606023	1127
LG1	29606508	29606689	181
LG1	29607486	29608445	959
LG1	29609831	29610552	721
LG1	29610678	29611015	337
LG1	29611196	29613459	2263
LG1	29613724	29614491	767
LG1	29614905	29616455	1550
LG1	29617680	29620207	2527
LG1	29620317	29620419	102
LG1	29620538	29620791	253
LG1	29621481	29622231	750
LG1	29624113	29625386	1273
LG1	29626774	29627298	524
LG1	29627449	29628137	688
LG1	29629612	29630184	572
LG1	29630264	29630629	365
LG1	29633224	29633525	301
LG1	29634035	29635250	1215
LG1	29637486	29637833	347
LG1	29637920	29638853	933
LG1	29639037	29639676	639
LG1	29643211	29643376	165
LG1	29643756	29645383	1627
LG1	29647604	29648005	401
LG1	29649467	29650408	941
LG1	29653714	29657059	3345
LG1	29657600	29657863	263
LG1	29659249	29659622	373
LG1	29659675	29660220	545
LG1	29660676	29661051	375
LG1	29661164	29661341	177
LG1	29662476	29662559	83
LG1	29662609	29663002	393
LG1	29664789	29664984	195
LG1	29665028	29666100	1072
LG1	29668342	29668845	503
LG1	29671702	29672235	533
LG1	29673772	29674767	995
LG1	29675891	29676905	1014
LG1	29677436	29677642	206
LG1	29677775	29678138	363
LG1	29678780	29680057	1277
LG1	29680280	29680827	547
LG1	29681021	29681518	497
LG1	29683306	29683670	364
LG1	29684955	29685318	363
LG1	29685695	29685878	183
LG1	29686930	29688204	1274
LG1	29688671	29688787	116
LG1	29688799	29689113	314
LG1	29690451	29690672	221
LG1	29691896	29692735	839
LG1	29693024	29694977	1953
LG1	29696576	29697320	744
LG1	29697800	29698014	214
LG1	29698061	29698401	340
LG1	29700706	29700933	227
LG1	29700954	29701517	563
LG1	29701829	29702048	219
LG1	29702229	29703161	932
LG1	29703537	29703882	345
LG1	29704193	29706181	1988
LG1	29707601	29707896	295
LG1	29708693	29709989	1296
LG1	29710217	29710309	92
LG1	29714869	29715473	604
LG1	29716956	29716991	35
LG1	29716997	29717067	70
LG1	29717194	29717554	360
LG1	29717558	29718159	601
LG1	29720011	29720262	251
LG1	29720279	29720456	177
LG1	29721948	29722046	98
LG1	29722050	29722127	77
LG1	29722149	29722347	198
LG1	29723907	29724313	406
LG1	29724317	29725110	793
LG1	29725217	29726182	965
LG1	29726183	29726864	681
LG1	29727352	29729345	1993
LG1	29730601	29730695	94
LG1	29731922	29732269	347
LG1	29732357	29733394	1037
LG1	29733595	29733751	156
LG1	29735532	29735995	463
LG1	29737326	29737955	629
LG1	29738376	29739288	912
LG1	29739376	29739526	150
LG1	29741420	29743019	1599
LG1	29747864	29749462	1598
LG1	29753803	29755417	1614
LG1	29755895	29756151	256
LG1	29758353	29758467	114
LG1	29758532	29758590	58
LG1	29758622	29759003	381
LG1	29759016	29759108	92
LG1	29759205	29760771	1566
LG1	29761751	29762083	332
LG1	29762141	29762197	56
LG1	29764402	29766384	1982
LG1	29766393	29766402	9
LG1	29766876	29767421	545
LG1	29767511	29769252	1741
LG1	29770339	29770842	503
LG1	29770892	29771147	255
LG1	29771267	29771456	189
LG1	29771501	29775098	3597
LG1	29775327	29775978	651
LG1	29776008	29777569	1561
LG1	29777686	29778377	691
LG1	29779575	29780083	508
LG1	29781461	29782932	1471
LG1	29782976	29783428	452
LG1	29784012	29784880	868
LG1	29784922	29786334	1412
LG1	29786565	29786699	134
LG1	29786947	29788200	1253
LG1	29788860	29791812	2952
LG1	29791883	29792855	972
LG1	29792916	29794187	1271
LG1	29794366	29794715	349
LG1	29795186	29795464	278
LG1	29797417	29798406	989
LG1	29798530	29799939	1409
LG1	29800055	29801141	1086
LG1	29801313	29802675	1362
LG1	29802831	29803179	348
LG1	29803231	29803509	278
LG1	29803727	29803898	171
LG1	29805727	29805891	164
LG1	29806093	29806229	136
LG1	29808328	29808508	180
LG1	29811654	29814120	2466
LG1	29814379	29817252	2873
LG1	29817336	29818122	786
LG1	29819446	29819718	272
LG1	29819758	29820291	533
LG1	29820426	29821886	1460
LG1	29821990	29822223	233
LG1	29822678	29823335	657
LG1	29823338	29823567	229
LG1	29824790	29826207	1417
LG1	29826892	29827192	300
LG1	29827591	29828130	539
LG1	29829173	29830373	1200
LG1	29830685	29830837	152
LG1	29831110	29832553	1443
LG1	29832606	29833110	504
LG1	29834636	29835039	403
LG1	29835290	29836961	1671
LG1	29837232	29837585	353
LG1	29838311	29838338	27
LG1	29838573	29838728	155
LG1	29838888	29839744	856
LG1	29840046	29840085	39
LG1	29840106	29842676	2570
LG1	29843230	29844336	1106
LG1	29844344	29845904	1560
LG1	29846168	29846725	557
LG1	29846742	29847512	770
LG1	29848399	29848680	281
LG1	29848927	29849596	669
LG1	29849840	29850073	233
LG1	29850236	29850540	304
LG1	29850610	29851396	786
LG1	29851853	29852189	336
LG1	29854082	29855335	1253
LG1	29855748	29856177	429
LG1	29856461	29860214	3753
LG1	29861785	29862122	337
LG1	29862693	29862871	178
LG1	29863873	29864144	271
LG1	29864368	29864712	344
LG1	29865211	29865762	551
LG1	29867651	29868609	958
LG1	29869042	29870303	1261
LG1	29870598	29870785	187
LG1	29871356	29871434	78
LG1	29871465	29875287	3822
LG1	29878142	29878569	427
LG1	29878948	29880511	1563
LG1	29880533	29882457	1924
LG1	29882509	29882884	375
LG1	29882914	29884081	1167
LG1	29884150	29884202	52
LG1	29884496	29885651	1155
LG1	29885724	29886090	366
LG1	29886150	29886867	717
LG1	29887146	29887301	155
LG1	29887322	29887741	419
LG1	29889587	29890810	1223
LG1	29891524	29892134	610
LG1	29893746	29895123	1377
LG1	29895267	29897618	2351
LG1	29897936	29898636	700
LG1	29898764	29900627	1863
LG1	29902859	29902962	103
LG1	29903091	29903214	123
LG1	29903270	29903509	239
LG1	29904807	29906784	1977
LG1	29908645	29908813	168
LG1	29910481	29910581	100
LG1	29910605	29911033	428
LG1	29911169	29911794	625
LG1	29911825	29912183	358
LG1	29912557	29913205	648
LG1	29913231	29915429	2198
LG1	29917120	29918918	1798
LG1	29919168	29919677	509
LG1	29919809	29920056	247
LG1	29920139	29921268	1129
LG1	29921600	29921715	115
LG1	29922213	29922450	237
LG1	29922826	29923088	262
LG1	29923263	29923509	246
LG1	29924863	29925090	227
LG1	29926037	29928982	2945
LG1	29929008	29930773	1765
LG1	29932004	29933576	1572
LG1	29933677	29935051	1374
LG1	29935490	29936050	560
LG1	29936522	29937464	942
LG1	29937635	29937825	190
LG1	29938279	29938719	440
LG1	29938933	29939128	195
LG1	29939152	29939158	6
LG1	29939201	29939682	481
LG1	29939967	29940176	209
LG1	29940321	29940547	226
LG1	29940682	29941685	1003
LG1	29941821	29942905	1084
LG1	29943066	29943195	129
LG1	29943519	29944345	826
LG1	29944455	29945882	1427
LG1	29946126	29946467	341
LG1	29946696	29947448	752
LG1	29947492	29947561	69
LG1	29947576	29947795	219
LG1	29948395	29949408	1013
LG1	29949782	29951040	1258
LG1	29951206	29954399	3193
LG1	29954511	29957250	2739
LG1	29959163	29959493	330
LG1	29959506	29960593	1087
LG1	29960625	29961139	514
LG1	29962362	29962419	57
LG1	29963363	29963412	49
LG1	29963589	29965463	1874
LG1	29965770	29965992	222
LG1	29966943	29967629	686
LG1	29969022	29970160	1138
LG1	29972592	29977659	5067
LG1	29978351	29979031	680
LG1	29979616	29980403	787
LG1	29980565	29980966	401
LG1	29981101	29982687	1586
LG1	29982790	29982796	6
LG1	29982873	29983479	606
LG1	29984199	29984337	138
LG1	29984397	29984468	71
LG1	29984650	29986645	1995
LG1	29986781	29986819	38
LG1	29986877	29987697	820
LG1	29988684	29988904	220
LG1	29989296	29991578	2282
LG1	29991876	29992282	406
LG1	29992473	29992575	102
LG1	29993124	29993831	707
LG1	29993887	29994212	325
LG1	29995148	29997071	1923
LG1	29997533	29997593	60
LG1	29998134	29998571	437
LG1	29999241	30002242	3001
LG1	30002288	30003414	1126
LG1	30004607	30006993	2386
LG1	30007226	30007407	181
LG1	30007442	30012082	4640
LG1	30012837	30013467	630
LG1	30013653	30014212	559
LG1	30016971	30017668	697
LG1	30017910	30018807	897
LG1	30021034	30022278	1244
LG1	30022288	30022894	606
LG1	30022990	30023894	904
LG1	30024096	30024552	456
LG1	30024568	30025584	1016
LG1	30025938	30027502	1564
LG1	30027584	30027768	184
LG1	30028217	30030992	2775
LG1	30031444	30035681	4237
LG1	30036544	30037221	677
LG1	30037332	30037973	641
LG1	30038010	30038525	515
LG1	30039687	30040279	592
LG1	30040434	30042438	2004
LG1	30045002	30046096	1094
LG1	30046374	30048128	1754
LG1	30050061	30051859	1798
LG1	30051971	30053079	1108
LG1	30053156	30053368	212
LG1	30053430	30054034	604
LG1	30054384	30054653	269
LG1	30054976	30060304	5328
LG1	30061156	30061771	615
LG1	30061915	30063275	1360
LG1	30063458	30063857	399
LG1	30063866	30065183	1317
LG1	30066372	30066970	598
LG1	30067245	30067484	239
LG1	30067792	30069879	2087
LG1	30070636	30070915	279
LG1	30071188	30071314	126
LG1	30072026	30073894	1868
LG1	30074158	30074201	43
LG1	30074322	30076303	1981
LG1	30076528	30079499	2971
LG1	30085944	30086991	1047
LG1	30087219	30089029	1810
LG1	30089255	30089341	86
LG1	30089905	30090519	614
LG1	30090646	30094605	3959
LG1	30095096	30095497	401
LG1	30097876	30101507	3631
LG1	30101630	30105357	3727
LG1	30107048	30107570	522
LG1	30107984	30110361	2377
LG1	30112087	30113370	1283
LG1	30113671	30114615	944
LG1	30114720	30114849	129
LG1	30114927	30115987	1060
LG1	30116101	30116944	843
LG1	30117004	30117641	637
LG1	30119993	30120117	124
LG1	30120136	30126948	6812
LG1	30127116	30131813	4697
LG1	30131829	30132931	1102
LG1	30133211	30135846	2635
LG1	30135893	30140167	4274
LG1	30140384	30141198	814
LG1	30142366	30143544	1178
LG1	30144377	30145132	755
LG1	30145346	30146597	1251
LG1	30148628	30148766	138
LG1	30149986	30151008	1022
LG1	30151292	30152723	1431
LG1	30152986	30153809	823
LG1	30153810	30154301	491
LG1	30155442	30155867	425
LG1	30156008	30156155	147
LG1	30156579	30156945	366
LG1	30156993	30157065	72
LG1	30157964	30158104	140
LG1	30158275	30160461	2186
LG1	30160478	30160612	134
LG1	30162248	30163592	1344
LG1	30167525	30177125	9600
LG1	30177251	30177453	202
LG1	30177619	30177989	370
LG1	30178170	30179057	887
LG1	30182240	30182381	141
LG1	30182713	30182890	177
LG1	30183250	30183914	664
LG1	30185285	30185540	255
LG1	30185709	30187073	1364
LG1	30187843	30188460	617
LG1	30188971	30189289	318
LG1	30189351	30189933	582
LG1	30190396	30190577	181
LG1	30190933	30191274	341
LG1	30191394	30193644	2250
LG1	30193664	30193979	315
LG1	30194018	30194091	73
LG1	30194255	30194787	532
LG1	30195711	30196383	672
LG1	30196576	30196954	378
LG1	30197021	30197227	206
LG1	30197279	30198277	998
LG1	30198307	30198473	166
LG1	30198490	30198864	374
LG1	30198866	30199593	727
LG1	30199616	30199982	366
LG1	30200088	30202391	2303
LG1	30202789	30203020	231
LG1	30203992	30204400	408
LG1	30205073	30205586	513
LG1	30205772	30205858	86
LG1	30206787	30207676	889
LG1	30207781	30209664	1883
LG1	30210504	30210858	354
LG1	30210915	30211307	392
LG1	30211694	30212062	368
LG1	30214577	30215372	795
LG1	30218251	30218416	165
LG1	30218521	30219658	1137
LG1	30219781	30220076	295
LG1	30222571	30222616	45
LG1	30224210	30227243	3033
LG1	30227699	30227906	207
LG1	30228946	30229150	204
LG1	30229510	30229839	329
LG1	30230433	30231433	1000
LG1	30231434	30231786	352
LG1	30231805	30231986	181
LG1	30232179	30232943	764
LG1	30232995	30233245	250
LG1	30236291	30236419	128
LG1	30236484	30236831	347
LG1	30237262	30237360	98
LG1	30237386	30238214	828
LG1	30238810	30239019	209
LG1	30239095	30239273	178
LG1	30239906	30240127	221
LG1	30241165	30242031	866
LG1	30244517	30245184	667
LG1	30245355	30246109	754
LG1	30246509	30246694	185
LG1	30247829	30248869	1040
LG1	30249332	30250518	1186
LG1	30250675	30251657	982
LG1	30251921	30252719	798
LG1	30252836	30253955	1119
LG1	30254270	30258049	3779
LG1	30258921	30259378	457
LG1	30259722	30259959	237
LG1	30260020	30260400	380
LG1	30260749	30260876	127
LG1	30261059	30261891	832
LG1	30261973	30262264	291
LG1	30263585	30264737	1152
LG1	30264966	30265000	34
LG1	30265349	30267221	1872
LG1	30267340	30267530	190
LG1	30267862	30267986	124
LG1	30268767	30270464	1697
LG1	30271266	30271589	323
LG1	30272505	30273659	1154
LG1	30273790	30274626	836
LG1	30274750	30275859	1109
LG1	30275982	30277126	1144
LG1	30277335	30277984	649
LG1	30278025	30279104	1079
LG1	30280435	30283702	3267
LG1	30283778	30285375	1597
LG1	30288051	30288285	234
LG1	30289894	30291209	1315
LG1	30291541	30292755	1214
LG1	30292775	30293084	309
LG1	30293270	30296159	2889
LG1	30296192	30296232	40
LG1	30296374	30296779	405
LG1	30297319	30297804	485
LG1	30297843	30300972	3129
LG1	30300996	30304628	3632
LG1	30304848	30306720	1872
LG1	30306989	30307610	621
LG1	30307886	30308049	163
LG1	30308109	30308716	607
LG1	30308815	30310571	1756
LG1	30312810	30313525	715
LG1	30313899	30316831	2932
LG1	30316883	30317635	752
LG1	30317664	30318559	895
LG1	30318668	30319748	1080
LG1	30319789	30321757	1968
LG1	30322503	30323494	991
LG1	30323690	30324217	527
LG1	30324485	30325028	543
LG1	30325185	30327717	2532
LG1	30327921	30328238	317
LG1	30328376	30330093	1717
LG1	30330121	30334431	4310
LG1	30334485	30335038	553
LG1	30335368	30337710	2342
LG1	30337791	30340442	2651
LG1	30340987	30341704	717
LG1	30342290	30342584	294
LG1	30342744	30343672	928
LG1	30345489	30346833	1344
LG1	30346862	30347264	402
LG1	30347760	30348288	528
LG1	30348964	30350300	1336
LG1	30350367	30350981	614
LG1	30355416	30356181	765
LG1	30356226	30356328	102
LG1	30356588	30359403	2815
LG1	30359842	30360481	639
LG1	30360897	30363967	3070
LG1	30364052	30364262	210
LG1	30364282	30365104	822
LG1	30365660	30366124	464
LG1	30366134	30366142	8
LG1	30366145	30366284	139
LG1	30366748	30367418	670
LG1	30369791	30370071	280
LG1	30371083	30371760	677
LG1	30372399	30372697	298
LG1	30374145	30374805	660
LG1	30375100	30377116	2016
LG1	30377248	30378642	1394
LG1	30380044	30382200	2156
LG1	30382313	30384409	2096
LG1	30384444	30386644	2200
LG1	30387210	30388321	1111
LG1	30388491	30389594	1103
LG1	30391982	30393754	1772
LG1	30393866	30394504	638
LG1	30394669	30394941	272
LG1	30394945	30395587	642
LG1	30396868	30400335	3467
LG1	30400942	30401579	637
LG1	30401674	30402326	652
LG1	30403336	30404248	912
LG1	30405086	30407820	2734
LG1	30408059	30408359	300
LG1	30408957	30409559	602
LG1	30410588	30411260	672
LG1	30411831	30411929	98
LG1	30411966	30412019	53
LG1	30413703	30414164	461
LG1	30416038	30420082	4044
LG1	30420594	30420684	90
LG1	30421398	30421945	547
LG1	30421988	30424394	2406
LG1	30425126	30425574	448
LG1	30426220	30434298	8078
LG1	30437780	30439882	2102
LG1	30442317	30442784	467
LG1	30443919	30444048	129
LG1	30444092	30445225	1133
LG1	30446683	30449321	2638
LG1	30449827	30452444	2617
LG1	30452621	30455130	2509
LG1	30455176	30458049	2873
LG1	30458283	30462357	4074
LG1	30462391	30464432	2041
LG1	30464505	30465453	948
LG1	30465639	30478032	12393
LG1	30478153	30486310	8157
LG1	30486479	30486564	85
LG1	30486850	30490691	3841
LG1	30490849	30492367	1518
LG1	30492721	30494150	1429
LG1	30495221	30499177	3956
LG1	30499400	30500075	675
LG1	30500139	30501868	1729
LG1	30501879	30502713	834
LG1	30502768	30511166	8398
LG1	30513052	30522026	8974
LG1	30522300	30524796	2496
LG1	30524910	30525282	372
LG1	30525893	30527082	1189
LG1	30531381	30531658	277
LG1	30531669	30532130	461
LG1	30532171	30533525	1354
LG1	30533531	30539297	5766
LG1	30540232	30542171	1939
LG1	30542213	30549757	7544
LG1	30553905	30555048	1143
LG1	30555113	30556985	1872
LG1	30557062	30557376	314
LG1	30559067	30565276	6209
LG1	30565414	30575028	9614
LG1	30575806	30586612	10806
LG1	30588576	30590125	1549
LG1	30590868	30596795	5927
LG1	30596952	30596967	15
LG1	30597213	30597253	40
LG1	30597856	30604481	6625
LG1	30604872	30605703	831
LG1	30605811	30611473	5662
LG1	30611501	30611979	478
LG1	30612590	30615130	2540
LG1	30617849	30618799	950
LG1	30618960	30620056	1096
LG1	30620183	30621994	1811
LG1	30622492	30622736	244
LG1	30622775	30623936	1161
LG1	30624182	30624797	615
LG1	30625549	30626274	725
LG1	30627774	30628714	940
LG1	30629457	30629767	310
LG1	30630025	30631824	1799
LG1	30632267	30638332	6065
LG1	30638423	30638678	255
LG1	30638702	30638719	17
LG1	30638804	30641611	2807
LG1	30641776	30642040	264
LG1	30642250	30642987	737
LG1	30643127	30643871	744
LG1	30643878	30646207	2329
LG1	30646293	30646857	564
LG1	30646878	30647940	1062
LG1	30648025	30649131	1106
LG1	30649361	30650350	989
LG1	30650629	30657494	6865
LG1	30657641	30658345	704
LG1	30658611	30659575	964
LG1	30659648	30659681	33
LG1	30659700	30669633	9933
LG1	30669658	30669973	315
LG1	30669979	30671608	1629
LG1	30671720	30676244	4524
LG1	30676292	30678964	2672
LG1	30679835	30682687	2852
LG1	30684343	30687793	3450
LG1	30687818	30688222	404
LG1	30688358	30691448	3090
LG1	30691671	30691873	202
LG1	30692121	30699488	7367
LG1	30699629	30702032	2403
LG1	30702176	30702560	384
LG1	30702562	30703813	1251
LG1	30703900	30704185	285
LG1	30704280	30705008	728
LG1	30705050	30706540	1490
LG1	30706582	30709358	2776
LG1	30709417	30712745	3328
LG1	30712889	30713366	477
LG1	30714610	30718167	3557
LG1	30718265	30719731	1466
LG1	30719871	30722567	2696
LG1	30723016	30723108	92
LG1	30723173	30725256	2083
LG1	30725682	30729518	3836
LG1	30729672	30730158	486
LG1	30730379	30731921	1542
LG1	30732499	30738491	5992
LG1	30738746	30738781	35
LG1	30738840	30744175	5335
LG1	30744571	30746305	1734
LG1	30746829	30749391	2562
LG1	30749578	30751857	2279
LG1	30752182	30753565	1383
LG1	30754203	30756446	2243
LG1	30756623	30756792	169
LG1	30756818	30757625	807
LG1	30757676	30758614	938
LG1	30758688	30759423	735
LG1	30759776	30766338	6562
LG1	30766528	30768681	2153
LG1	30769011	30769223	212
LG1	30769342	30770588	1246
LG1	30770810	30772153	1343
LG1	30773161	30775589	2428
LG1	30775704	30776808	1104
LG1	30776910	30778966	2056
LG1	30779053	30779203	150
LG1	30779499	30784329	4830
LG1	30784429	30786390	1961
LG1	30787318	30788418	1100
LG1	30788710	30790645	1935
LG1	30791420	30791615	195
LG1	30793138	30795585	2447
LG1	30795776	30796108	332
LG1	30796232	30797254	1022
LG1	30797445	30798175	730
LG1	30798215	30798764	549
LG1	30798849	30801033	2184
LG1	30810780	30812992	2212
LG1	30813394	30823508	10114
LG1	30823587	30824007	420
LG1	30824008	30824170	162
LG1	30824414	30824930	516
LG1	30826229	30831027	4798
LG1	30831188	30832540	1352
LG1	30834631	30836018	1387
LG1	30837626	30839210	1584
LG1	30839255	30840828	1573
LG1	30841171	30841417	246
LG1	30841462	30843030	1568
LG1	30843212	30849246	6034
LG1	30849340	30855744	6404
LG1	30855878	30859640	3762
LG1	30859702	30860446	744
LG1	30861958	30862800	842
LG1	30862875	30868307	5432
LG1	30868553	30868604	51
LG1	30868611	30871197	2586
LG1	30871232	30873412	2180
LG1	30874005	30875188	1183
LG1	30875206	30875851	645
LG1	30876382	30876602	220
LG1	30876621	30878225	1604
LG1	30878541	30879624	1083
LG1	30879699	30885651	5952
LG1	30886948	30887726	778
LG1	30887831	30887996	165
LG1	30889152	30890240	1088
LG1	30890394	30890565	171
LG1	30891602	30891752	150
LG1	30891938	30892267	329
LG1	30892316	30893281	965
LG1	30893890	30895345	1455
LG1	30895459	30895637	178
LG1	30896796	30899277	2481
LG1	30899355	30900277	922
LG1	30900373	30901080	707
LG1	30901845	30901950	105
LG1	30904908	30905407	499
LG1	30905443	30906446	1003
LG1	30910678	30911275	597
LG1	30913197	30913624	427
LG1	30913828	30914711	883
LG1	30916537	30917162	625
LG1	30917327	30917984	657
LG1	30918065	30922681	4616
LG1	30923350	30923682	332
LG1	30923852	30925010	1158
LG1	30925061	30925309	248
LG1	30925953	30926181	228
LG1	30926221	30926927	706
LG1	30927296	30928635	1339
LG1	30929260	30929307	47
LG1	30929980	30930236	256
LG1	30930895	30931402	507
LG1	30932118	30932740	622
LG1	30932915	30933771	856
LG1	30934041	30934327	286
LG1	30934946	30935089	143
LG1	30935353	30935791	438
LG1	30936328	30936509	181
LG1	30936581	30937320	739
LG1	30938437	30938668	231
LG1	30940029	30940590	561
LG1	30940802	30941073	271
LG1	30941337	30941650	313
LG1	30941685	30943226	1541
LG1	30943363	30944046	683
LG1	30944496	30944830	334
LG1	30944913	30945314	401
LG1	30945802	30947054	1252
LG1	30947159	30947180	21
LG1	30947457	30948203	746
LG1	30948277	30948463	186
LG1	30948576	30948827	251
LG1	30949085	30949334	249
LG1	30949390	30949590	200
LG1	30949603	30950426	823
LG1	30950577	30950759	182
LG1	30950801	30951232	431
LG1	30951389	30952382	993
LG1	30952493	30953667	1174
LG1	30953784	30953892	108
LG1	30954003	30954210	207
LG1	30954259	30954534	275
LG1	30954941	30955204	263
LG1	30955392	30956475	1083
LG1	30956580	30956779	199
LG1	30956895	30957852	957
LG1	30957914	30958366	452
LG1	30958698	30959004	306
LG1	30959131	30960206	1075
LG1	30960296	30964348	4052
LG1	30964887	30965580	693
LG1	30967613	30967738	125
LG1	30968410	30968607	197
LG1	30969000	30969124	124
LG1	30969243	30969441	198
LG1	30969574	30969754	180
LG1	30969798	30970023	225
LG1	30970122	30970400	278
LG1	30970455	30970661	206
LG1	30971986	30972095	109
LG1	30972879	30973057	178
LG1	30973158	30973275	117
LG1	30973593	30973710	117
LG1	30976637	30979875	3238
LG1	30983361	30984449	1088
LG1	30986133	30988477	2344
LG1	30989901	30990863	962
LG1	30991003	30991471	468
LG1	30992057	30992736	679
LG1	30993786	30993970	184
LG1	30996354	30996764	410
LG1	30996790	30997363	573
LG1	30998022	30999990	1968
LG1	31002096	31003025	929
LG1	31004253	31004514	261
LG1	31005619	31006011	392
LG1	31007911	31008512	601
LG1	31008897	31009329	432
LG1	31009392	31013452	4060
LG1	31015444	31016446	1002
LG1	31018665	31018806	141
LG1	31019284	31020371	1087
LG1	31020766	31021183	417
LG1	31021246	31021278	32
LG1	31021988	31022320	332
LG1	31024834	31025263	429
LG1	31025265	31025503	238
LG1	31026780	31027300	520
LG1	31027339	31027777	438
LG1	31032102	31033255	1153
LG1	31033337	31033984	647
LG1	31035368	31036081	713
LG1	31036761	31037367	606
LG1	31037722	31038150	428
LG1	31040394	31042389	1995
LG1	31045018	31047093	2075
LG1	31049170	31049894	724
LG1	31051009	31051600	591
LG1	31053608	31054637	1029
LG1	31054688	31054737	49
LG1	31055306	31059410	4104
LG1	31059454	31059952	498
LG1	31059998	31060376	378
LG1	31061394	31061710	316
LG1	31062004	31062328	324
LG1	31062468	31063946	1478
LG1	31065840	31067253	1413
LG1	31067423	31067494	71
LG1	31068171	31068783	612
LG1	31068952	31069230	278
LG1	31069341	31070678	1337
LG1	31070682	31070699	17
LG1	31070728	31072338	1610
LG1	31073461	31074037	576
LG1	31075083	31075290	207
LG1	31075472	31076556	1084
LG1	31078360	31079209	849
LG1	31080266	31080625	359
LG1	31082856	31083244	388
LG1	31084459	31085443	984
LG1	31085657	31085830	173
LG1	31090560	31090745	185
LG1	31090854	31091936	1082
LG1	31093111	31093878	767
LG1	31093938	31095415	1477
LG1	31095759	31096040	281
LG1	31096354	31097208	854
LG1	31100116	31101253	1137
LG1	31101379	31101456	77
LG1	31101823	31101906	83
LG1	31101909	31103560	1651
LG1	31105353	31106192	839
LG1	31106278	31107217	939
LG1	31108396	31108456	60
LG1	31108571	31109210	639
LG1	31109378	31109822	444
LG1	31109895	31110893	998
LG1	31111287	31111489	202
LG1	31115234	31117040	1806
LG1	31117095	31119275	2180
LG1	31119685	31121828	2143
LG1	31122208	31122509	301
LG1	31122522	31122694	172
LG1	31122899	31125109	2210
LG1	31125290	31126238	948
LG1	31126308	31127133	825
LG1	31127314	31129058	1744
LG1	31129066	31130215	1149
LG1	31131101	31136636	5535
LG1	31136932	31138185	1253
LG1	31138320	31138952	632
LG1	31139759	31142179	2420
LG1	31142401	31149414	7013
LG1	31149503	31149821	318
LG1	31149918	31155526	5608
LG1	31155595	31155660	65
LG1	31155725	31157058	1333
LG1	31157622	31158087	465
LG1	31158156	31159004	848
LG1	31160155	31160444	289
LG1	31162676	31163110	434
LG1	31163327	31163713	386
LG1	31168101	31168225	124
LG1	31169277	31169555	278
LG1	31169577	31170151	574
LG1	31170180	31170972	792
LG1	31171148	31171357	209
LG1	31171360	31171528	168
LG1	31172417	31172464	47
LG1	31173719	31174010	291
LG1	31174043	31174367	324
LG1	31175460	31176493	1033
LG1	31177776	31178013	237
LG1	31179645	31180011	366
LG1	31180068	31180599	531
LG1	31181252	31182202	950
LG1	31182231	31182532	301
LG1	31182681	31184397	1716
LG1	31184804	31185193	389
LG1	31185339	31185954	615
LG1	31186125	31186510	385
LG1	31189305	31190568	1263
LG1	31191118	31191861	743
LG1	31192113	31192238	125
LG1	31192382	31192697	315
LG1	31192785	31193857	1072
LG1	31194540	31194912	372
LG1	31195009	31196166	1157
LG1	31196887	31197029	142
LG1	31197151	31197534	383
LG1	31197583	31198153	570
LG1	31200199	31201402	1203
LG1	31202602	31202766	164
LG1	31203524	31206579	3055
LG1	31207736	31207959	223
LG1	31208127	31209134	1007
LG1	31215111	31215437	326
LG1	31215536	31216928	1392
LG1	31217039	31218355	1316
LG1	31218544	31218934	390
LG1	31219359	31219850	491
LG1	31221211	31221284	73
LG1	31222574	31223200	626
LG1	31223472	31225388	1916
LG1	31225577	31225906	329
LG1	31225911	31226498	587
LG1	31226523	31227120	597
LG1	31227200	31227588	388
LG1	31228545	31230432	1887
LG1	31230568	31231078	510
LG1	31231122	31232245	1123
LG1	31232415	31232660	245
LG1	31232851	31233170	319
LG1	31233295	31234539	1244
LG1	31235410	31236479	1069
LG1	31236788	31236945	157
LG1	31237810	31237922	112
LG1	31238441	31239163	722
LG1	31239633	31239996	363
LG1	31240307	31241006	699
LG1	31241597	31242009	412
LG1	31242731	31243268	537
LG1	31243428	31244457	1029
LG1	31244575	31245864	1289
LG1	31246601	31247032	431
LG1	31247376	31247485	109
LG1	31247558	31248117	559
LG1	31249665	31250326	661
LG1	31250675	31251872	1197
LG1	31252219	31255346	3127
LG1	31255455	31255765	310
LG1	31256027	31257895	1868
LG1	31257992	31258682	690
LG1	31259421	31260051	630
LG1	31260364	31262613	2249
LG1	31262690	31263388	698
LG1	31263475	31266082	2607
LG1	31266171	31266891	720
LG1	31267386	31268462	1076
LG1	31268695	31269078	383
LG1	31269197	31272403	3206
LG1	31272528	31272699	171
LG1	31272737	31275798	3061
LG1	31277442	31279412	1970
LG1	31279564	31280219	655
LG1	31280258	31282072	1814
LG1	31282141	31282498	357
LG1	31282579	31282672	93
LG1	31282709	31283011	302
LG1	31283371	31284435	1064
LG1	31285815	31286112	297
LG1	31286805	31287341	536
LG1	31287486	31289214	1728
LG1	31289413	31289502	89
LG1	31289735	31290052	317
LG1	31290125	31291006	881
LG1	31291224	31292387	1163
LG1	31293751	31295104	1353
LG1	31295470	31297580	2110
LG1	31297908	31298311	403
LG1	31298366	31299942	1576
LG1	31300449	31301303	854
LG1	31301460	31303069	1609
LG1	31303079	31307565	4486
LG1	31308497	31309156	659
LG1	31309289	31309500	211
LG1	31309528	31309681	153
LG1	31309926	31310167	241
LG1	31310279	31310700	421
LG1	31310840	31312005	1165
LG1	31312689	31313313	624
LG1	31313406	31313675	269
LG1	31313819	31314353	534
LG1	31314396	31315105	709
LG1	31316385	31316688	303
LG1	31317202	31317263	61
LG1	31317497	31318008	511
LG1	31319410	31320517	1107
LG1	31320666	31322473	1807
LG1	31323352	31325780	2428
LG1	31325877	31326062	185
LG1	31326376	31326695	319
LG1	31326764	31327008	244
LG1	31327019	31327609	590
LG1	31327768	31328648	880
LG1	31330444	31331913	1469
LG1	31332892	31334613	1721
LG1	31335021	31335462	441
LG1	31335801	31336105	304
LG1	31336265	31337525	1260
LG1	31337553	31338598	1045
LG1	31338663	31338934	271
LG1	31339100	31340734	1634
LG1	31340809	31340940	131
LG1	31341517	31342006	489
LG1	31342127	31343548	1421
LG1	31344808	31345603	795
LG1	31345971	31347256	1285
LG1	31348287	31348583	296
LG1	31349373	31350603	1230
LG1	31350653	31351769	1116
LG1	31352310	31353419	1109
LG1	31353489	31354476	987
LG1	31354615	31355747	1132
LG1	31355790	31360499	4709
LG1	31360528	31375563	15035
LG1	31375711	31380154	4443
LG1	31380585	31380821	236
LG1	31380968	31381582	614
LG1	31382747	31385223	2476
LG1	31385272	31385312	40
LG1	31385325	31388118	2793
LG1	31388125	31388183	58
LG1	31388191	31388836	645
LG1	31391058	31392435	1377
LG1	31392609	31392773	164
LG1	31392805	31392990	185
LG1	31394069	31394378	309
LG1	31394428	31394975	547
LG1	31396022	31396159	137
LG1	31396260	31396623	363
LG1	31396916	31397043	127
LG1	31397282	31397807	525
LG1	31398007	31398253	246
LG1	31398841	31399045	204
LG1	31399358	31401295	1937
LG1	31401440	31402171	731
LG1	31402188	31402317	129
LG1	31403483	31403854	371
LG1	31404024	31404037	13
LG1	31404062	31405691	1629
LG1	31405870	31406346	476
LG1	31406369	31407001	632
LG1	31407103	31408783	1680
LG1	31408880	31410626	1746
LG1	31412595	31415164	2569
LG1	31415170	31416663	1493
LG1	31419721	31420405	684
LG1	31420560	31421681	1121
LG1	31421884	31422416	532
LG1	31422933	31422965	32
LG1	31423021	31424962	1941
LG1	31424964	31425046	82
LG1	31425449	31427010	1561
LG1	31428296	31429090	794
LG1	31430482	31430566	84
LG1	31431095	31433350	2255
LG1	31433567	31434330	763
LG1	31434642	31434709	67
LG1	31434859	31435283	424
LG1	31435456	31435745	289
LG1	31436652	31436876	224
LG1	31437107	31437354	247
LG1	31437614	31439425	1811
LG1	31439463	31440540	1077
LG1	31440703	31441621	918
LG1	31441687	31442699	1012
LG1	31442977	31443516	539
LG1	31443963	31444056	93
LG1	31444146	31444865	719
LG1	31444972	31445611	639
LG1	31445931	31446693	762
LG1	31447105	31448353	1248
LG1	31450390	31451446	1056
LG1	31452540	31453122	582
LG1	31453379	31453976	597
LG1	31453992	31455144	1152
LG1	31456031	31458398	2367
LG1	31458775	31459034	259
LG1	31459239	31459302	63
LG1	31459310	31459808	498
LG1	31460360	31460541	181
LG1	31462475	31462666	191
LG1	31462738	31462942	204
LG1	31463159	31463297	138
LG1	31463816	31464215	399
LG1	31464291	31464501	210
LG1	31464945	31465364	419
LG1	31467090	31467322	232
LG1	31467491	31467863	372
LG1	31468320	31468737	417
LG1	31470692	31470897	205
LG1	31471093	31472289	1196
LG1	31473455	31473793	338
LG1	31473824	31474382	558
LG1	31475612	31476180	568
LG1	31476428	31477791	1363
LG1	31482266	31482575	309
LG1	31482706	31483082	376
LG1	31483204	31483809	605
LG1	31483937	31485726	1789
LG1	31485938	31486106	168
LG1	31486503	31487195	692
LG1	31487457	31487588	131
LG1	31487902	31488005	103
LG1	31488376	31488705	329
LG1	31490510	31491017	507
LG1	31491535	31492508	973
LG1	31494161	31494816	655
LG1	31495554	31495984	430
LG1	31496979	31497442	463
LG1	31497989	31498005	16
LG1	31498014	31498139	125
LG1	31498768	31499011	243
LG1	31499470	31501211	1741
LG1	31501533	31502379	846
LG1	31502515	31503644	1129
LG1	31503713	31504053	340
LG1	31504252	31504951	699
LG1	31505185	31506758	1573
LG1	31506945	31507021	76
LG1	31507517	31508483	966
LG1	31508530	31508668	138
LG1	31509280	31510994	1714
LG1	31511266	31511450	184
LG1	31511594	31511909	315
LG1	31512952	31513426	474
LG1	31513544	31514127	583
LG1	31516067	31518152	2085
LG1	31518188	31519441	1253
LG1	31519708	31520147	439
LG1	31520686	31521021	335
LG1	31521282	31521817	535
LG1	31522277	31522890	613
LG1	31522962	31523311	349
LG1	31523577	31523978	401
LG1	31524059	31526106	2047
LG1	31526715	31528186	1471
LG1	31528549	31529359	810
LG1	31530096	31530338	242
LG1	31530592	31531099	507
LG1	31532336	31533583	1247
LG1	31533959	31535235	1276
LG1	31535573	31536101	528
LG1	31537819	31538498	679
LG1	31541123	31541229	106
LG1	31542471	31542869	398
LG1	31543031	31543482	451
LG1	31543852	31544104	252
LG1	31544762	31546828	2066
LG1	31549336	31550946	1610
LG1	31552919	31554428	1509
LG1	31555045	31555104	59
LG1	31556022	31556820	798
LG1	31558872	31560447	1575
LG1	31560664	31560985	321
LG1	31562378	31562591	213
LG1	31563013	31564647	1634
LG1	31566432	31567522	1090
LG1	31567725	31567951	226
LG1	31568644	31568773	129
LG1	31570089	31570384	295
LG1	31570506	31571376	870
LG1	31571906	31572670	764
LG1	31572770	31573410	640
LG1	31574561	31574979	418
LG1	31577150	31577470	320
LG1	31577595	31578793	1198
LG1	31580556	31581454	898
LG1	31582227	31582687	460
LG1	31582930	31583589	659
LG1	31583693	31583769	76
LG1	31584036	31584605	569
LG1	31585827	31586396	569
LG1	31586425	31586873	448
LG1	31586939	31587368	429
LG1	31587721	31587932	211
LG1	31588887	31588939	52
LG1	31588960	31589228	268
LG1	31589497	31589885	388
LG1	31589899	31590065	166
LG1	31591366	31591526	160
LG1	31592101	31592276	175
LG1	31592295	31592508	213
LG1	31593440	31593729	289
LG1	31593813	31593877	64
LG1	31594070	31594648	578
LG1	31594775	31594877	102
LG1	31595921	31596283	362
LG1	31597796	31597954	158
LG1	31598027	31598493	466
LG1	31598603	31599236	633
LG1	31599388	31599567	179
LG1	31599972	31600231	259
LG1	31603475	31603766	291
LG1	31604805	31605032	227
LG1	31605141	31605312	171
LG1	31606229	31606395	166
LG1	31607933	31608178	245
LG1	31608566	31609041	475
LG1	31609837	31610250	413
LG1	31610417	31610698	281
LG1	31612376	31613070	694
LG1	31613395	31613461	66
LG1	31613978	31614176	198
LG1	31614310	31614738	428
LG1	31616765	31616981	216
LG1	31617517	31617657	140
LG1	31617715	31618383	668
LG1	31619281	31619426	145
LG1	31620574	31621151	577
LG1	31621427	31621552	125
LG1	31621613	31621877	264
LG1	31623312	31623415	103
LG1	31624302	31624854	552
LG1	31625010	31625198	188
LG1	31625730	31625911	181
LG1	31627239	31627492	253
LG1	31628135	31628614	479
LG1	31628986	31629252	266
LG1	31629272	31629642	370
LG1	31629654	31630040	386
LG1	31631280	31632096	816
LG1	31633078	31633272	194
LG1	31634445	31634884	439
LG1	31636000	31636349	349
LG1	31637091	31637616	525
LG1	31637886	31638035	149
LG1	31638104	31638421	317
LG1	31638709	31638879	170
LG1	31639161	31639329	168
LG1	31640757	31640847	90
LG1	31642374	31642502	128
LG1	31644419	31645032	613
LG1	31646858	31647244	386
LG1	31647410	31647538	128
LG1	31649629	31649869	240
LG1	31652216	31652511	295
LG1	31652671	31652985	314
LG1	31655987	31656424	437
LG1	31656537	31656966	429
LG1	31659166	31659670	504
LG1	31661823	31662294	471
LG1	31663085	31665564	2479
LG1	31667423	31667582	159
LG1	31667710	31667947	237
LG1	31668094	31668250	156
LG1	31668507	31668676	169
LG1	31669065	31669348	283
LG1	31669473	31669611	138
LG1	31669871	31670000	129
LG1	31670634	31670827	193
LG1	31671523	31671623	100
LG1	31672045	31672143	98
LG1	31672837	31673172	335
LG1	31675503	31675679	176
LG1	31676572	31676667	95
LG1	31678039	31678486	447
LG1	31679578	31679744	166
LG1	31680162	31680375	213
LG1	31681132	31681613	481
LG1	31682710	31683125	415
LG1	31685504	31686038	534
LG1	31687841	31688878	1037
LG1	31691708	31692020	312
LG1	31692174	31692385	211
LG1	31692424	31692663	239
LG1	31692811	31692905	94
LG1	31692946	31693057	111
LG1	31693164	31693340	176
LG1	31693408	31693707	299
LG1	31693808	31694008	200
LG1	31694167	31694342	175
LG1	31694554	31694820	266
LG1	31695526	31695943	417
LG1	31696069	31696231	162
LG1	31696470	31696601	131
LG1	31696917	31697077	160
LG1	31697271	31697674	403
LG1	31700483	31700678	195
LG1	31700920	31701264	344
LG1	31701309	31701757	448
LG1	31701798	31701886	88
LG1	31702106	31702213	107
LG1	31703029	31703233	204
LG1	31703977	31704578	601
LG1	31704673	31705140	467
LG1	31705920	31706812	892
LG1	31710484	31711431	947
LG1	31714992	31715886	894
LG1	31717305	31717472	167
LG1	31717595	31718136	541
LG1	31718169	31718289	120
LG1	31718339	31718447	108
LG1	31718592	31719186	594
LG1	31719342	31722241	2899
LG1	31722844	31724123	1279
LG1	31724322	31724943	621
LG1	31725083	31725230	147
LG1	31725505	31725707	202
LG1	31728000	31728289	289
LG1	31728360	31728568	208
LG1	31730769	31730887	118
LG1	31732941	31733159	218
LG1	31733313	31733589	276
LG1	31733619	31733684	65
LG1	31733723	31734313	590
LG1	31736447	31736509	62
LG1	31738682	31738836	154
LG1	31742355	31742650	295
LG1	31742709	31743305	596
LG1	31743430	31743719	289
LG1	31745570	31745924	354
LG1	31746208	31746502	294
LG1	31747320	31747547	227
LG1	31747709	31747827	118
LG1	31747937	31748171	234
LG1	31748787	31748867	80
LG1	31749414	31750285	871
LG1	31752006	31753257	1251
LG1	31753635	31753887	252
LG1	31754678	31754950	272
LG1	31755704	31756499	795
LG1	31759492	31760049	557
LG1	31762620	31762829	209
LG1	31762967	31763423	456
LG1	31768524	31768726	202
LG1	31768810	31769132	322
LG1	31769205	31769404	199
LG1	31770469	31770628	159
LG1	31770849	31771083	234
LG1	31771153	31771413	260
LG1	31771476	31771636	160
LG1	31772042	31772202	160
LG1	31772602	31772707	105
LG1	31773999	31774151	152
LG1	31775686	31775797	111
LG1	31776465	31776625	160
LG1	31776687	31776872	185
LG1	31777028	31777098	70
LG1	31777300	31777408	108
LG1	31777725	31777788	63
LG1	31777817	31778520	703
LG1	31778546	31778745	199
LG1	31778810	31779254	444
LG1	31779319	31779374	55
LG1	31779401	31779494	93
LG1	31779692	31779837	145
LG1	31779991	31780260	269
LG1	31781282	31781328	46
LG1	31781765	31783060	1295
LG1	31783795	31784280	485
LG1	31787370	31787622	252
LG1	31788756	31789441	685
LG1	31789483	31790583	1100
LG1	31790819	31791369	550
LG1	31793723	31793873	150
LG1	31793903	31794170	267
LG1	31794292	31794813	521
LG1	31795052	31795413	361
LG1	31795753	31797773	2020
LG1	31797896	31798494	598
LG1	31799400	31799768	368
LG1	31799920	31800584	664
LG1	31800713	31800822	109
LG1	31802107	31802869	762
LG1	31805468	31805739	271
LG1	31805751	31805895	144
LG1	31805921	31806091	170
LG1	31806299	31806462	163
LG1	31806714	31806840	126
LG1	31807117	31807350	233
LG1	31807556	31807753	197
LG1	31807944	31808513	569
LG1	31808652	31809207	555
LG1	31811471	31811598	127
LG1	31811715	31812934	1219
LG1	31812935	31813117	182
LG1	31814316	31814532	216
LG1	31814572	31815732	1160
LG1	31816538	31816941	403
LG1	31819204	31819615	411
LG1	31820427	31822546	2119
LG1	31824031	31824255	224
LG1	31824319	31824418	99
LG1	31824690	31824809	119
LG1	31825439	31825568	129
LG1	31825622	31826207	585
LG1	31829920	31830313	393
LG1	31832812	31833034	222
LG1	31833874	31834783	909
LG1	31834818	31835794	976
LG1	31836269	31836544	275
LG1	31836880	31836945	65
LG1	31837593	31837804	211
LG1	31837852	31838074	222
LG1	31838290	31838467	177
LG1	31839032	31839242	210
LG1	31840011	31840283	272
LG1	31840961	31841179	218
LG1	31841565	31842143	578
LG1	31844021	31845555	1534
LG1	31846917	31847124	207
LG1	31850854	31851175	321
LG1	31852832	31852919	87
LG1	31853422	31853953	531
LG1	31854159	31854221	62
LG1	31856551	31857143	592
LG1	31857367	31857502	135
LG1	31857688	31857933	245
LG1	31857984	31858614	630
LG1	31858957	31859165	208
LG1	31859389	31859782	393
LG1	31860060	31860586	526
LG1	31860781	31861059	278
LG1	31863227	31863873	646
LG1	31864611	31865088	477
LG1	31865418	31865559	141
LG1	31865650	31866738	1088
LG1	31866788	31867966	1178
LG1	31868031	31868223	192
LG1	31868535	31868726	191
LG1	31868748	31869386	638
LG1	31869788	31870376	588
LG1	31871804	31872244	440
LG1	31872537	31872834	297
LG1	31873211	31873455	244
LG1	31874250	31875288	1038
LG1	31875489	31875722	233
LG1	31878566	31879321	755
LG1	31880828	31881004	176
LG1	31881195	31881375	180
LG1	31881700	31881908	208
LG1	31882941	31884080	1139
LG1	31885892	31886430	538
LG1	31889383	31889961	578
LG1	31890840	31891225	385
LG1	31891237	31891355	118
LG1	31891966	31892583	617
LG1	31892713	31893391	678
LG1	31893471	31893479	8
LG1	31893535	31894632	1097
LG1	31894944	31894995	51
LG1	31895632	31896232	600
LG1	31899715	31900113	398
LG1	31900197	31900586	389
LG1	31900762	31903050	2288
LG1	31904238	31904781	543
LG1	31905149	31905495	346
LG1	31905860	31907426	1566
LG1	31908034	31908209	175
LG1	31909475	31909694	219
LG1	31909814	31910049	235
LG1	31912567	31914269	1702
LG1	31914452	31914715	263
LG1	31914741	31916001	1260
LG1	31916087	31916711	624
LG1	31917846	31918928	1082
LG1	31920373	31921669	1296
LG1	31921980	31922522	542
LG1	31922534	31923037	503
LG1	31923216	31926759	3543
LG1	31926899	31927120	221
LG1	31927220	31927739	519
LG1	31928123	31928219	96
LG1	31928432	31929433	1001
LG1	31929464	31929690	226
LG1	31929738	31930585	847
LG1	31932534	31932989	455
LG1	31933088	31935381	2293
LG1	31935406	31935969	563
LG1	31936046	31936145	99
LG1	31936219	31939139	2920
LG1	31939199	31939309	110
LG1	31939564	31941783	2219
LG1	31941863	31942565	702
LG1	31942586	31942642	56
LG1	31943570	31943921	351
LG1	31943922	31944106	184
LG1	31944300	31944878	578
LG1	31944927	31945768	841
LG1	31945953	31946087	134
LG1	31946330	31946470	140
LG1	31947345	31947668	323
LG1	31947716	31947995	279
LG1	31948049	31948814	765
LG1	31948936	31950452	1516
LG1	31950462	31950817	355
LG1	31950945	31951022	77
LG1	31951605	31951817	212
LG1	31951872	31952872	1000
LG1	31953307	31953771	464
LG1	31953891	31955508	1617
LG1	31955717	31956616	899
LG1	31956675	31957162	487
LG1	31957185	31958026	841
LG1	31958071	31961021	2950
LG1	31961058	31963070	2012
LG1	31963307	31963943	636
LG1	31964637	31964718	81
LG1	31966527	31967068	541
LG1	31967536	31968864	1328
LG1	31969378	31969803	425
LG1	31978818	31979311	493
LG1	31979321	31979755	434
LG1	31981219	31981792	573
LG1	31982333	31983299	966
LG1	31983393	31983627	234
LG1	31985885	31987150	1265
LG1	31987185	31988276	1091
LG1	31988376	31990720	2344
LG1	31991651	31991780	129
LG1	31993045	31993268	223
LG1	31993988	31994496	508
LG1	31994618	31995677	1059
LG1	31995913	31996581	668
LG1	31996760	31997750	990
LG1	31998339	31998412	73
LG1	32000420	32000799	379
LG1	32001069	32001607	538
LG1	32004576	32005060	484
LG1	32005820	32006374	554
LG1	32006433	32006893	460
LG1	32007112	32007861	749
LG1	32008099	32008617	518
LG1	32009352	32009916	564
LG1	32010041	32010309	268
LG1	32012272	32013323	1051
LG1	32014580	32015340	760
LG1	32015610	32015716	106
LG1	32020989	32021104	115
LG1	32023611	32023724	113
LG1	32026486	32026592	106
LG1	32028672	32028907	235
LG1	32028985	32029805	820
LG1	32029839	32030321	482
LG1	32030444	32030746	302
LG1	32031097	32031523	426
LG1	32031561	32032172	611
LG1	32032243	32032378	135
LG1	32032640	32032739	99
LG1	32032852	32033162	310
LG1	32033275	32034016	741
LG1	32040326	32040674	348
LG1	32040730	32040933	203
LG1	32043039	32043129	90
LG1	32046033	32046401	368
LG1	32046557	32046747	190
LG1	32069254	32069837	583
LG1	32070036	32071209	1173
LG1	32075810	32076582	772
LG1	32140420	32140708	288
LG1	32140876	32140979	103
LG1	32174067	32174140	73
LG1	32174625	32176363	1738
LG1	32176405	32177968	1563
LG1	32178050	32179595	1545
LG1	32204035	32204143	108
LG1	32250295	32250665	370
LG1	32250805	32251524	719
LG1	32251567	32252558	991
LG1	32252871	32253155	284
LG1	32254585	32255162	577
LG1	32255747	32255807	60
LG1	32255822	32256544	722
LG1	32256870	32257065	195
LG1	32258403	32258531	128
LG1	32259304	32260045	741
LG1	32260673	32260997	324
LG1	32261700	32262415	715
LG1	32264928	32266328	1400
LG1	32266384	32267163	779
LG1	32267498	32268286	788
LG1	32268639	32269132	493
LG1	32269426	32269565	139
LG1	32271101	32271523	422
LG1	32271678	32271901	223
LG1	32272621	32273585	964
LG1	32273725	32274138	413
LG1	32274226	32274595	369
LG1	32275976	32276400	424
LG1	32276614	32277062	448
LG1	32277103	32277216	113
LG1	32277640	32279904	2264
LG1	32280390	32280770	380
LG1	32281418	32281780	362
LG1	32281935	32283025	1090
LG1	32283166	32283329	163
LG1	32284014	32284930	916
LG1	32285239	32286160	921
LG1	32286246	32286323	77
LG1	32286341	32286482	141
LG1	32291186	32292214	1028
LG1	32292367	32293196	829
LG1	32295739	32296413	674
LG1	32296846	32297889	1043
LG1	32299048	32299288	240
LG1	32299459	32299921	462
LG1	32300039	32300615	576
LG1	32300842	32302246	1404
LG1	32302808	32304044	1236
LG1	32304589	32305111	522
LG1	32306660	32306836	176
LG1	32307179	32308315	1136
LG1	32308892	32309038	146
LG1	32309058	32310165	1107
LG1	32310673	32311164	491
LG1	32311225	32311377	152
LG1	32311634	32311891	257
LG1	32313064	32313644	580
LG1	32314827	32315106	279
LG1	32315391	32315549	158
LG1	32316076	32316577	501
LG1	32316987	32317401	414
LG1	32317502	32317921	419
LG1	32319346	32319440	94
LG1	32320224	32320591	367
LG1	32320712	32321268	556
LG1	32322384	32323474	1090
LG1	32325291	32325384	93
LG1	32326234	32326301	67
LG1	32326451	32326836	385
LG1	32328531	32329016	485
LG1	32329055	32330009	954
LG1	32331824	32333348	1524
LG1	32333791	32334090	299
LG1	32334105	32334155	50
LG1	32335203	32335664	461
LG1	32336140	32337161	1021
LG1	32337972	32338631	659
LG1	32340333	32340630	297
LG1	32340813	32341096	283
LG1	32342218	32342438	220
LG1	32343658	32344430	772
LG1	32346127	32346309	182
LG1	32349587	32350111	524
LG1	32351031	32351102	71
LG1	32351569	32351931	362
LG1	32352764	32352835	71
LG1	32352941	32353438	497
LG1	32354000	32354424	424
LG1	32354647	32355232	585
LG1	32366702	32366977	275
LG1	32369635	32369697	62
LG1	32369767	32369981	214
LG1	32374090	32374316	226
LG1	32375185	32375604	419
LG1	32376624	32376792	168
LG1	32378520	32378792	272
LG1	32380501	32381185	684
LG1	32382837	32383433	596
LG1	32383916	32384343	427
LG1	32384505	32384811	306
LG1	32385238	32385350	112
LG1	32385470	32385861	391
LG1	32385951	32386611	660
LG1	32387690	32388563	873
LG1	32388644	32388886	242
LG1	32388940	32389270	330
LG1	32389336	32389838	502
LG1	32390136	32390336	200
LG1	32390413	32390675	262
LG1	32391275	32391634	359
LG1	32391690	32392123	433
LG1	32392710	32393036	326
LG1	32393101	32393948	847
LG1	32394143	32396144	2001
LG1	32397047	32397423	376
LG1	32398301	32399174	873
LG1	32401127	32401449	322
LG1	32401478	32402321	843
LG1	32404319	32405184	865
LG1	32405226	32406142	916
LG1	32406688	32406851	163
LG1	32407301	32408028	727
LG1	32408618	32409360	742
LG1	32410877	32411510	633
LG1	32411537	32411715	178
LG1	32411775	32411953	178
LG1	32411983	32412423	440
LG1	32420662	32421024	362
LG1	32421988	32422553	565
LG1	32422556	32422759	203
LG1	32422787	32423512	725
LG1	32423949	32424370	421
LG1	32426519	32426901	382
LG1	32427001	32427449	448
LG1	32427594	32427773	179
LG1	32429634	32430978	1344
LG1	32434063	32434487	424
LG1	32434603	32435013	410
LG1	32435034	32435731	697
LG1	32436729	32436988	259
LG1	32437392	32437593	201
LG1	32439583	32440253	670
LG1	32441729	32442444	715
LG1	32442546	32443274	728
LG1	32443383	32443999	616
LG1	32444027	32444300	273
LG1	32448426	32448876	450
LG1	32450057	32450765	708
LG1	32450943	32451204	261
LG1	32452188	32452752	564
LG1	32453282	32454051	769
LG1	32454176	32455141	965
LG1	32455207	32455672	465
LG1	32455991	32456157	166
LG1	32456845	32457077	232
LG1	32458407	32458611	204
LG1	32458781	32459616	835
LG1	32460358	32460616	258
LG1	32461758	32461918	160
LG1	32462545	32462753	208
LG1	32465574	32465866	292
LG1	32466093	32466163	70
LG1	32466363	32466476	113
LG1	32467511	32468147	636
LG1	32469618	32469677	59
LG1	32469939	32470408	469
LG1	32470413	32470502	89
LG1	32470645	32470901	256
LG1	32471626	32471751	125
LG1	32471807	32472123	316
LG1	32473048	32473112	64
LG1	32473917	32474025	108
LG1	32474675	32474831	156
LG1	32475032	32475202	170
LG1	32475584	32475805	221
LG1	32475823	32475831	8
LG1	32475912	32476151	239
LG1	32476564	32476768	204
LG1	32477501	32478033	532
LG1	32478985	32479076	91
LG1	32479177	32479952	775
LG1	32486653	32486714	61
LG1	32486735	32486796	61
LG1	32487162	32487353	191
LG1	32487610	32487724	114
LG1	32489452	32489568	116
LG1	32492181	32492323	142
LG1	32493281	32493503	222
LG1	32494816	32494882	66
LG1	32496753	32496841	88
LG1	32496843	32496845	2
LG1	32497982	32498215	233
LG1	32498497	32498616	119
LG1	32498998	32499121	123
LG1	32499231	32499454	223
LG1	32500312	32500514	202
LG1	32500962	32501030	68
LG1	32509867	32510028	161
LG1	32510030	32510099	69
LG1	32510316	32510392	76
LG1	32512922	32513025	103
LG1	32517354	32517452	98
LG1	32517726	32517813	87
LG1	32521411	32521491	80
LG1	32523845	32523968	123
LG1	32524130	32524326	196
LG1	32525277	32525499	222
LG1	32525593	32525787	194
LG1	32526452	32526722	270
LG1	32526883	32527098	215
LG1	32527504	32527815	311
LG1	32527858	32528528	670
LG1	32528626	32528878	252
LG1	32528918	32529354	436
LG1	32529592	32530028	436
LG1	32531704	32532026	322
LG1	32532104	32532360	256
LG1	32532754	32533572	818
LG1	32533926	32534360	434
LG1	32536268	32536502	234
LG1	32536897	32536997	100
LG1	32537836	32538111	275
LG1	32538246	32538672	426
LG1	32538699	32538850	151
LG1	32540204	32540476	272
LG1	32540631	32540930	299
LG1	32541034	32541093	59
LG1	32541645	32542139	494
LG1	32542152	32542180	28
LG1	32542246	32542837	591
LG1	32543046	32543522	476
LG1	32544846	32545111	265
LG1	32545322	32546204	882
LG1	32547595	32547695	100
LG1	32547739	32547994	255
LG1	32548551	32548799	248
LG1	32549197	32549757	560
LG1	32551007	32551474	467
LG1	32551682	32551932	250
LG1	32553009	32553260	251
LG1	32556946	32557401	455
LG1	32557879	32558024	145
LG1	32559165	32559643	478
LG1	32561498	32562000	502
LG1	32562734	32563209	475
LG1	32563338	32563712	374
LG1	32564649	32565910	1261
LG1	32565927	32566274	347
LG1	32566455	32566560	105
LG1	32567241	32567819	578
LG1	32569318	32569410	92
LG1	32570266	32570681	415
LG1	32571012	32571116	104
LG1	32571247	32572126	879
LG1	32574502	32575233	731
LG1	32576971	32577232	261
LG1	32577765	32578227	462
LG1	32578715	32578931	216
LG1	32579405	32579686	281
LG1	32579830	32580219	389
LG1	32583546	32584043	497
LG1	32584331	32584403	72
LG1	32584460	32584634	174
LG1	32584754	32585450	696
LG1	32585715	32585894	179
LG1	32586304	32586439	135
LG1	32586810	32587899	1089
LG1	32588236	32588748	512
LG1	32589257	32589832	575
LG1	32590255	32590432	177
LG1	32591256	32591587	331
LG1	32592020	32593885	1865
LG1	32593940	32594274	334
LG1	32595156	32595786	630
LG1	32596395	32596471	76
LG1	32596590	32597253	663
LG1	32597702	32597917	215
LG1	32598059	32598460	401
LG1	32599197	32599916	719
LG1	32600085	32600271	186
LG1	32600377	32600553	176
LG1	32600626	32600708	82
LG1	32600716	32600875	159
LG1	32601152	32601277	125
LG1	32601612	32601902	290
LG1	32601968	32602823	855
LG1	32603250	32603481	231
LG1	32603579	32603953	374
LG1	32605096	32605141	45
LG1	32605564	32605665	101
LG1	32608089	32608380	291
LG1	32608560	32608748	188
LG1	32609331	32609538	207
LG1	32610292	32610610	318
LG1	32611313	32611805	492
LG1	32611830	32611917	87
LG1	32612193	32613213	1020
LG1	32613429	32613876	447
LG1	32614014	32614206	192
LG1	32614232	32614571	339
LG1	32614847	32615079	232
LG1	32615259	32615541	282
LG1	32616441	32618796	2355
LG1	32619686	32620308	622
LG1	32620524	32620908	384
LG1	32621501	32621751	250
LG1	32621955	32622804	849
LG1	32622872	32622980	108
LG1	32623568	32623771	203
LG1	32623875	32624040	165
LG1	32626653	32627122	469
LG1	32627142	32627403	261
LG1	32628734	32629191	457
LG1	32629229	32629444	215
LG1	32630636	32630985	349
LG1	32631685	32631800	115
LG1	32632174	32632646	472
LG1	32632965	32633438	473
LG1	32633534	32634345	811
LG1	32635094	32635351	257
LG1	32635778	32636053	275
LG1	32636461	32636617	156
LG1	32637354	32637956	602
LG1	32639322	32639483	161
LG1	32639701	32639845	144
LG1	32640016	32640275	259
LG1	32640306	32640433	127
LG1	32640659	32641031	372
LG1	32642349	32642547	198
LG1	32643458	32643635	177
LG1	32644209	32644379	170
LG1	32644588	32644701	113
LG1	32644799	32644973	174
LG1	32645191	32645263	72
LG1	32645672	32645797	125
LG1	32646870	32647270	400
LG1	32647393	32647572	179
LG1	32647653	32647731	78
LG1	32647904	32648078	174
LG1	32648742	32648907	165
LG1	32649137	32649238	101
LG1	32650285	32650431	146
LG1	32650605	32650732	127
LG1	32651956	32652625	669
LG1	32653212	32653426	214
LG1	32653470	32653867	397
LG1	32654130	32654316	186
LG1	32655683	32655954	271
LG1	32656112	32656186	74
LG1	32656505	32656579	74
LG1	32657747	32658257	510
LG1	32658437	32658894	457
LG1	32660211	32660506	295
LG1	32661170	32661729	559
LG1	32662064	32662906	842
LG1	32663080	32663716	636
LG1	32663717	32664187	470
LG1	32670233	32670889	656
LG1	32671169	32672205	1036
LG1	32672235	32672351	116
LG1	32672354	32672436	82
LG1	32672594	32672632	38
LG1	32672676	32673009	333
LG1	32673327	32673459	132
LG1	32674212	32674411	199
LG1	32674478	32675134	656
LG1	32675201	32676344	1143
LG1	32676474	32676940	466
LG1	32677318	32677624	306
LG1	32677740	32677828	88
LG1	32678196	32678248	52
LG1	32680987	32681026	39
LG1	32681078	32681498	420
LG1	32681525	32681627	102
LG1	32681792	32681911	119
LG1	32681967	32682306	339
LG1	32682800	32683093	293
LG1	32684321	32684673	352
LG1	32684726	32684855	129
LG1	32684995	32685541	546
LG1	32687363	32687769	406
LG1	32687776	32688337	561
LG1	32688584	32688927	343
LG1	32690580	32691155	575
LG1	32691654	32691873	219
LG1	32692416	32692646	230
LG1	32693838	32693981	143
LG1	32694222	32694356	134
LG1	32694606	32694931	325
LG1	32697326	32697485	159
LG1	32698041	32698159	118
LG1	32700562	32700666	104
LG1	32700831	32701051	220
LG1	32701208	32701591	383
LG1	32702593	32704185	1592
LG1	32704407	32704563	156
LG1	32705435	32705682	247
LG1	32706164	32706257	93
LG1	32706780	32706905	125
LG1	32706987	32707423	436
LG1	32707739	32708021	282
LG1	32712687	32712946	259
LG1	32713292	32713382	90
LG1	32713407	32713456	49
LG1	32713706	32713748	42
LG1	32714085	32714207	122
LG1	32716275	32716431	156
LG1	32716894	32716966	72
LG1	32717161	32717282	121
LG1	32726387	32726529	142
LG1	32733790	32733839	49
LG1	32739591	32739830	239
LG1	32739931	32740116	185
LG1	32740627	32740784	157
LG1	32741041	32741241	200
LG1	32747898	32748023	125
LG1	32749874	32749986	112
LG1	32751148	32751347	199
LG1	32751854	32751971	117
LG1	32752972	32753728	756
LG1	32753759	32754340	581
LG1	32757446	32757924	478
LG1	32758090	32758470	380
LG1	32759940	32760183	243
LG1	32760921	32761098	177
LG1	32762638	32762934	296
LG1	32763493	32763554	61
LG1	32763725	32764144	419
LG1	32764211	32764407	196
LG1	32764741	32765023	282
LG1	32766632	32766995	363
LG1	32768560	32768792	232
LG1	32769103	32769267	164
LG1	32770439	32770926	487
LG1	32776838	32777067	229
LG1	32778075	32778244	169
LG1	32778712	32779071	359
LG1	32779203	32779718	515
LG1	32779815	32780386	571
LG1	32780582	32780693	111
LG1	32780800	32781019	219
LG1	32781172	32781306	134
LG1	32781340	32781531	191
LG1	32781585	32782449	864
LG1	32782818	32783083	265
LG1	32783725	32783885	160
LG1	32785535	32785845	310
LG1	32787107	32787317	210
LG1	32790508	32790775	267
LG1	32791935	32792177	242
LG1	32792537	32792782	245
LG1	32794336	32794528	192
LG1	32794819	32795311	492
LG1	32795371	32795599	228
LG1	32802836	32803118	282
LG1	32804741	32804987	246
LG1	32805444	32805570	126
LG1	32809121	32809173	52
LG1	32809208	32809589	381
LG1	32811309	32811460	151
LG1	32811517	32811860	343
LG1	32812375	32812808	433
LG1	32813305	32813554	249
LG1	32816387	32816531	144
LG1	32817443	32817580	137
LG1	32819608	32819754	146
LG1	32820005	32820213	208
LG1	32820853	32820912	59
LG1	32821228	32821298	70
LG1	32821745	32821973	228
LG1	32822191	32822357	166
LG1	32822568	32822720	152
LG1	32823642	32823959	317
LG1	32824050	32824367	317
LG1	32825504	32825766	262
LG1	32825871	32826064	193
LG1	32827330	32827860	530
LG1	32832124	32832624	500
LG1	32833784	32833936	152
LG1	32834242	32834646	404
LG1	32834835	32835225	390
LG1	32835651	32835931	280
LG1	32838288	32838981	693
LG1	32839063	32839430	367
LG1	32839490	32839783	293
LG1	32839874	32839984	110
LG1	32840033	32840330	297
LG1	32840643	32840718	75
LG1	32844488	32845040	552
LG1	32845153	32845287	134
LG1	32846019	32846169	150
LG1	32847363	32847687	324
LG1	32847871	32848318	447
LG1	32851146	32851611	465
LG1	32852241	32852673	432
LG1	32853779	32854284	505
LG1	32854437	32854792	355
LG1	32856321	32856757	436
LG1	32857032	32857668	636
LG1	32858441	32858493	52
LG1	32859962	32860236	274
LG1	32861496	32862311	815
LG1	32862573	32862902	329
LG1	32867396	32868088	692
LG1	32870191	32870324	133
LG1	32875739	32875981	242
LG1	32879340	32879507	167
LG1	32879571	32879761	190
LG1	32880220	32880454	234
LG1	32882300	32882805	505
LG1	32882816	32882929	113
LG1	32882952	32883253	301
LG1	32883688	32884114	426
LG1	32886162	32886491	329
LG1	32887892	32888347	455
LG1	32888403	32888917	514
LG1	32890324	32890521	197
LG1	32893923	32894274	351
LG1	32894395	32894402	7
LG1	32894578	32894948	370
LG1	32898919	32899005	86
LG1	32900759	32900911	152
LG1	32901043	32901256	213
LG1	32901828	32901951	123
LG1	32902032	32902204	172
LG1	32902306	32902581	275
LG1	32902695	32902945	250
LG1	32903387	32903625	238
LG1	32903756	32903923	167
LG1	32904137	32904318	181
LG1	32905795	32906105	310
LG1	32906786	32906980	194
LG1	32913414	32913544	130
LG1	32913547	32913625	78
LG1	32913873	32914011	138
LG1	32914232	32914597	365
LG1	32914682	32914926	244
LG1	32915025	32915315	290
LG1	32915615	32915824	209
LG1	32916036	32916238	202
LG1	32916449	32916610	161
LG1	32919988	32920290	302
LG1	32927211	32927580	369
LG1	32927665	32927875	210
LG1	32928356	32928445	89
LG1	32928448	32928552	104
LG1	32928814	32929030	216
LG1	32929775	32929933	158
LG1	32930116	32930277	161
LG1	32936105	32936360	255
LG1	32941441	32942215	774
LG1	32942397	32944288	1891
LG1	32944455	32945459	1004
LG1	32945476	32945649	173
LG1	32946391	32946689	298
LG1	32949934	32950252	318
LG1	32951179	32951875	696
LG1	32952150	32952493	343
LG1	32953727	32954046	319
LG1	32954190	32954398	208
LG1	32956328	32956608	280
LG1	32956792	32957082	290
LG1	32957153	32957453	300
LG1	32957823	32958106	283
LG1	32958910	32959305	395
LG1	32959925	32960173	248
LG1	32960350	32960579	229
LG1	32961446	32961982	536
LG1	32962722	32963126	404
LG1	32963466	32963721	255
LG1	32964251	32964496	245
LG1	32964853	32965583	730
LG1	32965805	32966115	310
LG1	32966279	32967057	778
LG1	32967328	32967709	381
LG1	32967812	32968474	662
LG1	32968563	32968819	256
LG1	32968888	32969127	239
LG1	32969215	32969446	231
LG1	32969917	32970023	106
LG1	32970617	32970743	126
LG1	32971394	32971663	269
LG1	32971802	32972169	367
LG1	32972453	32972824	371
LG1	32972870	32973130	260
LG1	32976965	32977336	371
LG1	32978161	32978522	361
LG1	32978807	32979143	336
LG1	32980186	32980300	114
LG1	32980546	32980965	419
LG1	32981030	32981310	280
LG1	32981546	32981734	188
LG1	32981821	32982221	400
LG1	32984077	32984372	295
LG1	32985656	32985845	189
LG1	32985996	32986218	222
LG1	32986546	32987120	574
LG1	32988098	32988386	288
LG1	32988423	32988485	62
LG1	32990096	32990396	300
LG1	32992064	32992211	147
LG1	32992439	32992549	110
LG1	32993897	32994192	295
LG1	32994597	32995002	405
LG1	32996120	32996307	187
LG1	32996906	32998377	1471
LG1	32999350	32999786	436
LG1	33003714	33004056	342
LG1	33005687	33005958	271
LG1	33006027	33006207	180
LG1	33007453	33007693	240
LG1	33008788	33008893	105
LG1	33008982	33009109	127
LG1	33009867	33010038	171
LG1	33011885	33012154	269
LG1	33013320	33013536	216
LG1	33013672	33013822	150
LG1	33013947	33014076	129
LG1	33014163	33014343	180
LG1	33015493	33016017	524
LG1	33016706	33016747	41
LG1	33017003	33017115	112
LG1	33017822	33019246	1424
LG1	33019817	33019994	177
LG1	33020991	33021265	274
LG1	33021285	33021382	97
LG1	33021402	33022090	688
LG1	33022176	33022352	176
LG1	33022663	33023001	338
LG1	33023715	33024891	1176
LG1	33026510	33026820	310
LG1	33026879	33026935	56
LG1	33030423	33030497	74
LG1	33030676	33030906	230
LG1	33035361	33035498	137
LG1	33037098	33037214	116
LG1	33037367	33037747	380
LG1	33039234	33039403	169
LG1	33041286	33041505	219
LG1	33041839	33042128	289
LG1	33044646	33044723	77
LG1	33047286	33047587	301
LG1	33047632	33048066	434
LG1	33050064	33050228	164
LG1	33051206	33051328	122
LG1	33051609	33052322	713
LG1	33053670	33053985	315
LG1	33054010	33054229	219
LG1	33054770	33055056	286
LG1	33055745	33055839	94
LG1	33056305	33056340	35
LG1	33056725	33056816	91
LG1	33062589	33062680	91
LG1	33062728	33062902	174
LG1	33062978	33063211	233
LG1	33063544	33063702	158
LG1	33063777	33063996	219
LG1	33065690	33065843	153
LG1	33065905	33065985	80
LG1	33066171	33066550	379
LG1	33067371	33067799	428
LG1	33069193	33069389	196
LG1	33071172	33071440	268
LG1	33071856	33073151	1295
LG1	33074331	33074539	208
LG1	33074612	33074801	189
LG1	33075029	33075562	533
LG1	33075661	33075936	275
LG1	33076500	33076635	135
LG1	33077492	33077670	178
LG1	33077723	33077971	248
LG1	33078758	33078915	157
LG1	33079004	33079323	319
LG1	33080571	33080797	226
LG1	33080879	33081057	178
LG1	33082501	33082964	463
LG1	33083275	33083915	640
LG1	33083919	33083968	49
LG1	33084874	33085051	177
LG1	33086049	33086233	184
LG1	33086547	33086882	335
LG1	33109106	33109204	98
LG1	33119779	33120379	600
LG1	33141724	33141800	76
LG1	33143776	33143881	105
LG1	33144362	33144482	120
LG1	33146872	33147011	139
LG1	33148053	33148197	144
LG1	33149693	33149829	136
LG1	33158796	33159103	307
LG1	33159110	33159411	301
LG1	33160094	33160249	155
LG1	33160487	33160664	177
LG1	33160818	33160957	139
LG1	33161052	33161227	175
LG1	33161914	33162064	150
LG1	33162153	33162327	174
LG1	33162638	33162740	102
LG1	33162894	33163265	371
LG1	33163585	33163643	58
LG1	33163810	33163938	128
LG1	33166505	33166579	74
LG1	33166620	33166803	183
LG1	33166896	33167025	129
LG1	33167055	33167234	179
LG1	33167774	33167968	194
LG1	33168786	33168948	162
LG1	33169165	33169270	105
LG1	33176005	33176306	301
LG1	33176311	33176611	300
LG1	33177403	33177594	191
LG1	33178548	33178702	154
LG1	33178725	33178937	212
LG1	33179012	33179153	141
LG1	33179170	33179389	219
LG1	33180811	33180916	105
LG1	33180997	33181075	78
LG1	33182479	33182680	201
LG1	33182810	33182899	89
LG1	33182945	33183256	311
LG1	33183333	33183485	152
LG1	33183670	33183784	114
LG1	33185083	33185595	512
LG1	33185790	33185940	150
LG1	33188250	33188608	358
LG1	33200542	33200638	96
LG1	33201816	33201880	64
LG1	33204367	33204572	205
LG1	33205803	33205965	162
LG1	33206046	33206213	167
LG1	33206290	33206495	205
LG1	33206572	33206766	194
LG1	33206862	33206970	108
LG1	33207119	33207210	91
LG1	33208432	33208566	134
LG1	33209021	33209166	145
LG1	33210488	33210670	182
LG1	33212308	33212528	220
LG1	33215725	33215852	127
LG1	33216751	33217192	441
LG1	33222069	33222111	42
LG1	33252721	33252851	130
LG1	33253531	33253616	85
LG1	33253678	33253799	121
LG1	33261307	33261432	125
LG1	33262078	33262250	172
LG1	33267622	33267671	49
LG1	33268293	33268345	52
LG1	33268752	33269184	432
LG1	33286567	33286647	80
LG1	33313315	33313398	83
LG1	33315953	33316098	145
LG1	33320548	33320716	168
LG1	33323671	33323754	83
LG1	33324606	33324750	144
LG1	33324920	33325153	233
LG1	33325272	33325424	152
LG1	33326453	33326550	97
LG1	33326567	33326732	165
LG1	33327152	33327302	150
LG1	33327781	33327916	135
LG1	33330784	33331210	426
LG1	33334786	33334993	207
LG1	33335829	33335963	134
LG1	33336030	33336312	282
LG1	33339937	33340097	160
LG1	33343529	33343654	125
LG1	33344468	33344624	156
LG1	33346766	33347067	301
LG1	33348656	33348843	187
LG1	33359208	33359270	62
LG1	33368689	33368902	213
LG1	33368938	33369053	115
LG1	33371771	33372437	666
LG1	33372496	33372789	293
LG1	33373683	33374590	907
LG1	33375164	33375229	65
LG1	33378242	33378574	332
LG1	33379154	33380990	1836
LG1	33385998	33386211	213
LG1	33391358	33392086	728
LG1	33395412	33396211	799
LG1	33396341	33396605	264
LG1	33402260	33402717	457
LG1	33405952	33406205	253
LG1	33406421	33407095	674
LG1	33409801	33410267	466
LG1	33410346	33411050	704
LG1	33411109	33411888	779
LG1	33413815	33414324	509
LG1	33414397	33414801	404
LG1	33415491	33415936	445
LG1	33415945	33416086	141
LG1	33416119	33416216	97
LG1	33416645	33417781	1136
LG1	33418096	33418600	504
LG1	33418726	33418874	148
LG1	33419010	33419450	440
LG1	33422223	33422942	719
LG1	33426022	33426367	345
LG1	33426473	33426718	245
LG1	33428980	33429183	203
LG1	33430079	33430455	376
LG1	33432864	33433500	636
LG1	33434966	33435382	416
LG1	33435435	33435821	386
LG1	33435852	33436152	300
LG1	33436746	33439485	2739
LG1	33439579	33440766	1187
LG1	33442349	33442735	386
LG1	33443406	33443592	186
LG1	33444154	33444268	114
LG1	33446808	33446915	107
LG1	33447191	33447232	41
LG1	33447809	33448192	383
LG1	33452718	33453537	819
LG1	33453719	33454279	560
LG1	33454310	33454636	326
LG1	33455689	33456570	881
LG1	33458443	33458539	96
LG1	33458542	33458993	451
LG1	33463449	33463780	331
LG1	33467359	33467422	63
LG1	33474871	33475278	407
LG1	33476399	33477264	865
LG1	33480522	33480961	439
LG1	33481097	33482477	1380
LG1	33483374	33484105	731
LG1	33484224	33484564	340
LG1	33490333	33490571	238
LG1	33490664	33491139	475
LG1	33496850	33497523	673
LG1	33500264	33502407	2143
LG1	33502469	33502782	313
LG1	33508182	33508483	301
LG1	33512036	33512194	158
LG1	33515295	33516092	797
LG1	33516103	33516671	568
LG1	33519051	33519271	220
LG1	33522565	33523520	955
LG1	33523596	33523814	218
LG1	33525441	33527702	2261
LG1	33530820	33531443	623
LG1	33531569	33532627	1058
LG1	33533240	33534065	825
LG1	33536871	33537224	353
LG1	33537328	33538351	1023
LG1	33539053	33539477	424
LG1	33540472	33541008	536
LG1	33541774	33541918	144
LG1	33542885	33543286	401
LG1	33543800	33544095	295
LG1	33544617	33544892	275
LG1	33545282	33545530	248
LG1	33545996	33546589	593
LG1	33546778	33546985	207
LG1	33548357	33548743	386
LG1	33548789	33548824	35
LG1	33551245	33551450	205
LG1	33551652	33552207	555
LG1	33555808	33556305	497
LG1	33556493	33557058	565
LG1	33560597	33561358	761
LG1	33563821	33564223	402
LG1	33564635	33565281	646
LG1	33565322	33565860	538
LG1	33565884	33566050	166
LG1	33566233	33567159	926
LG1	33567176	33567437	261
LG1	33568475	33568688	213
LG1	33571616	33572132	516
LG1	33572303	33572797	494
LG1	33575798	33576278	480
LG1	33578508	33579311	803
LG1	33579754	33581004	1250
LG1	33581814	33581966	152
LG1	33583061	33583758	697
LG1	33583793	33583885	92
LG1	33584561	33584630	69
LG1	33584666	33585227	561
LG1	33585350	33585410	60
LG1	33586049	33586282	233
LG1	33586401	33586548	147
LG1	33586549	33587552	1003
LG1	33587764	33588563	799
LG1	33589050	33589785	735
LG1	33592318	33593214	896
LG1	33593348	33593417	69
LG1	33593516	33593714	198
LG1	33593724	33594088	364
LG1	33595094	33595577	483
LG1	33595657	33596358	701
LG1	33598545	33599037	492
LG1	33599170	33599533	363
LG1	33600849	33601781	932
LG1	33603586	33603846	260
LG1	33603902	33603931	29
LG1	33608012	33608755	743
LG1	33608783	33608845	62
LG1	33609866	33610235	369
LG1	33610402	33610448	46
LG1	33610495	33610905	410
LG1	33610968	33611422	454
LG1	33612046	33612681	635
LG1	33614308	33614816	508
LG1	33615167	33616633	1466
LG1	33617306	33618411	1105
LG1	33618635	33619145	510
LG1	33619237	33619566	329
LG1	33619700	33620429	729
LG1	33620605	33621624	1019
LG1	33624357	33624566	209
LG1	33624848	33625164	316
LG1	33625920	33626235	315
LG1	33626254	33626762	508
LG1	33627704	33628133	429
LG1	33629201	33629464	263
LG1	33629572	33630042	470
LG1	33631313	33632203	890
LG1	33635492	33637597	2105
LG1	33638540	33638758	218
LG1	33639068	33639801	733
LG1	33640641	33641096	455
LG1	33641597	33642149	552
LG1	33643637	33643925	288
LG1	33644090	33644641	551
LG1	33644881	33645376	495
LG1	33649233	33649358	125
LG1	33650009	33650596	587
LG1	33651336	33652209	873
LG1	33652282	33652609	327
LG1	33652829	33653223	394
LG1	33655261	33655666	405
LG1	33655888	33656319	431
LG1	33658210	33658454	244
LG1	33658555	33658993	438
LG1	33659095	33659314	219
LG1	33661814	33662062	248
LG1	33664329	33664840	511
LG1	33665194	33665939	745
LG1	33667492	33668073	581
LG1	33668149	33668677	528
LG1	33668688	33668874	186
LG1	33668900	33669408	508
LG1	33669420	33669632	212
LG1	33669660	33669706	46
LG1	33670711	33670816	105
LG1	33670937	33671446	509
LG1	33671594	33671872	278
LG1	33672243	33672510	267
LG1	33672527	33672531	4
LG1	33672534	33672663	129
LG1	33672701	33673820	1119
LG1	33675449	33675737	288
LG1	33677663	33677665	2
LG1	33677911	33677990	79
LG1	33679568	33680205	637
LG1	33683340	33683894	554
LG1	33686054	33686277	223
LG1	33686582	33686930	348
LG1	33687129	33688261	1132
LG1	33688412	33688637	225
LG1	33688639	33688872	233
LG1	33692196	33692707	511
LG1	33692822	33693068	246
LG1	33693200	33693581	381
LG1	33693771	33694171	400
LG1	33696677	33697219	542
LG1	33697242	33697671	429
LG1	33699816	33700771	955
LG1	33702439	33703069	630
LG1	33703583	33704405	822
LG1	33705711	33706423	712
LG1	33707841	33708257	416
LG1	33708402	33708891	489
LG1	33710021	33710208	187
LG1	33711999	33712582	583
LG1	33713613	33714329	716
LG1	33714774	33714892	118
LG1	33715071	33715274	203
LG1	33716774	33717055	281
LG1	33717920	33718459	539
LG1	33718496	33718659	163
LG1	33718976	33719250	274
LG1	33719281	33719808	527
LG1	33719839	33720633	794
LG1	33721840	33722414	574
LG1	33723921	33724257	336
LG1	33724303	33724729	426
LG1	33727471	33729625	2154
LG1	33729637	33730642	1005
LG1	33736327	33736833	506
LG1	33736873	33737156	283
LG1	33748810	33749077	267
LG1	33750359	33750466	107
LG1	33752365	33752760	395
LG1	33752765	33753192	427
LG1	33753643	33753931	288
LG1	33756220	33756546	326
LG1	33756846	33757130	284
LG1	33758392	33759442	1050
LG1	33761961	33762081	120
LG1	33762583	33763330	747
LG1	33766918	33767473	555
LG1	33767556	33767597	41
LG1	33767776	33768461	685
LG1	33770464	33771058	594
LG1	33774198	33774477	279
LG1	33775740	33776070	330
LG1	33778245	33778375	130
LG1	33778377	33779116	739
LG1	33779805	33779979	174
LG1	33779980	33780117	137
LG1	33782950	33783298	348
LG1	33787433	33787491	58
LG1	33788425	33788614	189
LG1	33792392	33793285	893
LG1	33796913	33797833	920
LG1	33797860	33798438	578
LG1	33808940	33809926	986
LG1	33811638	33812075	437
LG1	33812542	33812675	133
LG1	33812806	33813672	866
LG1	33813843	33814188	345
LG1	33814641	33816252	1611
LG1	33818506	33818712	206
LG1	33818813	33818964	151
LG1	33819292	33819636	344
LG1	33819709	33819765	56
LG1	33819775	33819813	38
LG1	33822380	33822671	291
LG1	33822794	33823228	434
LG1	33828623	33829582	959
LG1	33830869	33831078	209
LG1	33832947	33833078	131
LG1	33835596	33835941	345
LG1	33839087	33839340	253
LG1	33839551	33839557	6
LG1	33845978	33846310	332
LG1	33846440	33846463	23
LG1	33846470	33846866	396
LG1	33846974	33847332	358
LG1	33847615	33847849	234
LG1	33853568	33854243	675
LG1	33854319	33854769	450
LG1	33866288	33866722	434
LG1	33867749	33868378	629
LG1	33869555	33870052	497
LG1	33870117	33870558	441
LG1	33870592	33870712	120
LG1	33870734	33871080	346
LG1	33876952	33877401	449
LG1	33877798	33878188	390
LG1	33879343	33879533	190
LG1	33879655	33879681	26
LG1	33883905	33884089	184
LG1	33884741	33884850	109
LG1	33885622	33886056	434
LG1	33888484	33888683	199
LG1	33889047	33889263	216
LG1	33892134	33893138	1004
LG1	33893254	33893372	118
LG1	33897101	33897224	123
LG1	33897605	33897765	160
LG1	33898599	33898674	75
LG1	33899709	33899940	231
LG1	33904394	33904488	94
LG1	33904564	33905022	458
LG1	33905657	33905866	209
LG1	33906769	33906909	140
LG1	33906989	33907128	139
LG1	33907442	33907581	139
LG1	33907649	33907825	176
LG1	33908073	33908286	213
LG1	33908387	33908678	291
LG1	33908751	33908910	159
LG1	33909041	33909285	244
LG1	33910338	33910507	169
LG1	33910826	33910959	133
LG1	33911303	33911516	213
LG1	33911553	33911738	185
LG1	33911901	33912023	122
LG1	33912370	33912550	180
LG1	33912754	33913054	300
LG1	33913581	33914137	556
LG1	33917002	33917454	452
LG1	33918042	33918698	656
LG1	33920134	33920310	176
LG1	33920687	33920897	210
LG1	33923090	33923302	212
LG1	33923421	33924011	590
LG1	33924774	33924913	139
LG1	33924992	33925618	626
LG1	33925716	33925931	215
LG1	33927522	33927900	378
LG1	33928198	33928557	359
LG1	33933085	33933529	444
LG1	33936599	33936816	217
LG1	33939266	33939423	157
LG1	33940237	33940457	220
LG1	33940793	33941421	628
LG1	33942583	33942865	282
LG1	33943258	33943553	295
LG1	33944337	33944685	348
LG1	33946300	33946842	542
LG1	33948907	33949078	171
LG1	33950296	33950826	530
LG1	33951126	33951689	563
LG1	33952492	33952745	253
LG1	33952999	33953162	163
LG1	33953481	33953696	215
LG1	33957924	33958247	323
LG1	33963190	33963551	361
LG1	33963581	33963675	94
LG1	33963777	33964010	233
LG1	33965305	33965501	196
LG1	33965834	33966156	322
LG1	33966225	33967048	823
LG1	33967303	33968186	883
LG1	33969081	33969997	916
LG1	33970113	33970281	168
LG1	33971158	33971427	269
LG1	33971490	33972134	644
LG1	33972774	33972958	184
LG1	33974168	33975543	1375
LG1	33975680	33975866	186
LG1	33977183	33977799	616
LG1	33981117	33981684	567
LG1	33981906	33982503	597
LG1	33983467	33984541	1074
LG1	33984614	33985056	442
LG1	33985545	33985761	216
LG1	33986350	33986925	575
LG1	33986986	33987123	137
LG1	33987822	33988015	193
LG1	33988359	33988841	482
LG1	33988925	33988936	11
LG1	33989159	33989651	492
LG1	33989885	33990052	167
LG1	33992600	33992886	286
LG1	33993142	33993630	488
LG1	33993655	33994798	1143
LG1	33994964	33995012	48
LG1	33995982	33996835	853
LG1	33996878	33998258	1380
LG1	33998336	33999572	1236
LG1	33999574	33999595	21
LG1	33999680	33999855	175
LG1	34000197	34001132	935
LG1	34001233	34001528	295
LG1	34002384	34002719	335
LG1	34002798	34003542	744
LG1	34004681	34004830	149
LG1	34005498	34006953	1455
LG1	34007184	34007711	527
LG1	34007867	34008229	362
LG1	34009470	34010488	1018
LG1	34010838	34011232	394
LG1	34011315	34012353	1038
LG1	34014068	34014465	397
LG1	34015234	34016204	970
LG1	34017152	34017746	594
LG1	34019587	34020585	998
LG1	34020638	34020754	116
LG1	34021679	34021845	166
LG1	34022155	34022305	150
LG1	34022322	34022406	84
LG1	34022742	34022841	99
LG1	34022892	34023086	194
LG1	34024760	34025352	592
LG1	34025367	34025440	73
LG1	34026766	34027271	505
LG1	34028343	34028980	637
LG1	34032048	34033105	1057
LG1	34035377	34035645	268
LG1	34035717	34035871	154
LG1	34035916	34036044	128
LG1	34036340	34036513	173
LG1	34037710	34037828	118
LG1	34037955	34038136	181
LG1	34038377	34038646	269
LG1	34038782	34038891	109
LG1	34039160	34039556	396
LG1	34039785	34040003	218
LG1	34040624	34041198	574
LG1	34041415	34041754	339
LG1	34042489	34042632	143
LG1	34043446	34044051	605
LG1	34052559	34052619	60
LG1	34063506	34063565	59
LG1	34070604	34070788	184
LG1	34098437	34099085	648
LG1	34099089	34099380	291
LG1	34100089	34100197	108
LG1	34100860	34101136	276
LG1	34102032	34102385	353
LG1	34115593	34116229	636
LG1	34116753	34116859	106
LG1	34120883	34122099	1216
LG1	34124120	34124683	563
LG1	34126253	34126512	259
LG1	34129211	34130028	817
LG1	34130884	34131163	279
LG1	34131900	34132467	567
LG1	34133954	34134101	147
LG1	34136313	34136839	526
LG1	34136954	34137029	75
LG1	34137075	34137243	168
LG1	34137338	34137687	349
LG1	34137781	34137975	194
LG1	34138753	34138986	233
LG1	34139131	34139685	554
LG1	34139984	34140066	82
LG1	34140170	34141076	906
LG1	34141199	34141344	145
LG1	34141460	34142966	1506
LG1	34143000	34145393	2393
LG1	34145555	34145776	221
LG1	34145919	34146005	86
LG1	34146305	34149051	2746
LG1	34150593	34150996	403
LG1	34152150	34152395	245
LG1	34152587	34153295	708
LG1	34153958	34156348	2390
LG1	34156428	34156553	125
LG1	34156659	34157678	1019
LG1	34157832	34165117	7285
LG1	34165205	34166564	1359
LG1	34167802	34168060	258
LG1	34168615	34169144	529
LG1	34170043	34170793	750
LG1	34171136	34171360	224
LG1	34173109	34173475	366
LG1	34173599	34174510	911
LG1	34175537	34177733	2196
LG1	34177766	34178441	675
LG1	34182435	34182776	341
LG1	34183001	34183082	81
LG1	34186055	34187481	1426
LG1	34187704	34188153	449
LG1	34188467	34188703	236
LG1	34188918	34190219	1301
LG1	34191071	34191337	266
LG1	34191412	34192187	775
LG1	34192309	34192370	61
LG1	34193235	34194119	884
LG1	34194676	34195818	1142
LG1	34196478	34198079	1601
LG1	34198230	34198742	512
LG1	34199049	34200016	967
LG1	34200018	34200126	108
LG1	34200381	34201008	627
LG1	34202277	34202486	209
LG1	34202598	34202908	310
LG1	34203059	34203259	200
LG1	34205543	34205756	213
LG1	34206994	34207024	30
LG1	34207263	34207678	415
LG1	34209655	34209759	104
LG1	34210044	34210243	199
LG1	34210902	34211316	414
LG1	34211480	34211895	415
LG1	34212034	34212123	89
LG1	34212598	34212758	160
LG1	34213172	34213956	784
LG1	34218408	34218540	132
LG1	34218785	34219353	568
LG1	34230185	34231029	844
LG1	34231955	34232498	543
LG1	34232550	34233133	583
LG1	34233742	34233898	156
LG1	34235576	34235858	282
LG1	34235996	34236067	71
LG1	34237404	34237540	136
LG1	34239036	34239637	601
LG1	34240685	34240991	306
LG1	34241143	34241316	173
LG1	34242051	34242219	168
LG1	34242338	34242735	397
LG1	34243580	34244171	591
LG1	34244427	34245004	577
LG1	34245071	34245884	813
LG1	34247067	34247495	428
LG1	34248124	34248339	215
LG1	34249362	34249580	218
LG1	34249833	34250078	245
LG1	34250705	34250866	161
LG1	34251119	34251366	247
LG1	34253802	34254762	960
LG1	34254874	34256120	1246
LG1	34256149	34256498	349
LG1	34257626	34257708	82
LG1	34259422	34259791	369
LG1	34261341	34261519	178
LG1	34263053	34263491	438
LG1	34263498	34264660	1162
LG1	34264739	34265409	670
LG1	34266289	34266754	465
LG1	34268186	34268927	741
LG1	34271132	34271772	640
LG1	34273998	34274390	392
LG1	34276793	34277485	692
LG1	34278323	34278605	282
LG1	34280896	34281232	336
LG1	34281374	34281614	240
LG1	34281705	34282046	341
LG1	34282180	34282405	225
LG1	34282494	34283230	736
LG1	34283363	34283968	605
LG1	34284314	34284442	128
LG1	34284602	34284713	111
LG1	34285173	34285326	153
LG1	34286301	34286531	230
LG1	34286812	34287010	198
LG1	34287191	34287354	163
LG1	34287491	34288038	547
LG1	34289187	34289318	131
LG1	34289383	34289549	166
LG1	34290076	34290497	421
LG1	34290814	34291057	243
LG1	34291115	34291372	257
LG1	34292123	34292659	536
LG1	34292684	34292921	237
LG1	34305627	34305938	311
LG1	34308100	34308564	464
LG1	34308992	34309150	158
LG1	34309314	34309540	226
LG1	34311047	34311328	281
LG1	34311838	34312095	257
LG1	34312961	34313178	217
LG1	34314718	34314900	182
LG1	34315029	34316003	974
LG1	34317120	34317634	514
LG1	34317801	34317953	152
LG1	34318255	34318704	449
LG1	34318922	34319305	383
LG1	34319501	34319734	233
LG1	34320398	34320491	93
LG1	34320639	34320984	345
LG1	34321626	34322193	567
LG1	34322232	34323323	1091
LG1	34325009	34325382	373
LG1	34326997	34327190	193
LG1	34327192	34327445	253
LG1	34327448	34328026	578
LG1	34329321	34329519	198
LG1	34330466	34330479	13
LG1	34330484	34330591	107
LG1	34330629	34330632	3
LG1	34330660	34331107	447
LG1	34331937	34333052	1115
LG1	34333086	34333693	607
LG1	34334389	34334586	197
LG1	34334984	34335303	319
LG1	34335374	34335582	208
LG1	34336057	34336318	261
LG1	34336525	34336743	218
LG1	34336944	34337193	249
LG1	34337306	34337478	172
LG1	34339799	34340056	257
LG1	34342132	34342194	62
LG1	34343216	34343978	762
LG1	34345568	34346922	1354
LG1	34347309	34347558	249
LG1	34347675	34347712	37
LG1	34347732	34347996	264
LG1	34349884	34351250	1366
LG1	34351343	34351600	257
LG1	34354332	34354681	349
LG1	34354856	34355472	616
LG1	34355735	34355998	263
LG1	34356221	34356629	408
LG1	34360413	34360562	149
LG1	34361000	34361202	202
LG1	34361667	34361889	222
LG1	34362131	34362195	64
LG1	34365947	34366127	180
LG1	34367567	34369195	1628
LG1	34369430	34369494	64
LG1	34369560	34371135	1575
LG1	34376195	34376468	273
LG1	34376729	34377027	298
LG1	34378873	34379441	568
LG1	34380496	34380704	208
LG1	34381036	34381432	396
LG1	34382596	34382860	264
LG1	34383459	34383661	202
LG1	34384425	34384722	297
LG1	34385001	34386167	1166
LG1	34386500	34386679	179
LG1	34386936	34387524	588
LG1	34388204	34388790	586
LG1	34388987	34389031	44
LG1	34389451	34389736	285
LG1	34390276	34390787	511
LG1	34391880	34392106	226
LG1	34392645	34392897	252
LG1	34393062	34393319	257
LG1	34393357	34393460	103
LG1	34393550	34393914	364
LG1	34394112	34394671	559
LG1	34395055	34395119	64
LG1	34395292	34395660	368
LG1	34395719	34397786	2067
LG1	34398368	34398704	336
LG1	34398784	34399332	548
LG1	34399580	34399922	342
LG1	34400243	34400293	50
LG1	34401569	34402731	1162
LG1	34402747	34402998	251
LG1	34403294	34403850	556
LG1	34404466	34405090	624
LG1	34405436	34405564	128
LG1	34405581	34406307	726
LG1	34406605	34407403	798
LG1	34407495	34407636	141
LG1	34407916	34408042	126
LG1	34408409	34408820	411
LG1	34408962	34409306	344
LG1	34409350	34409858	508
LG1	34410035	34410351	316
LG1	34410956	34411807	851
LG1	34412010	34412452	442
LG1	34412648	34413645	997
LG1	34413757	34414127	370
LG1	34414355	34415502	1147
LG1	34415838	34416143	305
LG1	34416949	34417093	144
LG1	34417469	34417836	367
LG1	34418698	34420119	1421
LG1	34420160	34421260	1100
LG1	34421639	34421976	337
LG1	34425044	34425194	150
LG1	34425219	34425842	623
LG1	34428092	34428490	398
LG1	34430154	34430331	177
LG1	34433298	34433868	570
LG1	34433902	34434059	157
LG1	34435754	34436828	1074
LG1	34437678	34438227	549
LG1	34438521	34438658	137
LG1	34439966	34440159	193
LG1	34440202	34440233	31
LG1	34440901	34441037	136
LG1	34441304	34442140	836
LG1	34442182	34442667	485
LG1	34443114	34443300	186
LG1	34443799	34444481	682
LG1	34445254	34445440	186
LG1	34446067	34446259	192
LG1	34446400	34446583	183
LG1	34446639	34446807	168
LG1	34447677	34447843	166
LG1	34447912	34448063	151
LG1	34448116	34448296	180
LG1	34449379	34449602	223
LG1	34449654	34449884	230
LG1	34449941	34450677	736
LG1	34450958	34451408	450
LG1	34451982	34452257	275
LG1	34452476	34454182	1706
LG1	34454510	34454889	379
LG1	34455073	34456278	1205
LG1	34456413	34457005	592
LG1	34457019	34457770	751
LG1	34458156	34458860	704
LG1	34458966	34459231	265
LG1	34459374	34459658	284
LG1	34459978	34460043	65
LG1	34461221	34462117	896
LG1	34464275	34465796	1521
LG1	34466225	34466867	642
LG1	34470130	34470262	132
LG1	34470836	34471835	999
LG1	34473246	34473475	229
LG1	34473607	34474066	459
LG1	34474090	34474582	492
LG1	34477567	34479639	2072
LG1	34480792	34481847	1055
LG1	34482165	34482207	42
LG1	34483099	34483587	488
LG1	34484198	34484411	213
LG1	34484526	34484594	68
LG1	34484972	34485089	117
LG1	34485235	34485936	701
LG1	34487146	34487961	815
LG1	34488792	34488885	93
LG1	34489411	34491099	1688
LG1	34492346	34492976	630
LG1	34493017	34494545	1528
LG1	34495688	34496366	678
LG1	34496772	34496864	92
LG1	34498575	34499607	1032
LG1	34500037	34501602	1565
LG1	34501754	34502311	557
LG1	34509024	34509455	431
LG1	34509749	34509791	42
LG1	34509926	34510409	483
LG1	34511188	34511352	164
LG1	34512515	34513692	1177
LG1	34513796	34514194	398
LG1	34514210	34514410	200
LG1	34514436	34515090	654
LG1	34515524	34515672	148
LG1	34516580	34516764	184
LG1	34516805	34518589	1784
LG1	34519513	34519815	302
LG1	34520741	34522003	1262
LG1	34522936	34523605	669
LG1	34525507	34525837	330
LG1	34525838	34526104	266
LG1	34526107	34526531	424
LG1	34526895	34527103	208
LG1	34528368	34529391	1023
LG1	34529429	34529981	552
LG1	34531177	34531566	389
LG1	34532308	34533004	696
LG1	34534999	34535153	154
LG1	34535246	34535681	435
LG1	34535726	34535807	81
LG1	34537597	34537875	278
LG1	34537886	34538830	944
LG1	34540537	34541732	1195
LG1	34542432	34543410	978
LG1	34545243	34546292	1049
LG1	34546914	34547021	107
LG1	34547829	34547941	112
LG1	34548009	34548791	782
LG1	34549168	34549366	198
LG1	34549407	34550318	911
LG1	34550334	34550547	213
LG1	34552657	34553115	458
LG1	34553313	34554254	941
LG1	34556970	34557823	853
LG1	34559007	34559709	702
LG1	34560245	34560464	219
LG1	34561336	34561615	279
LG1	34562811	34563362	551
LG1	34565392	34566020	628
LG1	34568918	34569604	686
LG1	34570731	34571257	526
LG1	34571417	34572054	637
LG1	34573863	34574924	1061
LG1	34575196	34575796	600
LG1	34578267	34578458	191
LG1	34579477	34579701	224
LG1	34580546	34581006	460
LG1	34583921	34584511	590
LG1	34584700	34585273	573
LG1	34585502	34586761	1259
LG1	34588454	34589109	655
LG1	34589391	34591128	1737
LG1	34591144	34592075	931
LG1	34592492	34592736	244
LG1	34594329	34594495	166
LG1	34594622	34595074	452
LG1	34596796	34597503	707
LG1	34599625	34600201	576
LG1	34600221	34600276	55
LG1	34600991	34601657	666
LG1	34601847	34602104	257
LG1	34602995	34603145	150
LG1	34603201	34603675	474
LG1	34604645	34606061	1416
LG1	34606900	34607015	115
LG1	34607091	34607305	214
LG1	34607681	34608759	1078
LG1	34610793	34611357	564
LG1	34611463	34611699	236
LG1	34612315	34612672	357
LG1	34613575	34613632	57
LG1	34613640	34613716	76
LG1	34613728	34614034	306
LG1	34614323	34614360	37
LG1	34614380	34614730	350
LG1	34614975	34615111	136
LG1	34615229	34615338	109
LG1	34617734	34618232	498
LG1	34621672	34622073	401
LG1	34623389	34623623	234
LG1	34624077	34624616	539
LG1	34624631	34624707	76
LG1	34625111	34626715	1604
LG1	34627342	34628949	1607
LG1	34630175	34630974	799
LG1	34631820	34632102	282
LG1	34633399	34633594	195
LG1	34633687	34634034	347
LG1	34634121	34634463	342
LG1	34634721	34634871	150
LG1	34634880	34635280	400
LG1	34635312	34635505	193
LG1	34636079	34636322	243
LG1	34636639	34637312	673
LG1	34637863	34637939	76
LG1	34638912	34639575	663
LG1	34639794	34640261	467
LG1	34640889	34640989	100
LG1	34642633	34643341	708
LG1	34643392	34643521	129
LG1	34643528	34643743	215
LG1	34645818	34646131	313
LG1	34646244	34646418	174
LG1	34647269	34647349	80
LG1	34647380	34647860	480
LG1	34647997	34649246	1249
LG1	34649389	34649517	128
LG1	34649538	34649849	311
LG1	34650000	34650722	722
LG1	34651474	34651655	181
LG1	34652501	34652769	268
LG1	34654186	34654358	172
LG1	34654928	34655208	280
LG1	34656807	34658087	1280
LG1	34658581	34658695	114
LG1	34658697	34659215	518
LG1	34659909	34660766	857
LG1	34661019	34661334	315
LG1	34662892	34663305	413
LG1	34665530	34665758	228
LG1	34666238	34667367	1129
LG1	34667489	34667608	119
LG1	34667840	34667908	68
LG1	34668069	34669317	1248
LG1	34670366	34671140	774
LG1	34672242	34672538	296
LG1	34672644	34673501	857
LG1	34673870	34675975	2105
LG1	34676141	34676324	183
LG1	34678025	34678395	370
LG1	34678649	34679190	541
LG1	34679204	34679353	149
LG1	34679462	34680691	1229
LG1	34680742	34681385	643
LG1	34681469	34682679	1210
LG1	34683680	34684826	1146
LG1	34685282	34685746	464
LG1	34686625	34687067	442
LG1	34687298	34687646	348
LG1	34687730	34688463	733
LG1	34688619	34688890	271
LG1	34690486	34691110	624
LG1	34691429	34691596	167
LG1	34691764	34692215	451
LG1	34693254	34693692	438
LG1	34693819	34694240	421
LG1	34695164	34695677	513
LG1	34696788	34697437	649
LG1	34698799	34699053	254
LG1	34699116	34699865	749
LG1	34700162	34701623	1461
LG1	34702220	34702304	84
LG1	34703489	34704288	799
LG1	34707151	34708304	1153
LG1	34708646	34710283	1637
LG1	34710716	34711420	704
LG1	34712924	34713243	319
LG1	34713272	34713417	145
LG1	34713669	34714551	882
LG1	34716318	34716773	455
LG1	34718111	34718263	152
LG1	34718841	34719346	505
LG1	34720136	34721190	1054
LG1	34721945	34723620	1675
LG1	34724585	34724901	316
LG1	34725103	34725390	287
LG1	34725615	34726384	769
LG1	34727393	34728040	647
LG1	34728178	34728308	130
LG1	34730074	34730872	798
LG1	34730948	34731419	471
LG1	34731774	34731880	106
LG1	34732080	34732196	116
LG1	34732404	34732700	296
LG1	34732904	34733138	234
LG1	34733187	34733291	104
LG1	34733539	34734339	800
LG1	34734503	34736068	1565
LG1	34736748	34737489	741
LG1	34738477	34738629	152
LG1	34738794	34739153	359
LG1	34739251	34739585	334
LG1	34739666	34740921	1255
LG1	34740967	34741321	354
LG1	34741930	34742668	738
LG1	34744968	34745165	197
LG1	34749778	34750390	612
LG1	34750975	34751799	824
LG1	34752378	34752505	127
LG1	34754539	34754730	191
LG1	34756588	34756909	321
LG1	34756921	34757460	539
LG1	34757804	34758477	673
LG1	34758794	34759024	230
LG1	34759058	34759345	287
LG1	34761998	34762030	32
LG1	34762281	34762618	337
LG1	34762657	34762921	264
LG1	34763557	34763703	146
LG1	34763717	34763888	171
LG1	34763994	34764289	295
LG1	34764577	34765013	436
LG1	34766587	34767237	650
LG1	34768274	34769109	835
LG1	34769116	34769727	611
LG1	34770321	34770491	170
LG1	34774714	34775025	311
LG1	34776239	34776766	527
LG1	34776945	34777312	367
LG1	34778558	34779292	734
LG1	34781439	34782392	953
LG1	34782757	34783795	1038
LG1	34784184	34784529	345
LG1	34784588	34785049	461
LG1	34785552	34786813	1261
LG1	34786854	34787384	530
LG1	34787552	34787834	282
LG1	34788687	34789091	404
LG1	34789137	34789941	804
LG1	34790233	34790707	474
LG1	34790725	34790969	244
LG1	34790987	34791541	554
LG1	34793565	34794662	1097
LG1	34795182	34795577	395
LG1	34795642	34796020	378
LG1	34797129	34797364	235
LG1	34797834	34798577	743
LG1	34799586	34800242	656
LG1	34801228	34802011	783
LG1	34802366	34804368	2002
LG1	34804704	34805053	349
LG1	34805103	34805851	748
LG1	34806158	34806593	435
LG1	34808170	34808876	706
LG1	34808903	34810510	1607
LG1	34811589	34811909	320
LG1	34811993	34812852	859
LG1	34812960	34813288	328
LG1	34813329	34813879	550
LG1	34814052	34814569	517
LG1	34814612	34814903	291
LG1	34815053	34815192	139
LG1	34816038	34816891	853
LG1	34817884	34818636	752
LG1	34819144	34819541	397
LG1	34819553	34819882	329
LG1	34819997	34821014	1017
LG1	34821461	34822772	1311
LG1	34823395	34824219	824
LG1	34824643	34825002	359
LG1	34825066	34825148	82
LG1	34825831	34825885	54
LG1	34826268	34827097	829
LG1	34827112	34827415	303
LG1	34828982	34829282	300
LG1	34829415	34829725	310
LG1	34830315	34831275	960
LG1	34831748	34831809	61
LG1	34831937	34832950	1013
LG1	34832962	34833131	169
LG1	34834279	34835005	726
LG1	34835919	34837411	1492
LG1	34837448	34841207	3759
LG1	34854653	34856021	1368
LG1	34858181	34859094	913
LG1	34859999	34861325	1326
LG1	34862151	34863142	991
LG1	34867682	34869256	1574
LG1	34870231	34870595	364
LG1	34873910	34875323	1413
LG1	34878564	34879099	535
LG1	34879135	34879678	543
LG1	34885441	34886052	611
LG1	34889395	34890369	974
LG1	34891442	34891566	124
LG1	34894834	34895639	805
LG1	34898762	34899349	587
LG1	34899376	34899443	67
LG1	34899519	34899578	59
LG1	34903848	34904031	183
LG1	34905090	34906005	915
LG1	34908411	34908867	456
LG1	34909091	34910340	1249
LG1	34911802	34913025	1223
LG1	34913032	34913289	257
LG1	34915024	34919174	4150
LG1	34919494	34919786	292
LG1	34920928	34921325	397
LG1	34923294	34924215	921
LG1	34924770	34925151	381
LG1	34926532	34926916	384
LG1	34927713	34930125	2412
LG1	34930437	34930524	87
LG1	34932036	34933512	1476
LG1	34935973	34936616	643
LG1	34938332	34939342	1010
LG1	34940374	34944243	3869
LG1	34945839	34946781	942
LG1	34947062	34947685	623
LG1	34950775	34950873	98
LG1	34951214	34951760	546
LG1	34958881	34960146	1265
LG1	34961698	34962093	395
LG1	34963183	34963347	164
LG1	34965378	34965477	99
LG1	34970402	34970585	183
LG1	34970834	34971111	277
LG1	34971928	34972106	178
LG1	34973446	34975284	1838
LG1	34975291	34975414	123
LG1	34975725	34975861	136
LG1	34976262	34977150	888
LG1	34983322	34985849	2527
LG1	34986002	34986876	874
LG1	34986953	34987425	472
LG1	34988247	34989015	768
LG1	34989400	34990057	657
LG1	34995661	34996327	666
LG1	34996832	34998330	1498
LG1	34999583	35000019	436
LG1	35001596	35002728	1132
LG1	35002746	35003746	1000
LG1	35008233	35009182	949
LG1	35018325	35018887	562
LG1	35020541	35020631	90
LG1	35021290	35021374	84
LG1	35021933	35022091	158
LG1	35022972	35023815	843
LG1	35024614	35025525	911
LG1	35027688	35028366	678
LG1	35030087	35031133	1046
LG1	35032274	35032618	344
LG1	35032723	35032992	269
LG1	35035177	35035915	738
LG1	35035997	35036474	477
LG1	35037660	35038131	471
LG1	35038207	35038997	790
LG1	35041706	35042708	1002
LG1	35043268	35043777	509
LG1	35045641	35046235	594
LG1	35046478	35046937	459
LG1	35047029	35047427	398
LG1	35047930	35048494	564
LG1	35058927	35059274	347
LG1	35060171	35060901	730
LG1	35061389	35062154	765
LG1	35063509	35064465	956
LG1	35065362	35065862	500
LG1	35066867	35067096	229
LG1	35067223	35067532	309
LG1	35067919	35068878	959
LG1	35070085	35070657	572
LG1	35070750	35071148	398
LG1	35071168	35071690	522
LG1	35072266	35073340	1074
LG1	35073354	35073777	423
LG1	35074547	35074930	383
LG1	35080551	35081782	1231
LG1	35085372	35085812	440
LG1	35094011	35094516	505
LG1	35096090	35096320	230
LG1	35096376	35097066	690
LG1	35097250	35098206	956
LG1	35100052	35100876	824
LG1	35102184	35103171	987
LG1	35103839	35103981	142
LG1	35104515	35105710	1195
LG1	35107234	35108746	1512
LG1	35111946	35112497	551
LG1	35114681	35115032	351
LG1	35115140	35115209	69
LG1	35115302	35116059	757
LG1	35120650	35120831	181
LG1	35124260	35124607	347
LG1	35125471	35125772	301
LG1	35125897	35126074	177
LG1	35126974	35127484	510
LG1	35127717	35128448	731
LG1	35133665	35134551	886
LG1	35140618	35140660	42
LG1	35140680	35140752	72
LG1	35140754	35141547	793
LG1	35146268	35146701	433
LG1	35147942	35148073	131
LG1	35150029	35150353	324
LG1	35150516	35151103	587
LG1	35153625	35155430	1805
LG1	35157575	35158572	997
LG1	35160146	35160782	636
LG1	35161894	35162817	923
LG1	35162917	35163664	747
LG1	35164165	35164503	338
LG1	35165348	35166131	783
LG1	35167048	35167800	752
LG1	35170321	35171831	1510
LG1	35173758	35174053	295
LG1	35174163	35174603	440
LG1	35174629	35175442	813
LG1	35175910	35176290	380
LG1	35176299	35176335	36
LG1	35180532	35181618	1086
LG1	35183107	35183691	584
LG1	35184252	35184619	367
LG1	35185482	35188530	3048
LG1	35188725	35189476	751
LG1	35190271	35190335	64
LG1	35190796	35191010	214
LG1	35191237	35191828	591
LG1	35197213	35199213	2000
LG1	35199548	35199699	151
LG1	35200031	35201105	1074
LG1	35205353	35206145	792
LG1	35206351	35207102	751
LG1	35216487	35218038	1551
LG1	35218091	35218409	318
LG1	35219025	35219844	819
LG1	35219928	35221403	1475
LG1	35221962	35223030	1068
LG1	35228971	35229655	684
LG1	35230805	35231679	874
LG1	35232849	35233680	831
LG1	35233682	35233934	252
LG1	35236409	35237000	591
LG1	35239921	35240728	807
LG1	35243344	35243848	504
LG1	35243889	35244256	367
LG1	35244423	35244982	559
LG1	35245877	35246691	814
LG1	35246835	35247078	243
LG1	35247468	35247609	141
LG1	35248655	35250276	1621
LG1	35251454	35252224	770
LG1	35255802	35256249	447
LG1	35257785	35258277	492
LG1	35258400	35258700	300
LG1	35261390	35262184	794
LG1	35262979	35264192	1213
LG1	35264521	35265089	568
LG1	35266152	35266466	314
LG1	35267741	35268426	685
LG1	35270091	35270893	802
LG1	35272520	35272996	476
LG1	35273007	35273199	192
LG1	35279479	35279961	482
LG1	35280035	35280446	411
LG1	35280942	35281808	866
LG1	35282938	35284148	1210
LG1	35284270	35285396	1126
LG1	35286267	35288540	2273
LG1	35296625	35297285	660
LG1	35297394	35298145	751
LG1	35298787	35299813	1026
LG1	35299990	35300652	662
LG1	35300772	35300931	159
LG1	35301512	35304319	2807
LG1	35304322	35305407	1085
LG1	35305685	35305923	238
LG1	35306630	35309696	3066
LG1	35310160	35312195	2035
LG1	35312246	35313998	1752
LG1	35314470	35314609	139
LG1	35314852	35315875	1023
LG1	35317700	35317767	67
LG1	35317782	35318417	635
LG1	35318439	35319202	763
LG1	35319237	35319496	259
LG1	35320549	35321788	1239
LG1	35322653	35325068	2415
LG1	35325542	35326961	1419
LG1	35328739	35329802	1063
LG1	35330308	35330684	376
LG1	35331386	35332101	715
LG1	35332261	35332522	261
LG1	35333823	35334747	924
LG1	35334793	35335201	408
LG1	35335499	35337992	2493
LG1	35339480	35340851	1371
LG1	35341457	35342553	1096
LG1	35342957	35345935	2978
LG1	35346407	35346645	238
LG1	35350293	35351589	1296
LG1	35351791	35353834	2043
LG1	35354692	35357032	2340
LG1	35357260	35359412	2152
LG1	35361095	35361433	338
LG1	35361892	35362391	499
LG1	35363091	35363988	897
LG1	35364113	35365851	1738
LG1	35366192	35368754	2562
LG1	35370604	35371497	893
LG1	35371520	35372951	1431
LG1	35375409	35376090	681
LG1	35376106	35377495	1389
LG1	35377528	35381115	3587
LG1	35381314	35381451	137
LG1	35382670	35387187	4517
LG1	35387242	35390569	3327
LG1	35390615	35390968	353
LG1	35391007	35395453	4446
LG1	35395557	35396408	851
LG1	35398542	35399878	1336
LG1	35402262	35402792	530
LG1	35406338	35407526	1188
LG1	35414243	35414733	490
LG1	35418404	35420724	2320
LG1	35423137	35424066	929
LG1	35425381	35426674	1293
LG1	35427269	35428226	957
LG1	35428284	35428826	542
LG1	35429093	35429608	515
LG1	35432214	35433031	817
LG1	35433196	35433493	297
LG1	35433506	35433747	241
LG1	35435173	35435473	300
LG1	35435498	35436546	1048
LG1	35436776	35437158	382
LG1	35438279	35439671	1392
LG1	35443224	35443911	687
LG1	35446725	35446806	81
LG1	35447511	35448164	653
LG1	35448875	35449044	169
LG1	35449900	35450617	717
LG1	35453078	35453223	145
LG1	35457353	35457965	612
LG1	35458059	35458359	300
LG1	35459490	35460226	736
LG1	35460346	35460835	489
LG1	35461800	35463323	1523
LG1	35465197	35465455	258
LG1	35465466	35466317	851
LG1	35467873	35468466	593
LG1	35468822	35470033	1211
LG1	35470657	35471046	389
LG1	35473275	35473958	683
LG1	35473973	35474000	27
LG1	35474069	35474864	795
LG1	35477066	35477471	405
LG1	35478917	35479910	993
LG1	35480048	35480860	812
LG1	35480987	35482437	1450
LG1	35484553	35485483	930
LG1	35499926	35500034	108
LG1	35500101	35500820	719
LG1	35502513	35502812	299
LG1	35503007	35503768	761
LG1	35504510	35505923	1413
LG1	35506607	35507115	508
LG1	35507174	35508077	903
LG1	35508842	35510111	1269
LG1	35511079	35511300	221
LG1	35512160	35513395	1235
LG1	35517268	35519580	2312
LG1	35519823	35521121	1298
LG1	35521484	35522133	649
LG1	35523924	35524022	98
LG1	35525550	35528800	3250
LG1	35528899	35529540	641
LG1	35530069	35530583	514
LG1	35531830	35532464	634
LG1	35542505	35543049	544
LG1	35545972	35546080	108
LG1	35548901	35549767	866
LG1	35549893	35551267	1374
LG1	35551349	35551502	153
LG1	35551722	35554220	2498
LG1	35555693	35555838	145
LG1	35556021	35556823	802
LG1	35556906	35557705	799
LG1	35558448	35558542	94
LG1	35558578	35559536	958
LG1	35560950	35561861	911
LG1	35569873	35570437	564
LG1	35570811	35571287	476
LG1	35573292	35574579	1287
LG1	35578209	35578394	185
LG1	35579666	35581123	1457
LG1	35582849	35584429	1580
LG1	35585707	35586651	944
LG1	35588470	35589206	736
LG1	35590006	35591554	1548
LG1	35594593	35594810	217
LG1	35596235	35597073	838
LG1	35597103	35597312	209
LG1	35602295	35602726	431
LG1	35607677	35608425	748
LG1	35608654	35608755	101
LG1	35609180	35610891	1711
LG1	35610973	35611590	617
LG1	35611607	35611755	148
LG1	35613345	35613691	346
LG1	35613795	35613941	146
LG1	35613969	35614201	232
LG1	35614746	35615081	335
LG1	35615173	35615243	70
LG1	35619187	35619963	776
LG1	35619985	35620132	147
LG1	35620256	35620612	356
LG1	35620702	35620779	77
LG1	35620872	35621089	217
LG1	35621124	35621725	601
LG1	35621855	35622037	182
LG1	35623244	35623387	143
LG1	35623804	35624049	245
LG1	35624127	35624367	240
LG1	35624444	35624616	172
LG1	35625982	35626330	348
LG1	35626405	35627085	680
LG1	35631780	35632475	695
LG1	35636945	35637556	611
LG1	35637672	35637948	276
LG1	35638698	35638827	129
LG1	35640600	35641533	933
LG1	35641859	35642415	556
LG1	35644952	35645441	489
LG1	35648396	35649567	1171
LG1	35652174	35652494	320
LG1	35652793	35653006	213
LG1	35653220	35653294	74
LG1	35653483	35653588	105
LG1	35654353	35654816	463
LG1	35654956	35655149	193
LG1	35655319	35655887	568
LG1	35656001	35657186	1185
LG1	35657503	35657721	218
LG1	35658761	35659108	347
LG1	35659242	35659351	109
LG1	35659501	35660092	591
LG1	35660124	35660479	355
LG1	35661619	35661782	163
LG1	35664537	35664898	361
LG1	35664950	35665011	61
LG1	35665062	35665497	435
LG1	35666996	35667248	252
LG1	35667476	35668399	923
LG1	35669487	35669906	419
LG1	35669916	35670189	273
LG1	35670216	35670338	122
LG1	35670595	35670980	385
LG1	35670999	35671346	347
LG1	35671467	35671755	288
LG1	35671812	35672117	305
LG1	35675219	35675938	719
LG1	35681719	35681941	222
LG1	35681962	35682088	126
LG1	35682260	35682277	17
LG1	35682307	35682445	138
LG1	35684079	35684246	167
LG1	35684323	35684763	440
LG1	35685076	35685307	231
LG1	35685439	35685870	431
LG1	35687077	35687242	165
LG1	35687568	35687860	292
LG1	35688079	35688353	274
LG1	35690930	35691833	903
LG1	35693151	35693331	180
LG1	35693883	35694175	292
LG1	35695487	35695845	358
LG1	35696817	35697062	245
LG1	35697165	35697487	322
LG1	35700162	35701159	997
LG1	35701328	35701861	533
LG1	35703892	35704031	139
LG1	35704890	35705401	511
LG1	35706158	35706312	154
LG1	35707776	35708032	256
LG1	35718015	35718810	795
LG1	35718847	35718950	103
LG1	35719703	35720061	358
LG1	35724269	35724402	133
LG1	35725204	35725745	541
LG1	35735510	35736259	749
LG1	35736600	35736948	348
LG1	35742159	35742314	155
LG1	35743625	35744615	990
LG1	35744812	35745298	486
LG1	35745364	35745479	115
LG1	35747213	35747446	233
LG1	35752878	35753117	239
LG1	35753171	35753409	238
LG1	35770221	35770827	606
LG1	35771395	35771581	186
LG1	35775784	35776090	306
LG1	35779601	35779841	240
LG1	35780446	35780986	540
LG1	35782074	35782228	154
LG1	35789671	35790117	446
LG1	35792933	35793065	132
LG1	35793127	35793496	369
LG1	35795521	35795681	160
LG1	35797536	35797867	331
LG1	35797916	35798363	447
LG1	35799993	35800089	96
LG1	35800494	35800948	454
LG1	35801072	35801271	199
LG1	35801592	35801794	202
LG1	35802768	35802838	70
LG1	35804983	35805133	150
LG1	35805779	35806015	236
LG1	35807217	35807377	160
LG1	35807466	35807673	207
LG1	35807722	35808153	431
LG1	35808262	35808660	398
LG1	35808761	35808829	68
LG1	35809593	35809743	150
LG1	35810620	35810804	184
LG1	35811188	35811394	206
LG1	35822897	35823072	175
LG1	35827362	35827568	206
LG1	35831915	35832005	90
LG1	35832421	35832656	235
LG1	35832999	35833199	200
LG1	35833244	35833489	245
LG1	35833543	35833994	451
LG1	35834123	35834229	106
LG1	35836726	35836872	146
LG1	35838144	35838378	234
LG1	35839742	35839943	201
LG1	35847492	35847675	183
LG1	35848064	35848243	179
LG1	35848333	35848549	216
LG1	35848607	35848946	339
LG1	35849006	35849086	80
LG1	35849096	35849267	171
LG1	35849872	35850046	174
LG1	35850106	35850646	540
LG1	35851321	35851565	244
LG1	35851883	35852072	189
LG1	35862288	35862466	178
LG1	35866172	35866292	120
LG1	35866369	35866587	218
LG1	35867747	35867906	159
LG1	35868083	35868266	183
LG1	35868272	35868729	457
LG1	35868872	35869068	196
LG1	35870665	35870826	161
LG1	35880304	35881018	714
LG1	35885498	35885696	198
LG1	35900267	35900400	133
LG1	35900758	35900905	147
LG1	35901211	35901270	59
LG1	35902923	35903144	221
LG1	35904789	35905024	235
LG1	35928888	35929042	154
LG1	35930334	35930620	286
LG1	35930910	35931044	134
LG1	35938491	35938570	79
LG1	35948723	35948946	223
LG1	35949475	35949703	228
LG1	35953160	35953552	392
LG1	35953588	35953853	265
LG1	35953910	35954098	188
LG1	35954202	35954441	239
LG1	35954579	35954972	393
LG1	35955108	35955323	215
LG1	35957084	35957330	246
LG1	35957745	35957819	74
LG1	35957884	35958024	140
LG1	35958655	35958819	164
LG1	35959085	35959486	401
LG1	35959997	35960244	247
LG1	35960458	35960655	197
LG1	35980187	35980913	726
LG1	35986279	35987767	1488
LG1	35991572	35991858	286
LG1	35992452	35992500	48
LG1	35995005	35995205	200
LG1	36015742	36015966	224
LG1	36016710	36016794	84
LG1	36016897	36017436	539
LG1	36017591	36017792	201
LG1	36017909	36018087	178
LG1	36018252	36018427	175
LG1	36018489	36018774	285
LG1	36019027	36019170	143
LG1	36021000	36021204	204
LG1	36022379	36022558	179
LG1	36023777	36024036	259
LG1	36024684	36025127	443
LG1	36027316	36027456	140
LG1	36031303	36031508	205
LG1	36032671	36032855	184
LG1	36033336	36033405	69
LG1	36040392	36040623	231
LG1	36040714	36040955	241
LG1	36040995	36041454	459
LG1	36043757	36044366	609
LG1	36047602	36047811	209
LG1	36049094	36049515	421
LG1	36062111	36062411	300
LG1	36065181	36065369	188
LG1	36066380	36066698	318
LG1	36067463	36067620	157
LG1	36068093	36068242	149
LG1	36068282	36068566	284
LG1	36068572	36068711	139
LG1	36068855	36069010	155
LG1	36080680	36080828	148
LG1	36080875	36081225	350
LG1	36096014	36096390	376
LG1	36096741	36096920	179
LG1	36098721	36098814	93
LG1	36132870	36133000	130
LG1	36134193	36134549	356
LG1	36134942	36135132	190
LG1	36135907	36136106	199
LG1	36136367	36136489	122
LG1	36136505	36136953	448
LG1	36137040	36137306	266
LG1	36139221	36139809	588
LG1	36142391	36142627	236
LG1	36143121	36143537	416
LG1	36147407	36147786	379
LG1	36152111	36152253	142
LG1	36153811	36153953	142
LG1	36155793	36155924	131
LG1	36164159	36164408	249
LG1	36176560	36176859	299
LG1	36200188	36200336	148
LG1	36200580	36200702	122
LG1	36200742	36201142	400
LG1	36201619	36201723	104
LG1	36202779	36203201	422
LG1	36203304	36203421	117
LG1	36204614	36204858	244
LG1	36205217	36205664	447
LG1	36208664	36208775	111
LG1	36217824	36218040	216
LG1	36219727	36219816	89
LG1	36227105	36227328	223
LG1	36228234	36228435	201
LG1	36228706	36228828	122
LG1	36228868	36229297	429
LG1	36229352	36229616	264
LG1	36231748	36232293	545
LG1	36234169	36234447	278
LG1	36234826	36235543	717
LG1	36235803	36235881	78
LG1	36243501	36243855	354
LG1	36244043	36244209	166
LG1	36244379	36244586	207
LG1	36244646	36244960	314
LG1	36251100	36251429	329
LG1	36251546	36251670	124
LG1	36252349	36252528	179
LG1	36253140	36253154	14
LG1	36255139	36255582	443
LG1	36257174	36257315	141
LG1	36257809	36257848	39
LG1	36258242	36259241	999
LG1	36260490	36261063	573
LG1	36262358	36262606	248
LG1	36262744	36263655	911
LG1	36264785	36265506	721
LG1	36265960	36266122	162
LG1	36266374	36266468	94
LG1	36267829	36268016	187
LG1	36268498	36268538	40
LG1	36268770	36268981	211
LG1	36269315	36269480	165
LG1	36269828	36270584	756
LG1	36272355	36272606	251
LG1	36273490	36274958	1468
LG1	36276020	36276220	200
LG1	36276350	36276570	220
LG1	36276730	36277141	411
LG1	36277275	36277524	249
LG1	36277656	36277939	283
LG1	36278183	36279012	829
LG1	36279105	36279433	328
LG1	36282050	36282680	630
LG1	36283876	36284749	873
LG1	36286622	36287054	432
LG1	36288097	36288227	130
LG1	36288417	36289601	1184
LG1	36290475	36291686	1211
LG1	36292111	36292593	482
LG1	36292732	36294732	2000
LG1	36294775	36294866	91
LG1	36297248	36297683	435
LG1	36298275	36298302	27
LG1	36298963	36299699	736
LG1	36303673	36303863	190
LG1	36304177	36304302	125
LG1	36304372	36304590	218
LG1	36304599	36304626	27
LG1	36304687	36305018	331
LG1	36305488	36305549	61
LG1	36307048	36307316	268
LG1	36308817	36309943	1126
LG1	36312043	36312453	410
LG1	36312961	36313884	923
LG1	36315101	36315543	442
LG1	36320419	36321267	848
LG1	36321371	36322154	783
LG1	36323171	36323619	448
LG1	36324996	36325145	149
LG1	36327120	36328211	1091
LG1	36328612	36328772	160
LG1	36329149	36329291	142
LG1	36331567	36332904	1337
LG1	36334445	36335186	741
LG1	36337101	36337490	389
LG1	36338594	36338734	140
LG1	36338891	36339636	745
LG1	36341744	36342629	885
LG1	36344519	36345905	1386
LG1	36346072	36346580	508
LG1	36346656	36347348	692
LG1	36347959	36348033	74
LG1	36348958	36349780	822
LG1	36349911	36350065	154
LG1	36351255	36351476	221
LG1	36351552	36351781	229
LG1	36351840	36352378	538
LG1	36353542	36353606	64
LG1	36355027	36356443	1416
LG1	36358517	36358565	48
LG1	36359219	36359415	196
LG1	36359546	36359974	428
LG1	36362722	36363023	301
LG1	36367532	36368010	478
LG1	36369532	36369807	275
LG1	36371106	36371450	344
LG1	36374153	36374696	543
LG1	36376975	36378663	1688
LG1	36378766	36379063	297
LG1	36379843	36380310	467
LG1	36382259	36382453	194
LG1	36388848	36389087	239
LG1	36389540	36389604	64
LG1	36389891	36390230	339
LG1	36392324	36392695	371
LG1	36393788	36394196	408
LG1	36396034	36396373	339
LG1	36397664	36398142	478
LG1	36400646	36401109	463
LG1	36402099	36402299	200
LG1	36402346	36403160	814
LG1	36403797	36403943	146
LG1	36404621	36404811	190
LG1	36404870	36405144	274
LG1	36406178	36406892	714
LG1	36406898	36406942	44
LG1	36408493	36408733	240
LG1	36408800	36409242	442
LG1	36410369	36410903	534
LG1	36411872	36411956	84
LG1	36411977	36412480	503
LG1	36412528	36412757	229
LG1	36413534	36414093	559
LG1	36414295	36414433	138
LG1	36415049	36415168	119
LG1	36415410	36415561	151
LG1	36415677	36415848	171
LG1	36415921	36416467	546
LG1	36416927	36417087	160
LG1	36418964	36419600	636
LG1	36419714	36419816	102
LG1	36421544	36421736	192
LG1	36423626	36423773	147
LG1	36424305	36425172	867
LG1	36425615	36425769	154
LG1	36427549	36427857	308
LG1	36429051	36429222	171
LG1	36430768	36430923	155
LG1	36431493	36432348	855
LG1	36433574	36434949	1375
LG1	36435269	36435464	195
LG1	36436356	36436968	612
LG1	36438747	36439228	481
LG1	36440169	36440541	372
LG1	36440895	36441367	472
LG1	36441697	36442270	573
LG1	36442561	36444086	1525
LG1	36445093	36445531	438
LG1	36445565	36446012	447
LG1	36446855	36448004	1149
LG1	36448247	36448480	233
LG1	36448690	36451378	2688
LG1	36452700	36453860	1160
LG1	36455109	36455773	664
LG1	36456249	36457035	786
LG1	36457923	36458247	324
LG1	36458260	36459409	1149
LG1	36464561	36464696	135
LG1	36466839	36467837	998
LG1	36471940	36472575	635
LG1	36472642	36476213	3571
LG1	36477128	36478208	1080
LG1	36478433	36479048	615
LG1	36482001	36482717	716
LG1	36484206	36484460	254
LG1	36484608	36484983	375
LG1	36494321	36494593	272
LG1	36495869	36496533	664
LG1	36499245	36500366	1121
LG1	36500429	36501074	645
LG1	36501108	36501666	558
LG1	36503930	36504463	533
LG1	36504488	36505264	776
LG1	36507076	36507758	682
LG1	36510063	36510177	114
LG1	36514028	36514357	329
LG1	36518943	36519304	361
LG1	36519349	36519385	36
LG1	36519403	36519459	56
LG1	36524703	36525201	498
LG1	36525231	36525506	275
LG1	36527827	36528834	1007
LG1	36534584	36534769	185
LG1	36535467	36535896	429
LG1	36543378	36543509	131
LG1	36543531	36543562	31
LG1	36546163	36546761	598
LG1	36553606	36553703	97
LG1	36553711	36553985	274
LG1	36554486	36554568	82
LG1	36556080	36556286	206
LG1	36557421	36559260	1839
LG1	36559655	36560179	524
LG1	36562142	36562708	566
LG1	36564558	36565077	519
LG1	36568682	36569242	560
LG1	36569325	36569742	417
LG1	36572295	36572518	223
LG1	36574196	36574782	586
LG1	36578581	36578745	164
LG1	36578791	36578952	161
LG1	36580929	36581037	108
LG1	36583476	36583663	187
LG1	36584279	36585446	1167
LG1	36598941	36599084	143
LG1	36600465	36601519	1054
LG1	36603666	36604665	999
LG1	36607017	36607683	666
LG1	36609096	36611754	2658
LG1	36612136	36612452	316
LG1	36612576	36612782	206
LG1	36614171	36614513	342
LG1	36614694	36615315	621
LG1	36615448	36615842	394
LG1	36616712	36616979	267
LG1	36617222	36617821	599
LG1	36618991	36619087	96
LG1	36619170	36619394	224
LG1	36621114	36621181	67
LG1	36622461	36622649	188
LG1	36622727	36624257	1530
LG1	36624811	36624868	57
LG1	36624922	36625085	163
LG1	36625429	36625668	239
LG1	36625987	36626367	380
LG1	36626544	36627202	658
LG1	36631865	36632349	484
LG1	36633460	36633987	527
LG1	36633991	36634713	722
LG1	36636472	36637559	1087
LG1	36637666	36638501	835
LG1	36640241	36641514	1273
LG1	36644642	36645100	458
LG1	36647831	36648200	369
LG1	36648536	36648749	213
LG1	36649673	36649785	112
LG1	36650532	36650549	17
LG1	36650556	36650859	303
LG1	36650902	36651434	532
LG1	36651504	36651619	115
LG1	36656153	36656530	377
LG1	36657523	36657775	252
LG1	36658782	36659130	348
LG1	36660087	36660771	684
LG1	36661233	36662420	1187
LG1	36666122	36667028	906
LG1	36667486	36667883	397
LG1	36668038	36668566	528
LG1	36670632	36671376	744
LG1	36671396	36671507	111
LG1	36672843	36673246	403
LG1	36675101	36675394	293
LG1	36677093	36677592	499
LG1	36680416	36680827	411
LG1	36682381	36683028	647
LG1	36683207	36683322	115
LG1	36686216	36687126	910
LG1	36687285	36687498	213
LG1	36690310	36690581	271
LG1	36691320	36691587	267
LG1	36691653	36691920	267
LG1	36693381	36693457	76
LG1	36694800	36695273	473
LG1	36695342	36695654	312
LG1	36695980	36696098	118
LG1	36696140	36696719	579
LG1	36700343	36701672	1329
LG1	36702089	36702501	412
LG1	36702676	36702866	190
LG1	36703175	36703310	135
LG1	36704671	36704736	65
LG1	36704892	36705032	140
LG1	36705041	36706136	1095
LG1	36706815	36707519	704
LG1	36708831	36709401	570
LG1	36710288	36711271	983
LG1	36720894	36721732	838
LG1	36722057	36722851	794
LG1	36726288	36726420	132
LG1	36727047	36727367	320
LG1	36728009	36728777	768
LG1	36733618	36734975	1357
LG1	36735048	36735638	590
LG1	36736053	36736501	448
LG1	36738506	36739499	993
LG1	36741809	36743263	1454
LG1	36745168	36745768	600
LG1	36748847	36748956	109
LG1	36749856	36750224	368
LG1	36750479	36751017	538
LG1	36751186	36751636	450
LG1	36751885	36752587	702
LG1	36752657	36753231	574
LG1	36754857	36755026	169
LG1	36755043	36755754	711
LG1	36756274	36756748	474
LG1	36758583	36758990	407
LG1	36761082	36761750	668
LG1	36763505	36763636	131
LG1	36763830	36764528	698
LG1	36768734	36769870	1136
LG1	36770080	36770286	206
LG1	36772632	36772752	120
LG1	36772837	36773164	327
LG1	36775000	36775580	580
LG1	36778468	36778994	526
LG1	36779563	36780008	445
LG1	36780028	36780284	256
LG1	36781642	36782625	983
LG1	36784191	36784963	772
LG1	36785767	36786246	479
LG1	36786304	36786664	360
LG1	36787103	36787380	277
LG1	36788210	36788331	121
LG1	36788503	36788613	110
LG1	36788910	36789042	132
LG1	36790369	36790490	121
LG1	36790784	36791287	503
LG1	36792870	36793050	180
LG1	36793371	36793631	260
LG1	36794918	36796437	1519
LG1	36799135	36799270	135
LG1	36799592	36799697	105
LG1	36799835	36800338	503
LG1	36803675	36803829	154
LG1	36804800	36805580	780
LG1	36805606	36805959	353
LG1	36806611	36806765	154
LG1	36806832	36807019	187
LG1	36808011	36808061	50
LG1	36808064	36808220	156
LG1	36808244	36808314	70
LG1	36811402	36812792	1390
LG1	36812822	36813469	647
LG1	36814731	36814902	171
LG1	36814947	36815089	142
LG1	36815117	36815420	303
LG1	36816676	36817009	333
LG1	36819366	36819831	465
LG1	36819923	36820433	510
LG1	36822549	36822933	384
LG1	36823058	36823113	55
LG1	36823399	36823601	202
LG1	36825494	36825962	468
LG1	36827975	36828976	1001
LG1	36831064	36831802	738
LG1	36832056	36832692	636
LG1	36833044	36833366	322
LG1	36833870	36834251	381
LG1	36834252	36834518	266
LG1	36836770	36837542	772
LG1	36837603	36838005	402
LG1	36838128	36838266	138
LG1	36838987	36839233	246
LG1	36839269	36839475	206
LG1	36839866	36841191	1325
LG1	36842207	36842590	383
LG1	36842768	36843106	338
LG1	36843174	36843365	191
LG1	36844780	36845573	793
LG1	36846337	36847171	834
LG1	36848344	36848837	493
LG1	36849020	36849488	468
LG1	36850520	36850888	368
LG1	36852185	36852791	606
LG1	36855480	36855817	337
LG1	36857387	36857729	342
LG1	36858170	36858863	693
LG1	36858866	36859071	205
LG1	36859214	36859587	373
LG1	36860286	36860360	74
LG1	36861555	36861766	211
LG1	36862312	36862645	333
LG1	36862651	36863012	361
LG1	36865250	36865702	452
LG1	36871575	36871783	208
LG1	36872156	36873607	1451
LG1	36873689	36873928	239
LG1	36876315	36876604	289
LG1	36877609	36877902	293
LG1	36879432	36879544	112
LG1	36881779	36882126	347
LG1	36884042	36884704	662
LG1	36886865	36887744	879
LG1	36889429	36889749	320
LG1	36891947	36892446	499
LG1	36893119	36893442	323
LG1	36897510	36898515	1005
LG1	36903780	36904175	395
LG1	36905571	36905674	103
LG1	36908160	36909664	1504
LG1	36909711	36910377	666
LG1	36912750	36913607	857
LG1	36913652	36913793	141
LG1	36920510	36920768	258
LG1	36921877	36922287	410
LG1	36922437	36922545	108
LG1	36923362	36925521	2159
LG1	36925976	36927143	1167
LG1	36929538	36930573	1035
LG1	36932670	36932738	68
LG1	36932822	36933316	494
LG1	36934955	36935668	713
LG1	36935689	36936075	386
LG1	36940502	36940682	180
LG1	36940962	36941458	496
LG1	36942432	36942547	115
LG1	36943527	36944232	705
LG1	36945443	36945850	407
LG1	36947821	36948254	433
LG1	36950514	36950867	353
LG1	36951423	36951531	108
LG1	36951623	36952202	579
LG1	36952338	36952378	40
LG1	36952467	36953086	619
LG1	36954772	36955881	1109
LG1	36957276	36957493	217
LG1	36957646	36958556	910
LG1	36960838	36961805	967
LG1	36963978	36964169	191
LG1	36966179	36966791	612
LG1	36966942	36967161	219
LG1	36970856	36971092	236
LG1	36971141	36971297	156
LG1	36976690	36976862	172
LG1	36976989	36977161	172
LG1	36980084	36980336	252
LG1	36980384	36980625	241
LG1	36980796	36981322	526
LG1	36986895	36987160	265
LG1	36988079	36989123	1044
LG1	36992893	36993154	261
LG1	36993177	36993788	611
LG1	36994589	36994664	75
LG1	36995454	36997235	1781
LG1	37000450	37000773	323
LG1	37003211	37003879	668
LG1	37003942	37003950	8
LG1	37004492	37004655	163
LG1	37004697	37004766	69
LG1	37004878	37005077	199
LG1	37015800	37016731	931
LG1	37016921	37017036	115
LG1	37025840	37026478	638
LG1	37031023	37031286	263
LG1	37032073	37032476	403
LG1	37032604	37033064	460
LG1	37033172	37033773	601
LG1	37035288	37035694	406
LG1	37039276	37039823	547
LG1	37040298	37040359	61
LG1	37043514	37043719	205
LG1	37049634	37049787	153
LG1	37049867	37050023	156
LG1	37051927	37054333	2406
LG1	37057219	37057585	366
LG1	37057650	37058298	648
LG1	37066905	37067242	337
LG1	37067599	37067765	166
LG1	37068534	37068653	119
LG1	37070302	37070501	199
LG1	37071371	37071602	231
LG1	37071713	37071886	173
LG1	37073037	37073351	314
LG1	37074145	37074257	112
LG1	37074429	37075045	616
LG1	37075127	37075517	390
LG1	37075585	37075669	84
LG1	37076704	37076908	204
LG1	37077009	37077116	107
LG1	37098456	37098557	101
LG1	37101277	37101381	104
LG1	37125752	37126523	771
LG1	37127305	37127366	61
LG1	37127435	37127604	169
LG1	37127701	37127791	90
LG1	37127930	37128068	138
LG1	37128438	37128561	123
LG1	37128647	37129269	622
LG1	37129590	37129677	87
LG1	37131408	37131584	176
LG1	37133904	37133993	89
LG1	37134157	37134273	116
LG1	37134624	37134803	179
LG1	37135143	37135252	109
LG1	37137587	37137705	118
LG1	37138578	37138726	148
LG1	37139127	37139279	152
LG1	37139791	37139996	205
LG1	37140532	37140608	76
LG1	37140709	37140720	11
LG1	37141060	37141172	112
LG1	37141808	37142156	348
LG1	37142308	37142504	196
LG1	37143210	37143277	67
LG1	37144172	37144266	94
LG1	37145914	37146156	242
LG1	37153120	37153433	313
LG1	37153635	37153716	81
LG1	37154194	37154359	165
LG1	37154495	37154630	135
LG1	37154838	37154965	127
LG1	37155179	37155340	161
LG1	37155708	37155817	109
LG1	37156104	37156174	70
LG1	37156574	37156726	152
LG1	37156785	37156909	124
LG1	37158267	37158507	240
LG1	37160916	37161020	104
LG1	37162570	37162685	115
LG1	37163667	37163728	61
LG1	37165072	37165179	107
LG1	37171458	37171623	165
LG1	37172346	37172725	379
LG1	37172998	37173370	372
LG1	37173535	37173636	101
LG1	37173680	37173825	145
LG1	37179714	37179882	168
LG1	37180161	37180323	162
LG1	37180566	37180952	386
LG1	37181103	37181268	165
LG1	37181274	37181393	119
LG1	37186474	37187285	811
LG1	37188998	37189239	241
LG1	37190801	37190950	149
LG1	37191190	37191407	217
LG1	37191949	37192028	79
LG1	37192099	37192216	117
LG1	37207281	37207897	616
LG1	37220852	37221082	230
LG1	37229800	37230476	676
LG1	37230606	37230937	331
LG1	37232935	37233102	167
LG1	37233395	37233867	472
LG1	37233942	37234172	230
LG1	37235551	37235808	257
LG1	37236747	37236956	209
LG1	37237114	37238001	887
LG1	37238136	37238589	453
LG1	37238713	37238869	156
LG1	37239141	37239199	58
LG1	37240631	37240770	139
LG1	37240915	37241214	299
LG1	37241247	37241361	114
LG1	37241742	37241849	107
LG1	37244277	37244571	294
LG1	37244734	37245045	311
LG1	37245420	37245806	386
LG1	37245866	37246638	772
LG1	37247842	37247995	153
LG1	37250136	37250355	219
LG1	37254701	37254748	47
LG1	37258436	37258612	176
LG1	37261718	37261891	173
LG1	37262439	37262483	44
LG1	37263283	37263528	245
LG1	37275543	37275758	215
LG1	37285206	37285315	109
LG1	37290549	37290691	142
LG1	37295535	37295722	187
LG1	37298270	37298354	84
LG1	37306054	37306202	148
LG1	37306204	37306439	235
LG1	37308001	37308127	126
LG1	37349199	37349271	72
LG1	37355831	37355995	164
LG1	37397405	37397606	201
LG1	37398194	37398595	401
LG1	37399915	37399973	58
LG1	37400210	37400306	96
LG1	37401708	37401741	33
LG1	37403108	37403206	98
LG1	37403799	37404200	401
LG1	37406721	37406885	164
LG1	37407615	37407733	118
LG1	37408326	37408578	252
LG1	37409329	37409517	188
LG1	37410022	37410113	91
LG1	37410778	37410804	26
LG1	37411756	37411945	189
LG1	37412307	37412533	226
LG1	37416867	37417030	163
LG1	37425526	37425603	77
LG1	37425668	37425809	141
LG1	37426426	37426512	86
LG1	37429830	37429928	98
LG1	37430202	37430282	80
LG1	37430342	37430416	74
LG1	37430603	37430709	106
LG1	37435876	37436011	135
LG1	37436102	37436222	120
LG1	37436276	37436432	156
LG1	37436518	37436660	142
LG1	37436699	37436910	211
LG1	37436976	37437155	179
LG1	37438186	37438430	244
LG1	37438506	37438614	108
LG1	37438671	37438929	258
LG1	37439642	37439750	108
LG1	37450431	37450503	72
LG1	37450527	37450633	106
LG1	37450858	37450921	63
LG1	37451783	37451935	152
LG1	37458624	37458805	181
LG1	37460305	37460533	228
LG1	37474582	37474667	85
LG1	37509406	37509529	123
LG1	37518017	37518079	62
LG1	37518081	37518197	116
LG1	37528951	37529069	118
LG1	37532033	37532232	199
LG1	37532264	37532351	87
LG1	37532429	37532531	102
LG1	37534203	37534415	212
LG1	37534779	37535269	490
LG1	37535285	37535491	206
LG1	37537810	37537966	156
LG1	37549618	37549689	71
LG1	37551199	37551347	148
LG1	37553024	37553271	247
LG1	37553331	37553773	442
LG1	37555439	37555587	148
LG1	37555721	37555910	189
LG1	37555927	37556440	513
LG1	37556594	37556686	92
LG1	37556732	37556957	225
LG1	37556994	37557235	241
LG1	37565866	37566027	161
LG1	37566081	37566349	268
LG1	37566355	37566496	141
LG1	37566574	37566696	122
LG1	37567586	37567717	131
LG1	37570169	37570263	94
LG1	37586921	37587059	138
LG1	37597884	37598069	185
LG1	37601096	37601304	208
LG1	37602309	37602492	183
LG1	37604887	37605039	152
LG1	37605169	37605358	189
LG1	37607771	37607978	207
LG1	37621659	37621794	135
LG1	37673934	37674385	451
LG1	37683345	37683520	175
LG1	37703337	37703481	144
LG1	37703813	37703896	83
LG1	37735673	37739253	3580
LG1	37740600	37741953	1353
LG1	37741954	37742327	373
LG1	37836959	37837033	74
LG1	37860060	37860131	71
LG1	37872430	37872601	171
LG1	37872646	37872925	279
LG1	37873772	37873917	145
LG1	37874167	37875231	1064
LG1	37875793	37876226	433
LG1	37876230	37876367	137
LG1	37878794	37879360	566
LG1	37879409	37879698	289
LG1	37886379	37886525	146
LG1	37886567	37886770	203
LG1	37890815	37891056	241
LG1	37892225	37892296	71
LG1	37906603	37906856	253
LG1	37907280	37907456	176
LG1	37907499	37907651	152
LG1	37908132	37908297	165
LG1	37908458	37908583	125
LG1	37908824	37908945	121
LG1	37909374	37909603	229
LG1	37909604	37909667	63
LG1	37911867	37912204	337
LG1	37913757	37914038	281
LG1	37914538	37914673	135
LG1	37914831	37914966	135
LG1	37915603	37915707	104
LG1	37915851	37916045	194
LG1	37916213	37916346	133
LG1	37916630	37916773	143
LG1	37916839	37916933	94
LG1	37917019	37917197	178
LG1	37918521	37918624	103
LG1	37918966	37919104	138
LG1	37919188	37919285	97
LG1	37920470	37920542	72
LG1	37920857	37920960	103
LG1	37921009	37921127	118
LG1	37921205	37921361	156
LG1	37922078	37922180	102
LG1	37922970	37923160	190
LG1	37923238	37923712	474
LG1	37924111	37924263	152
LG1	37924311	37924474	163
LG1	37924778	37924891	113
LG1	37924953	37924995	42
LG1	37925028	37925111	83
LG1	37927070	37927158	88
LG1	37927834	37928037	203
LG1	37928160	37928277	117
LG1	37929198	37929359	161
LG1	37929487	37929822	335
LG1	37931993	37932174	181
LG1	37932681	37932880	199
LG1	37932950	37933801	851
LG1	37934293	37934515	222
LG1	37935077	37935419	342
LG1	37939291	37939368	77
LG1	37944714	37944760	46
LG1	37944822	37944984	162
LG1	37945230	37945362	132
LG1	37945921	37945979	58
LG1	37946060	37946164	104
LG1	37946801	37946959	158
LG1	37947682	37947817	135
LG1	37949006	37949323	317
LG1	37949393	37949478	85
LG1	37950558	37950641	83
LG1	37951528	37951668	140
LG1	37951768	37951934	166
LG1	37952077	37952198	121
LG1	37954679	37954769	90
LG1	37955206	37955343	137
LG1	37956096	37956257	161
LG1	37958452	37959639	1187
LG1	37961570	37961777	207
LG1	37962406	37962555	149
LG1	37962665	37962761	96
LG1	37962764	37962825	61
LG1	37962905	37963157	252
LG1	37963368	37963426	58
LG1	37963549	37963847	298
LG1	37963850	37964081	231
LG1	37964612	37964766	154
LG1	37964889	37965026	137
LG1	37965223	37965419	196
LG1	37965961	37966085	124
LG1	37966270	37966418	148
LG1	37966874	37967135	261
LG1	37969079	37969263	184
LG1	37969417	37969947	530
LG1	37970770	37970867	97
LG1	37971524	37971633	109
LG1	37971747	37971901	154
LG1	37972093	37972234	141
LG1	37972587	37972757	170
LG1	37973885	37974162	277
LG1	37977101	37977523	422
LG1	37978974	37979078	104
LG1	37984440	37984870	430
LG1	37987807	37988426	619
LG1	37989521	37989811	290
LG1	38000144	38000280	136
LG1	38000379	38000734	355
LG1	38006211	38006286	75
LG1	38006559	38006643	84
LG1	38008531	38008761	230
LG1	38009661	38009945	284
LG1	38009959	38010026	67
LG1	38010137	38010696	559
LG1	38010738	38010914	176
LG1	38010999	38011166	167
LG1	38013803	38014018	215
LG1	38014906	38015157	251
LG1	38016161	38016265	104
LG1	38016298	38016520	222
LG1	38017796	38018053	257
LG1	38018284	38018479	195
LG1	38021128	38021348	220
LG1	38022136	38022644	508
LG1	38023982	38024287	305
LG1	38030003	38030106	103
LG1	38030245	38030651	406
LG1	38031615	38031768	153
LG1	38033321	38033577	256
LG1	38034186	38034255	69
LG1	38034312	38034396	84
LG1	38035914	38036028	114
LG1	38037087	38037206	119
LG1	38037267	38037474	207
LG1	38037479	38037533	54
LG1	38039662	38039813	151
LG1	38040834	38041111	277
LG1	38041549	38041614	65
LG1	38041639	38041726	87
LG1	38041879	38042034	155
LG1	38042043	38042111	68
LG1	38043935	38044085	150
LG1	38047962	38048134	172
LG1	38049454	38049559	105
LG1	38049590	38049596	6
LG1	38052608	38052688	80
LG1	38053239	38053358	119
LG1	38054871	38054977	106
LG1	38058381	38058509	128
LG1	38058625	38058790	165
LG1	38058850	38058958	108
LG1	38059423	38059496	73
LG1	38059900	38060049	149
LG1	38060178	38060593	415
LG1	38060606	38060619	13
LG1	38060635	38060726	91
LG1	38060790	38060935	145
LG1	38061011	38061144	133
LG1	38062315	38062408	93
LG1	38066520	38066661	141
LG1	38075019	38075129	110
LG1	38083084	38083763	679
LG1	38089092	38089443	351
LG1	38091872	38091955	83
LG1	38096794	38096957	163
LG1	38101471	38101706	235
LG1	38105311	38105657	346
LG1	38116651	38117579	928
LG1	38117830	38118116	286
LG1	38119420	38119450	30
LG1	38120665	38120742	77
LG1	38127072	38127536	464
LG1	38129616	38129918	302
LG1	38133547	38133986	439
LG1	38150777	38150876	99
LG1	38162178	38162333	155
LG1	38162592	38162653	61
LG1	38164938	38165189	251
LG1	38165541	38165669	128
LG1	38165789	38165962	173
LG1	38166042	38166127	85
LG1	38189622	38189960	338
LG1	38190067	38190314	247
LG1	38192476	38192623	147
LG1	38192763	38193171	408
LG1	38197250	38197356	106
LG1	38199970	38200076	106
LG1	38203405	38203473	68
LG1	38222751	38222912	161
LG1	38236522	38236707	185
LG1	38237671	38237887	216
LG1	38238428	38238556	128
LG1	38238587	38238639	52
LG1	38244564	38244625	61
LG1	38251980	38252331	351
LG1	38252352	38252513	161
LG1	38258195	38258444	249
LG1	38284545	38284830	285
LG1	38289740	38289851	111
LG1	38295257	38295337	80
LG1	38314511	38314915	404
LG1	38326279	38326374	95
LG1	38328052	38328486	434
LG1	38329888	38330068	180
LG1	38330488	38330578	90
LG1	38330885	38331056	171
LG1	38332406	38332654	248
LG1	38332747	38332883	136
LG1	38333125	38333288	163
LG1	38334755	38335178	423
LG1	38336416	38336738	322
LG1	38336867	38337143	276
LG1	38339240	38339632	392
LG1	38341002	38341560	558
LG1	38342934	38343024	90
LG1	38358470	38358755	285
LG1	38380205	38380468	263
LG1	38386329	38387380	1051
LG1	38387428	38387598	170
LG1	38387612	38390648	3036
LG1	38395552	38396026	474
LG1	38398981	38399271	290
LG1	38400398	38400713	315
LG1	38402443	38403429	986
LG1	38403647	38403972	325
LG1	38408126	38409049	923
LG1	38409577	38409709	132
LG1	38411832	38411910	78
LG1	38414304	38414812	508
LG1	38416841	38417059	218
LG1	38419700	38419827	127
LG1	38420129	38420649	520
LG1	38422004	38422214	210
LG1	38431126	38431407	281
LG1	38436061	38436198	137
LG1	38437055	38437188	133
LG1	38441471	38441677	206
LG1	38447758	38448410	652
LG1	38448492	38448888	396
LG1	38455508	38455878	370
LG1	38463713	38464441	728
LG1	38464564	38464884	320
LG1	38467770	38468000	230
LG1	38471863	38471958	95
LG1	38472146	38472314	168
LG1	38475561	38475956	395
LG1	38477376	38477585	209
LG1	38478647	38478821	174
LG1	38481047	38481156	109
LG1	38484188	38484566	378
LG1	38484576	38484644	68
LG1	38487589	38487843	254
LG1	38489468	38489678	210
LG1	38489771	38490330	559
LG1	38495376	38495842	466
LG1	38513657	38514127	470
LG1	38525631	38525901	270
LG1	38525907	38525990	83
LG1	38527240	38527792	552
LG1	38528664	38528869	205
LG1	38530911	38531010	99
LG1	38531040	38531173	133
LG1	38534248	38534575	327
LG1	38549403	38549685	282
LG1	38552243	38552627	384
LG1	38554173	38554650	477
LG1	38554731	38555339	608
LG1	38558692	38559122	430
LG1	38560562	38560886	324
LG1	38562798	38563108	310
LG1	38564011	38564301	290
LG1	38564326	38564552	226
LG1	38570465	38570842	377
LG1	38570934	38571528	594
LG1	38573394	38573529	135
LG1	38575050	38575535	485
LG1	38575570	38576176	606
LG1	38577641	38578360	719
LG1	38584210	38584538	328
LG1	38584552	38584604	52
LG1	38591574	38594671	3097
LG1	38594718	38596735	2017
LG1	38598950	38599326	376
LG1	38599602	38600020	418
LG1	38603729	38603785	56
LG1	38604410	38604872	462
LG1	38607007	38607719	712
LG1	38609702	38609851	149
LG1	38612933	38613063	130
LG1	38613267	38613603	336
LG1	38616154	38616273	119
LG1	38616277	38616635	358
LG1	38617279	38617472	193
LG1	38618348	38618516	168
LG1	38619470	38619724	254
LG1	38623480	38623571	91
LG1	38624322	38625101	779
LG1	38629617	38630148	531
LG1	38631317	38631461	144
LG1	38642240	38642455	215
LG1	38644579	38644927	348
LG1	38646014	38646213	199
LG1	38646454	38646671	217
LG1	38647455	38648043	588
LG1	38648297	38648514	217
LG1	38649413	38649938	525
LG1	38661815	38661960	145
LG1	38664514	38664775	261
LG1	38666446	38666607	161
LG1	38671826	38672066	240
LG1	38674862	38675368	506
LG1	38681700	38681880	180
LG1	38683507	38683917	410
LG1	38685163	38685316	153
LG1	38688539	38688847	308
LG1	38691184	38691660	476
LG1	38693394	38693547	153
LG1	38694136	38694756	620
LG1	38700355	38700560	205
LG1	38701711	38701893	182
LG1	38702668	38702869	201
LG1	38703920	38704311	391
LG1	38704449	38704829	380
LG1	38706997	38707284	287
LG1	38708218	38708405	187
LG1	38710340	38710506	166
LG1	38711308	38711752	444
LG1	38711974	38712073	99
LG1	38715776	38715946	170
LG1	38716670	38717035	365
LG1	38717110	38717285	175
LG1	38717731	38717893	162
LG1	38718391	38718643	252
LG1	38719082	38719186	104
LG1	38719462	38719589	127
LG1	38726393	38726611	218
LG1	38740855	38740942	87
LG1	38743176	38743308	132
LG1	38745049	38745374	325
LG1	38747074	38747146	72
LG1	38754545	38754607	62
LG1	38754681	38754937	256
LG1	38763594	38763776	182
LG1	38768976	38769104	128
LG1	38769957	38770131	174
LG1	38770840	38771084	244
LG1	38773173	38773276	103
LG1	38774782	38775113	331
LG1	38776941	38777120	179
LG1	38794432	38794527	95
LG1	38797310	38797496	186
LG1	38810380	38810680	300
LG1	38811057	38811172	115
LG1	38813046	38813148	102
LG1	38822831	38823003	172
LG1	38882763	38882838	75
LG1	38888658	38888784	126
LG1	38908730	38908872	142
LG1	38919775	38920192	417
LG1	38921188	38921373	185
LG1	38922059	38922669	610
LG1	38922752	38923021	269
LG1	38923077	38923319	242
LG1	38924384	38924749	365
LG1	38924872	38925266	394
LG1	38929013	38929097	84
LG1	38930373	38930612	239
LG1	38931469	38931671	202
LG1	38939170	38940029	859
LG1	38943403	38943471	68
LG1	38944169	38944369	200
LG1	38946442	38946595	153
LG1	38946737	38946933	196
LG1	38947512	38947659	147
LG1	38948493	38948864	371
LG1	38949101	38949202	101
LG1	38959055	38959176	121
LG1	38970777	38970835	58
LG1	38976121	38976254	133
LG1	38977301	38977622	321
LG1	38977623	38977991	368
LG1	38978326	38978563	237
LG1	38978706	38979211	505
LG1	38988445	38988888	443
LG1	38989139	38989220	81
LG1	38990318	38991046	728
LG1	38991112	38991614	502
LG1	38992027	38992401	374
LG1	38994625	38994869	244
LG1	38997102	38997225	123
LG1	39088425	39088496	71
LG1	39095807	39095928	121
LG1	39098423	39098528	105
LG1	39099707	39099848	141
LG1	39105105	39105178	73
LG1	39110733	39111072	339
LG1	39112712	39112961	249
LG1	39112964	39113124	160
LG1	39113191	39113328	137
LG1	39113391	39113777	386
LG1	39114349	39114921	572
LG1	39114997	39115620	623
LG1	39115738	39115811	73
LG1	39118133	39118295	162
LG1	39118976	39119140	164
LG1	39121323	39121711	388
LG1	39122473	39123135	662
LG1	39123782	39124043	261
LG1	39124090	39124301	211
LG1	39125763	39125906	143
LG1	39126065	39126239	174
LG1	39126340	39126438	98
LG1	39126587	39126707	120
LG1	39128141	39128662	521
LG1	39128720	39128830	110
LG1	39129169	39129263	94
LG1	39130961	39131336	375
LG1	39133390	39133463	73
LG1	39134390	39134574	184
LG1	39134693	39134850	157
LG1	39136197	39136432	235
LG1	39142693	39142974	281
LG1	39143943	39144024	81
LG1	39144147	39144335	188
LG1	39147367	39147594	227
LG1	39149095	39149221	126
LG1	39149322	39149577	255
LG1	39159393	39159841	448
LG1	39160163	39160574	411
LG1	39163729	39163969	240
LG1	39166914	39167196	282
LG1	39167718	39167853	135
LG1	39169348	39169478	130
LG1	39169663	39169884	221
LG1	39173960	39174116	156
LG1	39176367	39176536	169
LG1	39176701	39176926	225
LG1	39177464	39177772	308
LG1	39178419	39178562	143
LG1	39179392	39179695	303
LG1	39180860	39181161	301
LG1	39183514	39183705	191
LG1	39188283	39188549	266
LG1	39189442	39189896	454
LG1	39192111	39192726	615
LG1	39200781	39201211	430
LG1	39203213	39203763	550
LG1	39204081	39204120	39
LG1	39217504	39217893	389
LG1	39220432	39220486	54
LG1	39222520	39222846	326
LG1	39225553	39225861	308
LG1	39227298	39227472	174
LG1	39228400	39228503	103
LG1	39229291	39229345	54
LG1	39229425	39229695	270
LG1	39233490	39233788	298
LG1	39235146	39235348	202
LG1	39239406	39239619	213
LG1	39249642	39250476	834
LG1	39251330	39251471	141
LG1	39255371	39255613	242
LG1	39257223	39257296	73
LG1	39257983	39258590	607
LG1	39260604	39260726	122
LG1	39265563	39265694	131
LG1	39266135	39266472	337
LG1	39270585	39270804	219
LG1	39272385	39272549	164
LG1	39273193	39273340	147
LG1	39274697	39275268	571
LG1	39275850	39276017	167
LG1	39276581	39276751	170
LG1	39277607	39277948	341
LG1	39279237	39279489	252
LG1	39281670	39281916	246
LG1	39282869	39282962	93
LG1	39283853	39284130	277
LG1	39284224	39284298	74
LG1	39284382	39284483	101
LG1	39284564	39284628	64
LG1	39284692	39285019	327
LG1	39285063	39285210	147
LG1	39287720	39288171	451
LG1	39288395	39288521	126
LG1	39288883	39288962	79
LG1	39289030	39289166	136
LG1	39289399	39289585	186
LG1	39289645	39289810	165
LG1	39289924	39290037	113
LG1	39290092	39290243	151
LG1	39290351	39290454	103
LG1	39291168	39291311	143
LG1	39291373	39291562	189
LG1	39296005	39296174	169
LG1	39298925	39299001	76
LG1	39299188	39299317	129
LG1	39303121	39303321	200
LG1	39303377	39303522	145
LG1	39303649	39303799	150
LG1	39304793	39304900	107
LG1	39304952	39305306	354
LG1	39305453	39305896	443
LG1	39307420	39307531	111
LG1	39307533	39307782	249
LG1	39308116	39308472	356
LG1	39308522	39308602	80
LG1	39309149	39309294	145
LG1	39309500	39309608	108
LG1	39309734	39309860	126
LG1	39310962	39311053	91
LG1	39311118	39311220	102
LG1	39311294	39311584	290
LG1	39311706	39312016	310
LG1	39312574	39312855	281
LG1	39317010	39317098	88
LG1	39317327	39317606	279
LG1	39317643	39317891	248
LG1	39318530	39318667	137
LG1	39318955	39319147	192
LG1	39333824	39335098	1274
LG1	39341021	39341119	98
LG1	39345556	39345719	163
LG1	39345901	39346135	234
LG1	39346239	39346430	191
LG1	39346476	39346669	193
LG1	39349305	39349480	175
LG1	39350620	39350767	147
LG1	39352109	39352279	170
LG1	39352351	39352577	226
LG1	39353051	39353229	178
LG1	39354158	39354822	664
LG1	39357271	39357381	110
LG1	39358968	39359108	140
LG1	39362576	39362959	383
LG1	39364289	39364342	53
LG1	39366163	39366561	398
LG1	39367630	39367877	247
LG1	39371402	39371789	387
LG1	39372564	39372820	256
LG1	39372886	39373102	216
LG1	39373104	39373115	11
LG1	39373661	39373771	110
LG1	39374525	39374605	80
LG1	39375395	39375560	165
LG1	39376849	39377016	167
LG1	39377362	39377495	133
LG1	39378492	39378632	140
LG1	39378695	39378748	53
LG1	39380039	39380439	400
LG1	39381894	39382079	185
LG1	39384733	39384769	36
LG1	39387829	39387977	148
LG1	39389702	39390290	588
LG1	39393111	39393261	150
LG1	39394133	39394225	92
LG1	39404610	39404793	183
LG1	39405120	39405357	237
LG1	39410167	39410509	342
LG1	39410798	39411025	227
LG1	39411269	39411493	224
LG1	39413367	39413521	154
LG1	39413760	39413976	216
LG1	39414414	39414489	75
LG1	39415901	39416282	381
LG1	39416312	39416772	460
LG1	39416812	39416961	149
LG1	39419258	39419680	422
LG1	39420705	39420977	272
LG1	39421091	39421173	82
LG1	39422747	39423130	383
LG1	39423430	39423605	175
LG1	39424758	39424966	208
LG1	39425932	39426073	141
LG1	39426181	39426503	322
LG1	39426581	39426759	178
LG1	39427432	39427628	196
LG1	39427768	39428185	417
LG1	39428758	39428866	108
LG1	39428904	39428992	88
LG1	39429181	39429449	268
LG1	39429510	39429925	415
LG1	39431082	39431190	108
LG1	39431318	39431428	110
LG1	39432564	39432728	164
LG1	39432813	39433099	286
LG1	39433108	39433242	134
LG1	39433429	39433528	99
LG1	39434035	39434257	222
LG1	39434266	39434524	258
LG1	39445187	39445460	273
LG1	39446024	39446155	131
LG1	39456942	39457248	306
LG1	39458213	39458393	180
LG1	39463287	39463723	436
LG1	39463791	39464135	344
LG1	39464352	39464718	366
LG1	39466533	39466571	38
LG1	39467400	39467570	170
LG1	39469818	39469991	173
LG1	39470000	39470426	426
LG1	39471464	39471634	170
LG1	39473233	39473829	596
LG1	39474057	39474614	557
LG1	39475053	39475140	87
LG1	39475189	39475427	238
LG1	39475514	39475716	202
LG1	39475908	39476285	377
LG1	39477397	39477565	168
LG1	39477690	39478061	371
LG1	39481034	39481898	864
LG1	39484279	39484463	184
LG1	39493411	39496361	2950
LG1	39496849	39497441	592
LG1	39498765	39499439	674
LG1	39500230	39500762	532
LG1	39502543	39502972	429
LG1	39505841	39507652	1811
LG1	39507691	39507774	83
LG1	39509179	39509414	235
LG1	39509459	39510195	736
LG1	39511013	39511806	793
LG1	39511930	39512685	755
LG1	39513142	39513665	523
LG1	39516545	39516853	308
LG1	39517195	39518326	1131
LG1	39518444	39518703	259
LG1	39519655	39520027	372
LG1	39522204	39522935	731
LG1	39523877	39524366	489
LG1	39529039	39531694	2655
LG1	39533734	39534139	405
LG1	39535819	39536061	242
LG1	39536101	39536198	97
LG1	39536565	39536608	43
LG1	39537534	39538082	548
LG1	39538830	39538970	140
LG1	39539478	39540352	874
LG1	39541184	39542390	1206
LG1	39544880	39545288	408
LG1	39547699	39547988	289
LG1	39549239	39550322	1083
LG1	39552199	39552265	66
LG1	39552305	39553175	870
LG1	39554677	39555441	764
LG1	39557334	39558421	1087
LG1	39560133	39560946	813
LG1	39561628	39562811	1183
LG1	39563722	39564075	353
LG1	39564220	39564454	234
LG1	39565123	39567641	2518
LG1	39568674	39569898	1224
LG1	39573637	39573732	95
LG1	39575661	39576082	421
LG1	39576607	39577093	486
LG1	39578565	39579213	648
LG1	39579215	39579916	701
LG1	39581516	39582795	1279
LG1	39582879	39583114	235
LG1	39583139	39583349	210
LG1	39583868	39584332	464
LG1	39585137	39585675	538
LG1	39586290	39588323	2033
LG1	39589497	39590503	1006
LG1	39592565	39592777	212
LG1	39592889	39593260	371
LG1	39594562	39595148	586
LG1	39596606	39598207	1601
LG1	39599798	39600085	287
LG1	39600148	39601181	1033
LG1	39601324	39602557	1233
LG1	39605184	39608023	2839
LG1	39608152	39608420	268
LG1	39609735	39610541	806
LG1	39610602	39611717	1115
LG1	39611936	39612173	237
LG1	39613057	39613209	152
LG1	39614134	39614632	498
LG1	39615428	39617506	2078
LG1	39620755	39621364	609
LG1	39623413	39623568	155
LG1	39623709	39624627	918
LG1	39627105	39627343	238
LG1	39627688	39627743	55
LG1	39629151	39630386	1235
LG1	39631579	39632036	457
LG1	39632117	39632869	752
LG1	39632887	39633402	515
LG1	39633479	39633551	72
LG1	39635988	39636541	553
LG1	39636610	39637323	713
LG1	39639022	39641194	2172
LG1	39642335	39642831	496
LG1	39642863	39643725	862
LG1	39644600	39645501	901
LG1	39645559	39646000	441
LG1	39647944	39648345	401
LG1	39648562	39649745	1183
LG1	39650395	39650820	425
LG1	39650848	39651502	654
LG1	39651593	39651906	313
LG1	39652277	39652543	266
LG1	39652658	39653851	1193
LG1	39653901	39654444	543
LG1	39654625	39655701	1076
LG1	39656334	39656924	590
LG1	39657396	39657543	147
LG1	39658201	39658622	421
LG1	39658846	39659250	404
LG1	39659879	39660271	392
LG1	39660280	39661907	1627
LG1	39662580	39663315	735
LG1	39663342	39663394	52
LG1	39663406	39663926	520
LG1	39664836	39665440	604
LG1	39665502	39666698	1196
LG1	39667288	39668141	853
LG1	39668299	39668351	52
LG1	39668507	39668833	326
LG1	39670445	39671219	774
LG1	39671508	39671971	463
LG1	39673326	39673650	324
LG1	39674460	39675943	1483
LG1	39676540	39676636	96
LG1	39676997	39678013	1016
LG1	39679101	39679449	348
LG1	39679513	39679725	212
LG1	39680717	39680922	205
LG1	39681062	39682434	1372
LG1	39683570	39684079	509
LG1	39684080	39684880	800
LG1	39686015	39686355	340
LG1	39686520	39686630	110
LG1	39686728	39687695	967
LG1	39688418	39689156	738
LG1	39689858	39690257	399
LG1	39691029	39691409	380
LG1	39691817	39692941	1124
LG1	39693041	39693665	624
LG1	39693862	39694683	821
LG1	39694698	39695252	554
LG1	39695811	39696188	377
LG1	39696317	39696616	299
LG1	39697404	39697602	198
LG1	39698576	39699070	494
LG1	39699278	39699525	247
LG1	39699638	39701048	1410
LG1	39701967	39702134	167
LG1	39704698	39705128	430
LG1	39705927	39707008	1081
LG1	39707427	39707974	547
LG1	39708248	39709551	1303
LG1	39709603	39711087	1484
LG1	39712857	39713524	667
LG1	39713609	39714422	813
LG1	39716993	39717959	966
LG1	39719337	39719510	173
LG1	39719567	39719782	215
LG1	39721148	39721677	529
LG1	39722052	39722054	2
LG1	39722424	39723125	701
LG1	39723222	39723451	229
LG1	39724186	39724485	299
LG1	39724967	39725861	894
LG1	39727020	39727186	166
LG1	39727313	39727792	479
LG1	39728064	39728479	415
LG1	39728550	39729746	1196
LG1	39729806	39730022	216
LG1	39730645	39732092	1447
LG1	39732517	39732631	114
LG1	39732730	39732968	238
LG1	39734660	39736636	1976
LG1	39737146	39737777	631
LG1	39738018	39739962	1944
LG1	39740987	39742331	1344
LG1	39742651	39745012	2361
LG1	39745739	39746808	1069
LG1	39746900	39748299	1399
LG1	39749190	39751577	2387
LG1	39751762	39752030	268
LG1	39752254	39752641	387
LG1	39753133	39754025	892
LG1	39754033	39754440	407
LG1	39754538	39756370	1832
LG1	39756491	39756502	11
LG1	39756688	39757198	510
LG1	39758688	39760498	1810
LG1	39760560	39761446	886
LG1	39761454	39761609	155
LG1	39761650	39762378	728
LG1	39763955	39764463	508
LG1	39765695	39766384	689
LG1	39766460	39767520	1060
LG1	39767560	39769147	1587
LG1	39769183	39769710	527
LG1	39769784	39771390	1606
LG1	39772401	39773146	745
LG1	39774355	39774768	413
LG1	39775812	39777043	1231
LG1	39777083	39777705	622
LG1	39778507	39779676	1169
LG1	39781247	39786536	5289
LG1	39786798	39786857	59
LG1	39787711	39788720	1009
LG1	39788956	39789163	207
LG1	39789802	39790189	387
LG1	39791018	39793719	2701
LG1	39794082	39795520	1438
LG1	39795544	39795737	193
LG1	39797055	39797360	305
LG1	39797443	39798195	752
LG1	39798317	39799578	1261
LG1	39800300	39800761	461
LG1	39801156	39801324	168
LG1	39801333	39801446	113
LG1	39803448	39804220	772
LG1	39804291	39804337	46
LG1	39804507	39804896	389
LG1	39807899	39808045	146
LG1	39808062	39808282	220
LG1	39809594	39809906	312
LG1	39810720	39811546	826
LG1	39812616	39813227	611
LG1	39813879	39814479	600
LG1	39815472	39815821	349
LG1	39818057	39818646	589
LG1	39819456	39820781	1325
LG1	39821623	39821860	237
LG1	39821955	39822341	386
LG1	39823880	39824426	546
LG1	39825491	39825647	156
LG1	39825749	39826333	584
LG1	39826579	39827653	1074
LG1	39829023	39829190	167
LG1	39830821	39831454	633
LG1	39832016	39832148	132
LG1	39832777	39833157	380
LG1	39837683	39838084	401
LG1	39839279	39839378	99
LG1	39839657	39839807	150
LG1	39841919	39842082	163
LG1	39843440	39844654	1214
LG1	39845158	39845337	179
LG1	39845543	39845865	322
LG1	39845952	39846273	321
LG1	39846748	39848067	1319
LG1	39851309	39851952	643
LG1	39858433	39858661	228
LG1	39858794	39859712	918
LG1	39863565	39864029	464
LG1	39865594	39865943	349
LG1	39866646	39866910	264
LG1	39866984	39867311	327
LG1	39872605	39872770	165
LG1	39873021	39873266	245
LG1	39877528	39878048	520
LG1	39884866	39885602	736
LG1	39886753	39887057	304
LG1	39887464	39887959	495
LG1	39888559	39889244	685
LG1	39890556	39890836	280
LG1	39890873	39891637	764
LG1	39891945	39892454	509
LG1	39893677	39894528	851
LG1	39895530	39896070	540
LG1	39899644	39900217	573
LG1	39902803	39903175	372
LG1	39904336	39904632	296
LG1	39905779	39906091	312
LG1	39907542	39908250	708
LG1	39908457	39908587	130
LG1	39913164	39914063	899
LG1	39916490	39916692	202
LG1	39918824	39919698	874
LG1	39924665	39925429	764
LG1	39926750	39927863	1113
LG1	39930756	39931182	426
LG1	39933084	39933251	167
LG1	39940589	39941513	924
LG1	39942964	39943635	671
LG1	39944512	39944818	306
LG1	39950117	39950292	175
LG1	39951120	39952089	969
LG1	39952101	39952372	271
LG1	39953237	39953610	373
LG1	39954139	39954370	231
LG1	39954662	39954868	206
LG1	39956383	39957290	907
LG1	39959337	39960018	681
LG1	39961687	39962126	439
LG1	39966358	39966739	381
LG1	39967363	39967623	260
LG1	39967722	39968202	480
LG1	39979221	39979391	170
LG1	39983972	39984209	237
LG1	39986088	39986276	188
LG1	39986767	39987210	443
LG1	39989568	39990290	722
LG1	39994642	39994752	110
LG1	39994819	39995617	798
LG1	39997560	39998249	689
LG1	40000663	40001450	787
LG1	40002169	40002430	261
LG1	40002572	40003127	555
LG1	40003836	40004560	724
LG1	40006845	40008111	1266
LG1	40008703	40008859	156
LG1	40014079	40014378	299
LG1	40015398	40015750	352
LG1	40016750	40016989	239
LG1	40018169	40018489	320
LG1	40018632	40018886	254
LG1	40021587	40027011	5424
LG1	40027769	40028712	943
LG1	40028955	40029277	322
LG1	40029356	40029582	226
LG1	40032148	40032338	190
LG1	40033523	40033782	259
LG1	40034243	40035424	1181
LG1	40037047	40037323	276
LG1	40038134	40038299	165
LG1	40038313	40038461	148
LG1	40039266	40039324	58
LG1	40039398	40039570	172
LG1	40041916	40042510	594
LG1	40043326	40043466	140
LG1	40043660	40043664	4
LG1	40043715	40043904	189
LG1	40044980	40045838	858
LG1	40046462	40046808	346
LG1	40047321	40047845	524
LG1	40049864	40050123	259
LG1	40050218	40050282	64
LG1	40050509	40050943	434
LG1	40051101	40051372	271
LG1	40051956	40052446	490
LG1	40052456	40052866	410
LG1	40053097	40053282	185
LG1	40055073	40055431	358
LG1	40056520	40057246	726
LG1	40062607	40062820	213
LG1	40063785	40064179	394
LG1	40064789	40065302	513
LG1	40065826	40066153	327
LG1	40066277	40066723	446
LG1	40068836	40069086	250
LG1	40069448	40069516	68
LG1	40070042	40070771	729
LG1	40070775	40070839	64
LG1	40070995	40071046	51
LG1	40073473	40073846	373
LG1	40074033	40074351	318
LG1	40076866	40077676	810
LG1	40077732	40078177	445
LG1	40079767	40080054	287
LG1	40082347	40083491	1144
LG1	40083526	40083589	63
LG1	40091903	40092345	442
LG1	40094831	40096084	1253
LG1	40097202	40097479	277
LG1	40100329	40100875	546
LG1	40101298	40101783	485
LG1	40104470	40106036	1566
LG1	40107515	40108117	602
LG1	40108265	40108681	416
LG1	40109794	40110770	976
LG1	40112578	40112828	250
LG1	40113273	40113774	501
LG1	40114970	40115215	245
LG1	40115657	40116105	448
LG1	40116286	40116603	317
LG1	40117202	40117261	59
LG1	40117316	40117728	412
LG1	40118502	40118687	185
LG1	40121868	40122480	612
LG1	40124913	40125213	300
LG1	40126765	40127534	769
LG1	40128607	40129031	424
LG1	40129123	40129206	83
LG1	40130282	40130870	588
LG1	40134698	40135085	387
LG1	40137917	40138761	844
LG1	40141013	40141588	575
LG1	40142273	40142613	340
LG1	40143724	40144043	319
LG1	40145014	40145521	507
LG1	40146870	40146999	129
LG1	40150754	40151092	338
LG1	40151691	40152577	886
LG1	40153174	40153708	534
LG1	40154209	40155129	920
LG1	40156307	40156907	600
LG1	40157046	40157526	480
LG1	40158383	40158619	236
LG1	40161709	40162864	1155
LG1	40163659	40164261	602
LG1	40167655	40167950	295
LG1	40168680	40169545	865
LG1	40172083	40172686	603
LG1	40173238	40173591	353
LG1	40175236	40176705	1469
LG1	40180057	40180159	102
LG1	40180772	40181678	906
LG1	40182957	40183056	99
LG1	40185366	40186306	940
LG1	40197836	40199023	1187
LG1	40199106	40199326	220
LG1	40200035	40200158	123
LG1	40200719	40201068	349
LG1	40201961	40202912	951
LG1	40204904	40205539	635
LG1	40211224	40211414	190
LG1	40213402	40213963	561
LG1	40213964	40214158	194
LG1	40219396	40219859	463
LG1	40220731	40220987	256
LG1	40224446	40224895	449
LG1	40225820	40226069	249
LG1	40231188	40231409	221
LG1	40235989	40236111	122
LG1	40236180	40236807	627
LG1	40252404	40253526	1122
LG1	40253648	40254199	551
LG1	40254227	40254330	103
LG1	40255249	40256153	904
LG1	40256223	40257478	1255
LG1	40261776	40262661	885
LG1	40279669	40279981	312
LG1	40281240	40281800	560
LG1	40283675	40284189	514
LG1	40285206	40285828	622
LG1	40326195	40326926	731
LG1	40342863	40343295	432
LG1	40347250	40347854	604
LG1	40348814	40349597	783
LG1	40354832	40355312	480
LG1	40355679	40355857	178
LG1	40360987	40361652	665
LG1	40370852	40371074	222
LG1	40371293	40371408	115
LG1	40371512	40371747	235
LG1	40373208	40374211	1003
LG1	40378812	40379599	787
LG1	40387032	40387300	268
LG1	40395874	40395998	124
LG1	40396235	40396427	192
LG1	40407380	40407642	262
LG1	40409003	40409552	549
LG1	40411123	40411328	205
LG1	40411350	40411580	230
LG1	40412109	40412799	690
LG1	40413749	40413907	158
LG1	40417205	40417282	77
LG1	40423398	40423732	334
LG1	40423952	40424376	424
LG1	40424716	40425067	351
LG1	40431326	40431463	137
LG1	40431572	40432099	527
LG1	40449280	40449627	347
LG1	40455845	40455981	136
LG1	40456089	40456615	526
LG1	40472671	40472988	317
LG1	40473920	40475153	1233
LG1	40486636	40487499	863
LG1	40489070	40489275	205
LG1	40489297	40489526	229
LG1	40490054	40490744	690
LG1	40491693	40491851	158
LG1	40524261	40524848	587
LG1	40525381	40527050	1669
LG1	40527470	40528156	686
LG1	40529078	40529747	669
LG1	40529853	40530702	849
LG1	40531590	40532230	640
LG1	40534844	40535289	445
LG1	40538928	40539226	298
LG1	40540114	40540475	361
LG1	40541547	40542423	876
LG1	40548192	40548567	375
LG1	40548568	40549766	1198
LG1	40557938	40558151	213
LG1	40590328	40590627	299
LG1	40598805	40599285	480
LG1	40602762	40603435	673
LG1	40603520	40603800	280
LG1	40604208	40604655	447
LG1	40604664	40604810	146
LG1	40604812	40604867	55
LG1	40604951	40605248	297
LG1	40605285	40611431	6146
LG1	40612884	40612931	47
LG1	40613031	40613473	442
LG1	40634448	40635404	956
LG1	40636941	40637546	605
LG1	40645937	40647170	1233
LG1	40648100	40648417	317
LG1	40664314	40665058	744
LG1	40671196	40671527	331
LG1	40671900	40672319	419
LG1	40672515	40672876	361
