LG2	13828	14344	516
LG2	15244	15983	739
LG2	23856	23987	131
LG2	23992	25700	1708
LG2	25810	25930	120
LG2	26029	26081	52
LG2	26422	27413	991
LG2	27683	28880	1197
LG2	29056	29100	44
LG2	29363	29740	377
LG2	30517	30603	86
LG2	30609	30839	230
LG2	30907	30978	71
LG2	32708	33028	320
LG2	49773	50085	312
LG2	50145	50357	212
LG2	58079	58788	709
LG2	63069	63919	850
LG2	68516	69568	1052
LG2	70962	71494	532
LG2	86415	86841	426
LG2	90417	91543	1126
LG2	94983	95470	487
LG2	95910	96001	91
LG2	97006	97514	508
LG2	99603	99930	327
LG2	101324	101839	515
LG2	108833	109789	956
LG2	131131	131471	340
LG2	134235	134555	320
LG2	134924	135334	410
LG2	135500	135755	255
LG2	135938	136050	112
LG2	138254	138535	281
LG2	140006	140425	419
LG2	158874	159113	239
LG2	159134	159186	52
LG2	159250	159358	108
LG2	159408	160023	615
LG2	160083	161261	1178
LG2	161831	162110	279
LG2	164869	165200	331
LG2	165245	165571	326
LG2	169415	170038	623
LG2	170087	170450	363
LG2	170842	171581	739
LG2	171669	172119	450
LG2	175399	176380	981
LG2	183584	184500	916
LG2	190872	191947	1075
LG2	192500	192603	103
LG2	201643	202100	457
LG2	203054	203363	309
LG2	203403	203799	396
LG2	213507	213843	336
LG2	214288	214375	87
LG2	216932	217534	602
LG2	219629	220699	1070
LG2	220726	221049	323
LG2	222441	223696	1255
LG2	223714	223828	114
LG2	225578	226462	884
LG2	233798	233950	152
LG2	252393	252628	235
LG2	252951	253389	438
LG2	254613	254886	273
LG2	261454	261927	473
LG2	267958	268460	502
LG2	268619	268809	190
LG2	272129	272282	153
LG2	277431	277517	86
LG2	280069	280521	452
LG2	285812	286117	305
LG2	286858	287285	427
LG2	287349	287750	401
LG2	313351	313503	152
LG2	313697	313791	94
LG2	316054	316540	486
LG2	323143	324062	919
LG2	326256	327503	1247
LG2	337449	337982	533
LG2	346003	346242	239
LG2	353232	353604	372
LG2	353707	354343	636
LG2	356366	356723	357
LG2	373250	373835	585
LG2	394318	395161	843
LG2	400648	400783	135
LG2	401964	402076	112
LG2	403554	403793	239
LG2	407621	407823	202
LG2	411609	411708	99
LG2	414632	415154	522
LG2	415185	415644	459
LG2	423475	424620	1145
LG2	428650	429374	724
LG2	441111	441611	500
LG2	477009	477336	327
LG2	486250	486314	64
LG2	486317	486630	313
LG2	494612	495705	1093
LG2	498526	499120	594
LG2	520585	520743	158
LG2	522874	523259	385
LG2	529340	529662	322
LG2	530443	530865	422
LG2	546666	546782	116
LG2	552810	553297	487
LG2	553301	553365	64
LG2	562222	562355	133
LG2	564717	565635	918
LG2	565658	566183	525
LG2	569462	569872	410
LG2	570270	570383	113
LG2	577380	577468	88
LG2	580107	580612	505
LG2	585537	585652	115
LG2	588623	589037	414
LG2	589197	589584	387
LG2	616383	616789	406
LG2	658690	659846	1156
LG2	663494	664556	1062
LG2	672447	672809	362
LG2	677266	677675	409
LG2	682952	683097	145
LG2	683184	683407	223
LG2	683800	684741	941
LG2	719672	719887	215
LG2	738398	738861	463
LG2	742885	743111	226
LG2	743257	743691	434
LG2	743711	743958	247
LG2	744273	744354	81
LG2	746473	747150	677
LG2	747301	747424	123
LG2	749444	749823	379
LG2	759892	760127	235
LG2	760564	760732	168
LG2	772750	773049	299
LG2	780199	781182	983
LG2	781339	781967	628
LG2	782396	783539	1143
LG2	783668	783732	64
LG2	788539	788588	49
LG2	800207	800438	231
LG2	800834	801649	815
LG2	801671	801899	228
LG2	807519	807734	215
LG2	811634	812343	709
LG2	813626	813781	155
LG2	816377	816646	269
LG2	818208	818478	270
LG2	826522	826623	101
LG2	826925	827184	259
LG2	828000	828287	287
LG2	830461	831157	696
LG2	855491	855718	227
LG2	861187	861444	257
LG2	866033	866814	781
LG2	873228	873457	229
LG2	873519	874159	640
LG2	933186	933336	150
LG2	936302	937820	1518
LG2	938021	938521	500
LG2	939617	940198	581
LG2	940265	940380	115
LG2	942101	946147	4046
LG2	946886	947071	185
LG2	947510	947722	212
LG2	947832	947984	152
LG2	953797	954930	1133
LG2	955059	956423	1364
LG2	956449	957066	617
LG2	958118	958891	773
LG2	959013	959144	131
LG2	959367	959557	190
LG2	960941	961646	705
LG2	966278	966372	94
LG2	966702	967214	512
LG2	967222	967386	164
LG2	978089	978314	225
LG2	985910	986942	1032
LG2	1001658	1001922	264
LG2	1007298	1007791	493
LG2	1009127	1009439	312
LG2	1010435	1010527	92
LG2	1012886	1013388	502
LG2	1014524	1015114	590
LG2	1018885	1019957	1072
LG2	1023436	1023636	200
LG2	1035560	1036424	864
LG2	1044007	1044204	197
LG2	1044342	1044572	230
LG2	1051790	1051918	128
LG2	1053377	1053684	307
LG2	1053725	1053903	178
LG2	1055558	1056244	686
LG2	1056727	1057095	368
LG2	1058073	1058232	159
LG2	1060515	1061290	775
LG2	1061769	1062423	654
LG2	1081233	1081359	126
LG2	1087083	1087631	548
LG2	1096986	1097281	295
LG2	1106093	1106181	88
LG2	1106740	1107264	524
LG2	1111720	1112029	309
LG2	1116431	1117009	578
LG2	1118601	1119284	683
LG2	1139653	1140124	471
LG2	1143082	1143401	319
LG2	1143434	1143637	203
LG2	1156611	1157306	695
LG2	1159808	1159993	185
LG2	1160002	1160399	397
LG2	1160402	1160904	502
LG2	1161160	1161891	731
LG2	1172727	1173582	855
LG2	1174182	1174316	134
LG2	1176378	1176504	126
LG2	1176516	1177187	671
LG2	1177363	1177912	549
LG2	1177925	1178114	189
LG2	1178137	1178255	118
LG2	1178493	1178605	112
LG2	1178627	1179034	407
LG2	1179097	1179146	49
LG2	1181790	1182101	311
LG2	1193904	1194012	108
LG2	1199137	1199603	466
LG2	1203698	1203941	243
LG2	1206168	1206486	318
LG2	1206613	1206719	106
LG2	1206958	1206988	30
LG2	1207116	1207478	362
LG2	1207927	1208200	273
LG2	1209126	1209251	125
LG2	1209588	1209786	198
LG2	1210926	1211256	330
LG2	1218448	1218525	77
LG2	1227018	1227197	179
LG2	1227330	1227443	113
LG2	1227708	1228486	778
LG2	1228704	1229721	1017
LG2	1229724	1230052	328
LG2	1230611	1230813	202
LG2	1231191	1231593	402
LG2	1242027	1242571	544
LG2	1245132	1245204	72
LG2	1256681	1257247	566
LG2	1260102	1260310	208
LG2	1260349	1260445	96
LG2	1261106	1261210	104
LG2	1274934	1275469	535
LG2	1286997	1287107	110
LG2	1292977	1293057	80
LG2	1306673	1306800	127
LG2	1318025	1318232	207
LG2	1325811	1326852	1041
LG2	1345630	1345731	101
LG2	1345737	1345847	110
LG2	1345900	1347182	1282
LG2	1347232	1348056	824
LG2	1348068	1348106	38
LG2	1348360	1348595	235
LG2	1348641	1348956	315
LG2	1350507	1350628	121
LG2	1350685	1350846	161
LG2	1352352	1352460	108
LG2	1356825	1357344	519
LG2	1358424	1358501	77
LG2	1364159	1364405	246
LG2	1366410	1366693	283
LG2	1368823	1368938	115
LG2	1369548	1369698	150
LG2	1370196	1370732	536
LG2	1372376	1372575	199
LG2	1373304	1373407	103
LG2	1373749	1373898	149
LG2	1374490	1374634	144
LG2	1376520	1376663	143
LG2	1379007	1379317	310
LG2	1382241	1382541	300
LG2	1400828	1401379	551
LG2	1403273	1403581	308
LG2	1410975	1411273	298
LG2	1414332	1414655	323
LG2	1416026	1416333	307
LG2	1441089	1441446	357
LG2	1459020	1459403	383
LG2	1466926	1467289	363
LG2	1471854	1471975	121
LG2	1480610	1480778	168
LG2	1490806	1491960	1154
LG2	1495969	1496056	87
LG2	1499694	1500307	613
LG2	1500407	1501018	611
LG2	1508113	1508241	128
LG2	1509773	1510141	368
LG2	1515253	1515361	108
LG2	1525471	1525825	354
LG2	1525876	1525938	62
LG2	1533293	1533656	363
LG2	1538514	1538859	345
LG2	1545920	1546026	106
LG2	1553206	1554323	1117
LG2	1558414	1558551	137
LG2	1562771	1562895	124
LG2	1566458	1566987	529
LG2	1571630	1572168	538
LG2	1574310	1574856	546
LG2	1574949	1575315	366
LG2	1575632	1576416	784
LG2	1576429	1576730	301
LG2	1584139	1584674	535
LG2	1587991	1588171	180
LG2	1590850	1590949	99
LG2	1590977	1591310	333
LG2	1591413	1591507	94
LG2	1595756	1595871	115
LG2	1597494	1597915	421
LG2	1606271	1606794	523
LG2	1606864	1607268	404
LG2	1608486	1608753	267
LG2	1610514	1610759	245
LG2	1611483	1611954	471
LG2	1633294	1633496	202
LG2	1643515	1644098	583
LG2	1657165	1657588	423
LG2	1663516	1663765	249
LG2	1663778	1664153	375
LG2	1669536	1669695	159
LG2	1674156	1674866	710
LG2	1678291	1678448	157
LG2	1678506	1678876	370
LG2	1679287	1680209	922
LG2	1680337	1680671	334
LG2	1680692	1680843	151
LG2	1683465	1683972	507
LG2	1686124	1686820	696
LG2	1686852	1688920	2068
LG2	1688925	1688978	53
LG2	1689742	1690219	477
LG2	1698444	1698972	528
LG2	1701611	1701693	82
LG2	1704722	1704831	109
LG2	1706166	1706767	601
LG2	1738232	1740418	2186
LG2	1764059	1770423	6364
LG2	1770426	1770772	346
LG2	1772763	1772866	103
LG2	1778063	1778546	483
LG2	1779177	1779948	771
LG2	1779958	1780791	833
LG2	1784600	1784889	289
LG2	1786541	1787604	1063
LG2	1787763	1788212	449
LG2	1791273	1791523	250
LG2	1791579	1792240	661
LG2	1800858	1801413	555
LG2	1805740	1806201	461
LG2	1811242	1811744	502
LG2	1812461	1812816	355
LG2	1814604	1814735	131
LG2	1814744	1814977	233
LG2	1822335	1822667	332
LG2	1827343	1827497	154
LG2	1838680	1839782	1102
LG2	1841426	1842752	1326
LG2	1842914	1843110	196
LG2	1843548	1843994	446
LG2	1844221	1844735	514
LG2	1845858	1847209	1351
LG2	1849884	1850169	285
LG2	1850562	1850607	45
LG2	1850686	1851290	604
LG2	1851410	1851781	371
LG2	1851870	1852106	236
LG2	1852652	1856215	3563
LG2	1860740	1861421	681
LG2	1882500	1882622	122
LG2	1884403	1884706	303
LG2	1886730	1887316	586
LG2	1889287	1889706	419
LG2	1890682	1890956	274
LG2	1893155	1893344	189
LG2	1893807	1893961	154
LG2	1911981	1912305	324
LG2	1912359	1912542	183
LG2	1914848	1915338	490
LG2	1922893	1923255	362
LG2	1938644	1938717	73
LG2	1938798	1938873	75
LG2	1953283	1953377	94
LG2	1967413	1967795	382
LG2	1967883	1968081	198
LG2	1970702	1970845	143
LG2	1975144	1975392	248
LG2	1975398	1975509	111
LG2	2005273	2006271	998
LG2	2006679	2007060	381
LG2	2015417	2015952	535
LG2	2025234	2025602	368
LG2	2026545	2027972	1427
LG2	2028169	2028499	330
LG2	2028625	2028678	53
LG2	2051355	2051544	189
LG2	2051562	2051679	117
LG2	2052285	2052413	128
LG2	2076041	2077839	1798
LG2	2104221	2104413	192
LG2	2104418	2104547	129
LG2	2104609	2104810	201
LG2	2105139	2105838	699
LG2	2109558	2109635	77
LG2	2114675	2114889	214
LG2	2119066	2119841	775
LG2	2122754	2122893	139
LG2	2125727	2125957	230
LG2	2131360	2131450	90
LG2	2131483	2131616	133
LG2	2131680	2132441	761
LG2	2132657	2132802	145
LG2	2133825	2134311	486
LG2	2134841	2134997	156
LG2	2135312	2135464	152
LG2	2135837	2135989	152
LG2	2136288	2136438	150
LG2	2137616	2137827	211
LG2	2137900	2138073	173
LG2	2139492	2139648	156
LG2	2141420	2141503	83
LG2	2141913	2142134	221
LG2	2142469	2142595	126
LG2	2143984	2144435	451
LG2	2144782	2144999	217
LG2	2145119	2145636	517
LG2	2145884	2146061	177
LG2	2146072	2146515	443
LG2	2147171	2147552	381
LG2	2148009	2148211	202
LG2	2149100	2149309	209
LG2	2152843	2153017	174
LG2	2153774	2153872	98
LG2	2157619	2157920	301
LG2	2158102	2158364	262
LG2	2158727	2160033	1306
LG2	2162370	2162656	286
LG2	2163582	2163716	134
LG2	2164029	2164236	207
LG2	2165307	2165525	218
LG2	2166158	2166425	267
LG2	2166556	2166699	143
LG2	2168840	2169106	266
LG2	2169255	2169388	133
LG2	2170127	2170261	134
LG2	2170399	2170578	179
LG2	2170833	2170960	127
LG2	2174071	2174299	228
LG2	2174752	2174887	135
LG2	2175881	2176162	281
LG2	2177059	2177276	217
LG2	2177328	2177930	602
LG2	2184374	2184959	585
LG2	2188489	2188721	232
LG2	2190431	2190612	181
LG2	2191394	2192058	664
LG2	2192207	2193201	994
LG2	2205010	2205177	167
LG2	2207210	2207377	167
LG2	2208141	2208372	231
LG2	2209356	2209646	290
LG2	2211377	2211490	113
LG2	2213025	2213160	135
LG2	2213552	2213605	53
LG2	2213913	2213960	47
LG2	2213994	2214192	198
LG2	2214753	2214942	189
LG2	2215404	2215966	562
LG2	2216164	2216295	131
LG2	2216671	2216858	187
LG2	2217514	2217839	325
LG2	2218140	2218423	283
LG2	2218907	2219014	107
LG2	2221813	2222313	500
LG2	2226340	2226387	47
LG2	2226508	2226769	261
LG2	2227491	2227824	333
LG2	2230819	2231467	648
LG2	2234494	2234655	161
LG2	2237295	2237467	172
LG2	2239223	2239653	430
LG2	2239741	2239904	163
LG2	2241350	2241486	136
LG2	2243698	2244709	1011
LG2	2254033	2254267	234
LG2	2254532	2255060	528
LG2	2255418	2255872	454
LG2	2258451	2258576	125
LG2	2259291	2259385	94
LG2	2261380	2261528	148
LG2	2261847	2262268	421
LG2	2265503	2266090	587
LG2	2268491	2268878	387
LG2	2271265	2271665	400
LG2	2271681	2271899	218
LG2	2272677	2272781	104
LG2	2273732	2274038	306
LG2	2277731	2277983	252
LG2	2280952	2281110	158
LG2	2282808	2283171	363
LG2	2284540	2284748	208
LG2	2284950	2285163	213
LG2	2285198	2285581	383
LG2	2286635	2286750	115
LG2	2286990	2287155	165
LG2	2287268	2287759	491
LG2	2288735	2288965	230
LG2	2291371	2291503	132
LG2	2291589	2292605	1016
LG2	2295034	2295189	155
LG2	2295291	2295442	151
LG2	2296448	2296659	211
LG2	2297677	2297847	170
LG2	2301139	2301272	133
LG2	2302810	2303494	684
LG2	2315286	2315390	104
LG2	2328279	2329114	835
LG2	2332295	2333091	796
LG2	2333273	2333426	153
LG2	2333656	2333810	154
LG2	2333996	2334128	132
LG2	2334342	2334543	201
LG2	2338396	2339042	646
LG2	2346231	2346353	122
LG2	2346454	2346707	253
LG2	2348997	2349260	263
LG2	2350928	2351250	322
LG2	2351346	2351623	277
LG2	2351991	2352218	227
LG2	2356036	2357835	1799
LG2	2358789	2358966	177
LG2	2359559	2360330	771
LG2	2364496	2364764	268
LG2	2365017	2365070	53
LG2	2369293	2369552	259
LG2	2376741	2376869	128
LG2	2376907	2377156	249
LG2	2388291	2389374	1083
LG2	2406632	2407822	1190
LG2	2412432	2412642	210
LG2	2415032	2415434	402
LG2	2420194	2420350	156
LG2	2420583	2420722	139
LG2	2422380	2424833	2453
LG2	2433716	2434650	934
LG2	2435463	2435810	347
LG2	2435990	2436113	123
LG2	2436481	2436519	38
LG2	2436776	2437502	726
LG2	2441625	2441856	231
LG2	2447974	2448203	229
LG2	2457271	2457411	140
LG2	2460521	2461012	491
LG2	2466936	2467106	170
LG2	2468742	2468913	171
LG2	2469412	2469770	358
LG2	2472560	2472699	139
LG2	2474288	2475699	1411
LG2	2476081	2476098	17
LG2	2476248	2476948	700
LG2	2479626	2479726	100
LG2	2480131	2480281	150
LG2	2481806	2481966	160
LG2	2483024	2483322	298
LG2	2485706	2485818	112
LG2	2487849	2488579	730
LG2	2504375	2504554	179
LG2	2505503	2505669	166
LG2	2506090	2506393	303
LG2	2506622	2507065	443
LG2	2507686	2507901	215
LG2	2511744	2512243	499
LG2	2512377	2512568	191
LG2	2512936	2513176	240
LG2	2514499	2514639	140
LG2	2517939	2518044	105
LG2	2518430	2519044	614
LG2	2519085	2519279	194
LG2	2535854	2536064	210
LG2	2536253	2536491	238
LG2	2537780	2537981	201
LG2	2538046	2538161	115
LG2	2538835	2539727	892
LG2	2540779	2540910	131
LG2	2540970	2541150	180
LG2	2556589	2557127	538
LG2	2557201	2557423	222
LG2	2562233	2562737	504
LG2	2567992	2568370	378
LG2	2569615	2569746	131
LG2	2570358	2570913	555
LG2	2571605	2571780	175
LG2	2572162	2572620	458
LG2	2578040	2578448	408
LG2	2578771	2579038	267
LG2	2580289	2580435	146
LG2	2587412	2587583	171
LG2	2588158	2588357	199
LG2	2632787	2632800	13
LG2	2632815	2633089	274
LG2	2635572	2635652	80
LG2	2639761	2640082	321
LG2	2648807	2649058	251
LG2	2662740	2662858	118
LG2	2666399	2667437	1038
LG2	2667548	2667776	228
LG2	2684183	2684460	277
LG2	2693451	2693968	517
LG2	2696450	2696761	311
LG2	2698161	2698361	200
LG2	2702738	2703065	327
LG2	2714928	2715290	362
LG2	2716144	2716426	282
LG2	2734855	2735196	341
LG2	2742181	2742415	234
LG2	2743900	2743976	76
LG2	2743983	2744174	191
LG2	2745031	2745377	346
LG2	2745855	2746653	798
LG2	2746815	2748429	1614
LG2	2757613	2757697	84
LG2	2757872	2759520	1648
LG2	2759566	2759981	415
LG2	2801839	2802402	563
LG2	2809110	2809175	65
LG2	2809198	2809520	322
LG2	2833663	2833748	85
LG2	2835685	2835909	224
LG2	2851366	2851673	307
LG2	2893672	2893908	236
LG2	2894439	2894618	179
LG2	2915162	2915418	256
LG2	2916240	2916301	61
LG2	2916458	2916583	125
LG2	2917864	2917978	114
LG2	2918238	2918371	133
LG2	2924600	2924704	104
LG2	2945525	2945732	207
LG2	2948925	2948977	52
LG2	2949348	2949546	198
LG2	2949733	2949818	85
LG2	2953155	2953229	74
LG2	2964833	2965061	228
LG2	2966057	2966337	280
LG2	2972173	2972275	102
LG2	2972497	2972688	191
LG2	2974688	2974830	142
LG2	2983682	2983902	220
LG2	2985354	2985491	137
LG2	2987377	2987508	131
LG2	2988903	2989000	97
LG2	2989390	2989470	80
LG2	2990546	2990621	75
LG2	2990687	2990931	244
LG2	2993371	2993434	63
LG2	2993467	2993554	87
LG2	2994323	2994555	232
LG2	2994556	2994649	93
LG2	2997963	2998084	121
LG2	2999283	2999449	166
LG2	2999797	2999880	83
LG2	3000344	3000474	130
LG2	3012083	3012513	430
LG2	3015634	3015762	128
LG2	3017264	3017517	253
LG2	3018049	3018613	564
LG2	3021242	3021438	196
LG2	3021537	3021908	371
LG2	3024492	3024639	147
LG2	3026168	3026270	102
LG2	3026382	3026530	148
LG2	3027819	3028314	495
LG2	3028324	3028770	446
LG2	3028829	3028954	125
LG2	3029646	3029725	79
LG2	3029795	3030437	642
LG2	3030522	3030672	150
LG2	3030762	3030960	198
LG2	3031291	3031432	141
LG2	3031601	3031933	332
LG2	3032018	3032157	139
LG2	3032182	3032533	351
LG2	3032627	3034645	2018
LG2	3034728	3035291	563
LG2	3035447	3035970	523
LG2	3036248	3036312	64
LG2	3037613	3037747	134
LG2	3039007	3039204	197
LG2	3050619	3050859	240
LG2	3056087	3056162	75
LG2	3056200	3056402	202
LG2	3056498	3056661	163
LG2	3057883	3057982	99
LG2	3058186	3058470	284
LG2	3059666	3059788	122
LG2	3059808	3060045	237
LG2	3060990	3061158	168
LG2	3061161	3061324	163
LG2	3061346	3061481	135
LG2	3061570	3061736	166
LG2	3063130	3063270	140
LG2	3063714	3063829	115
LG2	3065871	3066067	196
LG2	3066175	3066459	284
LG2	3066720	3066931	211
LG2	3067160	3067481	321
LG2	3068249	3068349	100
LG2	3070207	3070339	132
LG2	3071142	3071252	110
LG2	3071760	3071853	93
LG2	3072020	3072281	261
LG2	3072533	3072929	396
LG2	3073719	3074186	467
LG2	3074187	3074275	88
LG2	3074296	3074307	11
LG2	3074430	3074438	8
LG2	3074578	3074702	124
LG2	3076188	3076362	174
LG2	3076392	3076604	212
LG2	3077332	3077411	79
LG2	3078591	3079042	451
LG2	3079135	3079430	295
LG2	3079787	3079955	168
LG2	3080189	3080542	353
LG2	3088223	3088864	641
LG2	3088915	3089235	320
LG2	3089362	3089827	465
LG2	3090077	3090569	492
LG2	3090572	3090945	373
LG2	3102164	3102422	258
LG2	3102571	3102810	239
LG2	3102835	3106007	3172
LG2	3144684	3145363	679
LG2	3148234	3148877	643
LG2	3150195	3150372	177
LG2	3152265	3152445	180
LG2	3153686	3153840	154
LG2	3157196	3157296	100
LG2	3164690	3164778	88
LG2	3166143	3166424	281
LG2	3181588	3182226	638
LG2	3186453	3186619	166
LG2	3187782	3187845	63
LG2	3196809	3196917	108
LG2	3208801	3209612	811
LG2	3211158	3211898	740
LG2	3212028	3212944	916
LG2	3215459	3216104	645
LG2	3228236	3228599	363
LG2	3235234	3235543	309
LG2	3235714	3236055	341
LG2	3240749	3240880	131
LG2	3240990	3241249	259
LG2	3241311	3242092	781
LG2	3244870	3245406	536
LG2	3245540	3245934	394
LG2	3249172	3249319	147
LG2	3252213	3252510	297
LG2	3253335	3253641	306
LG2	3259552	3259704	152
LG2	3260131	3260372	241
LG2	3263343	3263728	385
LG2	3268588	3269191	603
LG2	3271160	3271397	237
LG2	3280920	3281228	308
LG2	3281409	3281723	314
LG2	3282157	3282750	593
LG2	3285580	3285837	257
LG2	3286352	3286517	165
LG2	3296548	3296886	338
LG2	3298967	3299180	213
LG2	3299184	3299288	104
LG2	3301726	3301841	115
LG2	3301913	3302005	92
LG2	3302500	3302852	352
LG2	3309727	3309903	176
LG2	3309997	3310108	111
LG2	3311065	3311381	316
LG2	3311571	3311804	233
LG2	3315710	3315975	265
LG2	3319261	3319678	417
LG2	3319689	3319692	3
LG2	3320351	3320443	92
LG2	3323240	3323536	296
LG2	3323883	3323931	48
LG2	3326289	3326730	441
LG2	3328426	3328754	328
LG2	3336565	3336778	213
LG2	3346777	3347126	349
LG2	3350357	3350472	115
LG2	3350474	3350591	117
LG2	3351263	3351610	347
LG2	3352779	3352943	164
LG2	3353004	3353257	253
LG2	3353281	3353475	194
LG2	3354936	3355161	225
LG2	3355342	3355456	114
LG2	3355921	3356694	773
LG2	3363951	3364532	581
LG2	3374699	3375002	303
LG2	3377037	3377141	104
LG2	3377246	3377645	399
LG2	3379191	3379408	217
LG2	3381681	3382532	851
LG2	3382654	3382792	138
LG2	3408541	3409020	479
LG2	3409432	3410051	619
LG2	3410081	3410226	145
LG2	3422952	3423583	631
LG2	3423864	3424065	201
LG2	3425990	3426156	166
LG2	3426343	3426684	341
LG2	3428514	3428786	272
LG2	3428928	3429198	270
LG2	3430139	3430268	129
LG2	3433400	3433886	486
LG2	3434019	3434709	690
LG2	3435134	3435253	119
LG2	3435850	3436375	525
LG2	3436574	3436817	243
LG2	3438704	3443206	4502
LG2	3443221	3443238	17
LG2	3443771	3443833	62
LG2	3446088	3446202	114
LG2	3446494	3446799	305
LG2	3452701	3453087	386
LG2	3453098	3453269	171
LG2	3457484	3458420	936
LG2	3462661	3463027	366
LG2	3465145	3465229	84
LG2	3465440	3466005	565
LG2	3471180	3472022	842
LG2	3473778	3473977	199
LG2	3476265	3476463	198
LG2	3496954	3497434	480
LG2	3504973	3505208	235
LG2	3509216	3509744	528
LG2	3509782	3510324	542
LG2	3515514	3516365	851
LG2	3518837	3519827	990
LG2	3519984	3520363	379
LG2	3523049	3523519	470
LG2	3531564	3531864	300
LG2	3535775	3536262	487
LG2	3538479	3538953	474
LG2	3538990	3539146	156
LG2	3545203	3545462	259
LG2	3549199	3549510	311
LG2	3554715	3555309	594
LG2	3568722	3569281	559
LG2	3571839	3572100	261
LG2	3574414	3574743	329
LG2	3574867	3575460	593
LG2	3581430	3581912	482
LG2	3588613	3589007	394
LG2	3593770	3593857	87
LG2	3594116	3594186	70
LG2	3595605	3595955	350
LG2	3598964	3599206	242
LG2	3603064	3603629	565
LG2	3603865	3604077	212
LG2	3612839	3613288	449
LG2	3613395	3613992	597
LG2	3618958	3619680	722
LG2	3623586	3623700	114
LG2	3626873	3627061	188
LG2	3627248	3627293	45
LG2	3636209	3636526	317
LG2	3636767	3637230	463
LG2	3637274	3637674	400
LG2	3643276	3643477	201
LG2	3645501	3646054	553
LG2	3653732	3654145	413
LG2	3655006	3655293	287
LG2	3658230	3658602	372
LG2	3660518	3660596	78
LG2	3660597	3660772	175
LG2	3662841	3663166	325
LG2	3663338	3663391	53
LG2	3664924	3666331	1407
LG2	3666883	3667739	856
LG2	3670598	3670743	145
LG2	3670894	3671255	361
LG2	3679542	3679823	281
LG2	3682156	3682282	126
LG2	3686098	3686259	161
LG2	3689109	3689176	67
LG2	3689818	3690167	349
LG2	3690660	3691058	398
LG2	3695978	3696258	280
LG2	3699550	3700423	873
LG2	3701668	3701736	68
LG2	3702241	3702716	475
LG2	3709993	3710104	111
LG2	3710485	3710629	144
LG2	3711124	3711424	300
LG2	3712046	3712247	201
LG2	3712294	3712685	391
LG2	3716683	3717534	851
LG2	3717648	3717776	128
LG2	3719758	3719901	143
LG2	3720716	3720867	151
LG2	3722146	3722506	360
LG2	3722545	3722689	144
LG2	3722698	3722986	288
LG2	3723973	3724121	148
LG2	3725284	3725489	205
LG2	3725494	3725580	86
LG2	3728507	3728920	413
LG2	3732572	3733138	566
LG2	3733333	3733480	147
LG2	3735246	3735628	382
LG2	3736035	3736184	149
LG2	3736188	3736263	75
LG2	3736286	3737127	841
LG2	3737455	3737752	297
LG2	3744972	3745599	627
LG2	3747170	3747729	559
LG2	3753553	3753976	423
LG2	3754403	3754782	379
LG2	3766247	3766918	671
LG2	3769091	3769141	50
LG2	3774985	3775140	155
LG2	3776702	3776823	121
LG2	3779987	3780160	173
LG2	3781299	3781494	195
LG2	3785430	3785524	94
LG2	3785525	3785754	229
LG2	3834588	3834990	402
LG2	3855274	3855638	364
LG2	3860845	3861180	335
LG2	3865865	3865985	120
LG2	3869771	3870169	398
LG2	3882290	3882356	66
LG2	3887993	3888416	423
LG2	3888793	3888945	152
LG2	3889012	3889623	611
LG2	3889928	3890479	551
LG2	3890930	3891235	305
LG2	3891255	3891980	725
LG2	3892069	3892287	218
LG2	3893388	3893521	133
LG2	3893543	3893713	170
LG2	3893767	3894039	272
LG2	3894558	3894666	108
LG2	3894797	3895054	257
LG2	3895484	3895565	81
LG2	3895609	3895773	164
LG2	3895898	3896443	545
LG2	3896475	3896651	176
LG2	3905461	3908802	3341
LG2	3925159	3925383	224
LG2	3926812	3926887	75
LG2	3926919	3926998	79
LG2	3981884	3982087	203
LG2	4026878	4026961	83
LG2	4042789	4043040	251
LG2	4043266	4043682	416
LG2	4047206	4047670	464
LG2	4098634	4098993	359
LG2	4099043	4099109	66
LG2	4101047	4101351	304
LG2	4141258	4141439	181
LG2	4141472	4141878	406
LG2	4153950	4154075	125
LG2	4154092	4154175	83
LG2	4160321	4160564	243
LG2	4160828	4160885	57
LG2	4160905	4160961	56
LG2	4171944	4171985	41
LG2	4179505	4179869	364
LG2	4179881	4180980	1099
LG2	4181177	4184931	3754
LG2	4184939	4185015	76
LG2	4197516	4198057	541
LG2	4198169	4198306	137
LG2	4250365	4250538	173
LG2	4268688	4268863	175
LG2	4278317	4278709	392
LG2	4278780	4279034	254
LG2	4279061	4279425	364
LG2	4279786	4280076	290
LG2	4299816	4300407	591
LG2	4323104	4323720	616
LG2	4329804	4329917	113
LG2	4337661	4338087	426
LG2	4338386	4338776	390
LG2	4363426	4364058	632
LG2	4373919	4374082	163
LG2	4374083	4374696	613
LG2	4377950	4378000	50
LG2	4378013	4378314	301
LG2	4390118	4390738	620
LG2	4398932	4399629	697
LG2	4402201	4403684	1483
LG2	4403806	4403998	192
LG2	4404316	4404504	188
LG2	4406127	4406452	325
LG2	4409950	4410295	345
LG2	4413641	4413760	119
LG2	4416364	4416479	115
LG2	4419856	4420259	403
LG2	4424981	4425780	799
LG2	4425923	4426291	368
LG2	4426634	4426805	171
LG2	4429230	4429392	162
LG2	4429770	4430750	980
LG2	4437790	4438068	278
LG2	4443814	4444293	479
LG2	4444887	4445395	508
LG2	4447347	4447785	438
LG2	4447805	4448505	700
LG2	4452245	4453135	890
LG2	4459770	4459832	62
LG2	4460623	4461424	801
LG2	4461508	4461755	247
LG2	4462518	4462670	152
LG2	4462692	4462802	110
LG2	4463423	4463604	181
LG2	4463634	4463832	198
LG2	4464012	4464367	355
LG2	4482269	4482449	180
LG2	4490185	4490621	436
LG2	4490643	4496713	6070
LG2	4511148	4511617	469
LG2	4521531	4521791	260
LG2	4521811	4521866	55
LG2	4523220	4523664	444
LG2	4523765	4523980	215
LG2	4525720	4526306	586
LG2	4543978	4545089	1111
LG2	4546624	4547028	404
LG2	4550607	4551893	1286
LG2	4552710	4553119	409
LG2	4557737	4558247	510
LG2	4569476	4569799	323
LG2	4569886	4569930	44
LG2	4569966	4571401	1435
LG2	4574118	4574237	119
LG2	4575021	4575704	683
LG2	4583895	4584113	218
LG2	4585939	4586085	146
LG2	4587077	4587783	706
LG2	4587791	4587887	96
LG2	4590631	4591233	602
LG2	4610127	4610233	106
LG2	4616041	4616340	299
LG2	4616356	4617235	879
LG2	4625338	4625683	345
LG2	4642670	4643111	441
LG2	4643608	4643990	382
LG2	4644244	4645023	779
LG2	4645118	4645462	344
LG2	4649500	4649698	198
LG2	4649733	4649905	172
LG2	4654157	4654250	93
LG2	4657500	4657700	200
LG2	4657812	4657982	170
LG2	4670544	4670618	74
LG2	4673539	4673677	138
LG2	4691670	4691792	122
LG2	4695708	4696133	425
LG2	4698125	4700491	2366
LG2	4707210	4707595	385
LG2	4709684	4712050	2366
LG2	4716961	4717289	328
LG2	4719872	4720397	525
LG2	4723615	4724749	1134
LG2	4725364	4725431	67
LG2	4727010	4727182	172
LG2	4729260	4729399	139
LG2	4730282	4730357	75
LG2	4730624	4730811	187
LG2	4750420	4750674	254
LG2	4752023	4752239	216
LG2	4756340	4756508	168
LG2	4757112	4757202	90
LG2	4758098	4758334	236
LG2	4760421	4760770	349
LG2	4762015	4762222	207
LG2	4763576	4763712	136
LG2	4765431	4765589	158
LG2	4765689	4765824	135
LG2	4766319	4766424	105
LG2	4767518	4767689	171
LG2	4769218	4769338	120
LG2	4772844	4772973	129
LG2	4773279	4773453	174
LG2	4773659	4773901	242
LG2	4775529	4775660	131
LG2	4777801	4778092	291
LG2	4779899	4780305	406
LG2	4788207	4789065	858
LG2	4789089	4789225	136
LG2	4789770	4790159	389
LG2	4791866	4792016	150
LG2	4792141	4792300	159
LG2	4792322	4792545	223
LG2	4792640	4793045	405
LG2	4793356	4794000	644
LG2	4795716	4796124	408
LG2	4796318	4796897	579
LG2	4797004	4797416	412
LG2	4805784	4806321	537
LG2	4806557	4806857	300
LG2	4807040	4807295	255
LG2	4811012	4811290	278
LG2	4812107	4812393	286
LG2	4815536	4816134	598
LG2	4817935	4818090	155
LG2	4822755	4823074	319
LG2	4826342	4826661	319
LG2	4827979	4828114	135
LG2	4833828	4834106	278
LG2	4834970	4835144	174
LG2	4838972	4839361	389
LG2	4841005	4841097	92
LG2	4842240	4842459	219
LG2	4842742	4842902	160
LG2	4843368	4843464	96
LG2	4843597	4843745	148
LG2	4844422	4844722	300
LG2	4844904	4845038	134
LG2	4845782	4845906	124
LG2	4847119	4847243	124
LG2	4848903	4849036	133
LG2	4850400	4850606	206
LG2	4851644	4851800	156
LG2	4852793	4852906	113
LG2	4853276	4853746	470
LG2	4854034	4854560	526
LG2	4855361	4855434	73
LG2	4856915	4857091	176
LG2	4861875	4861971	96
LG2	4863551	4865466	1915
LG2	4867488	4867599	111
LG2	4870597	4870824	227
LG2	4871691	4871818	127
LG2	4871917	4872223	306
LG2	4874207	4874435	228
LG2	4880559	4880643	84
LG2	4882779	4882834	55
LG2	4883377	4883928	551
LG2	4888174	4889297	1123
LG2	4889434	4889639	205
LG2	4889724	4889806	82
LG2	4889945	4890250	305
LG2	4891327	4891682	355
LG2	4892021	4892150	129
LG2	4892294	4892445	151
LG2	4892881	4893069	188
LG2	4893291	4893749	458
LG2	4894044	4894176	132
LG2	4895037	4895280	243
LG2	4895323	4895425	102
LG2	4895615	4895769	154
LG2	4896068	4896158	90
LG2	4896323	4896482	159
LG2	4896682	4896915	233
LG2	4897235	4897384	149
LG2	4897424	4897657	233
LG2	4897730	4897897	167
LG2	4897929	4898101	172
LG2	4898143	4898522	379
LG2	4898947	4899503	556
LG2	4899566	4899848	282
LG2	4900117	4900729	612
LG2	4902613	4902660	47
LG2	4903785	4903966	181
LG2	4904080	4904312	232
LG2	4904943	4905148	205
LG2	4905440	4905612	172
LG2	4907456	4907605	149
LG2	4907918	4908076	158
LG2	4908472	4908606	134
LG2	4910398	4910528	130
LG2	4911005	4911087	82
LG2	4911126	4911514	388
LG2	4912743	4912907	164
LG2	4913962	4914078	116
LG2	4914740	4914968	228
LG2	4917365	4917499	134
LG2	4917615	4917744	129
LG2	4917828	4917924	96
LG2	4918002	4918324	322
LG2	4918702	4918762	60
LG2	4918951	4919102	151
LG2	4919279	4919453	174
LG2	4919605	4919778	173
LG2	4919858	4920067	209
LG2	4922758	4922873	115
LG2	4925644	4925825	181
LG2	4926368	4926581	213
LG2	4927058	4927215	157
LG2	4927368	4927916	548
LG2	4928525	4928675	150
LG2	4929294	4929439	145
LG2	4931830	4932764	934
LG2	4933705	4934023	318
LG2	4934499	4935249	750
LG2	4935851	4936338	487
LG2	4937199	4938213	1014
LG2	4939300	4939974	674
LG2	4940624	4940950	326
LG2	4942567	4943423	856
LG2	4944003	4944365	362
LG2	4946955	4947188	233
LG2	4947485	4947657	172
LG2	4947792	4947984	192
LG2	4948048	4948193	145
LG2	4952093	4952234	141
LG2	4952239	4952877	638
LG2	4953587	4953784	197
LG2	4954635	4954762	127
LG2	4967656	4968894	1238
LG2	4973033	4973800	767
LG2	4973868	4974593	725
LG2	4974918	4976085	1167
LG2	4976284	4977076	792
LG2	4977448	4977746	298
LG2	4978223	4978647	424
LG2	4980445	4980676	231
LG2	4980918	4981446	528
LG2	4981801	4981837	36
LG2	4982025	4982474	449
LG2	4984138	4984411	273
LG2	4988320	4988655	335
LG2	4989294	4989565	271
LG2	4990889	4991207	318
LG2	4992650	4992996	346
LG2	4997332	4997570	238
LG2	4997639	4997848	209
LG2	5000335	5000927	592
LG2	5002858	5003110	252
LG2	5003167	5003616	449
LG2	5005180	5005468	288
LG2	5008013	5008345	332
LG2	5008398	5009041	643
LG2	5031121	5031664	543
LG2	5031823	5032366	543
LG2	5033350	5033902	552
LG2	5036334	5036817	483
LG2	5041854	5042467	613
LG2	5047148	5047387	239
LG2	5060525	5062366	1841
LG2	5068490	5070346	1856
LG2	5134366	5134747	381
LG2	5135261	5136134	873
LG2	5136224	5136292	68
LG2	5138164	5138260	96
LG2	5139331	5140089	758
LG2	5145604	5146494	890
LG2	5147532	5148090	558
LG2	5149596	5150231	635
LG2	5173517	5173659	142
LG2	5173673	5174363	690
LG2	5181606	5181668	62
LG2	5181898	5182127	229
LG2	5188713	5188824	111
LG2	5193044	5193251	207
LG2	5195227	5195340	113
LG2	5196255	5196409	154
LG2	5196581	5196747	166
LG2	5196996	5197115	119
LG2	5198663	5198821	158
LG2	5201229	5201270	41
LG2	5201495	5201639	144
LG2	5202888	5203065	177
LG2	5203647	5203784	137
LG2	5204466	5204927	461
LG2	5205070	5206022	952
LG2	5207323	5207448	125
LG2	5207906	5208353	447
LG2	5209375	5209877	502
LG2	5215961	5216109	148
LG2	5244425	5244542	117
LG2	5270856	5271444	588
LG2	5271725	5271904	179
LG2	5276467	5276778	311
LG2	5290024	5290063	39
LG2	5290065	5290418	353
LG2	5300878	5301486	608
LG2	5306060	5306558	498
LG2	5316625	5318648	2023
LG2	5321071	5321514	443
LG2	5323312	5323570	258
LG2	5329161	5329431	270
LG2	5331579	5331804	225
LG2	5337421	5337609	188
LG2	5340008	5340275	267
LG2	5345817	5346105	288
LG2	5348239	5348552	313
LG2	5357476	5357728	252
LG2	5367701	5367917	216
LG2	5367989	5368429	440
LG2	5369919	5370379	460
LG2	5383244	5383539	295
LG2	5388383	5388518	135
LG2	5391945	5392616	671
LG2	5403104	5403295	191
LG2	5404361	5404734	373
LG2	5411056	5415301	4245
LG2	5418120	5418649	529
LG2	5418652	5420603	1951
LG2	5428927	5429645	718
LG2	5433460	5433838	378
LG2	5444520	5445452	932
LG2	5447324	5448256	932
LG2	5456151	5457135	984
LG2	5484489	5485183	694
LG2	5487549	5487853	304
LG2	5498458	5498564	106
LG2	5524157	5524457	300
LG2	5529949	5530292	343
LG2	5530370	5530435	65
LG2	5533104	5533639	535
LG2	5549005	5549852	847
LG2	5550222	5550359	137
LG2	5558883	5559101	218
LG2	5566873	5567796	923
LG2	5577322	5577552	230
LG2	5579583	5580078	495
LG2	5584890	5585050	160
LG2	5587698	5587783	85
LG2	5589757	5590244	487
LG2	5594206	5594849	643
LG2	5602141	5602494	353
LG2	5605885	5605943	58
LG2	5606128	5606374	246
LG2	5606604	5606912	308
LG2	5606913	5606979	66
LG2	5612424	5612661	237
LG2	5612707	5613060	353
LG2	5614901	5615487	586
LG2	5618104	5618492	388
LG2	5622018	5622425	407
LG2	5633284	5633394	110
LG2	5633521	5633888	367
LG2	5648362	5648758	396
LG2	5650447	5650696	249
LG2	5650917	5651079	162
LG2	5651239	5651341	102
LG2	5651550	5651616	66
LG2	5652336	5652490	154
LG2	5655322	5655476	154
LG2	5656174	5656252	78
LG2	5656461	5656563	102
LG2	5656723	5656885	162
LG2	5657104	5657432	328
LG2	5673506	5674165	659
LG2	5674927	5675257	330
LG2	5675302	5675456	154
LG2	5675463	5675526	63
LG2	5675541	5676145	604
LG2	5676899	5677650	751
LG2	5686751	5688194	1443
LG2	5688235	5688442	207
LG2	5692790	5692963	173
LG2	5715233	5715502	269
LG2	5716991	5717449	458
LG2	5733117	5733437	320
LG2	5786887	5786993	106
LG2	5799274	5799524	250
LG2	5799688	5800792	1104
LG2	5800795	5800971	176
LG2	5802126	5802603	477
LG2	5803617	5804529	912
LG2	5826576	5826862	286
LG2	5834250	5834474	224
LG2	5838184	5838956	772
LG2	5842563	5842618	55
LG2	5842661	5842929	268
LG2	5847232	5847460	228
LG2	5850259	5851003	744
LG2	5873367	5874168	801
LG2	5874715	5874942	227
LG2	5883722	5884166	444
LG2	5886723	5887074	351
LG2	5890119	5890453	334
LG2	5893636	5893914	278
LG2	5895912	5896343	431
LG2	5902122	5902372	250
LG2	5908263	5908390	127
LG2	5923195	5923537	342
LG2	5924766	5925595	829
LG2	5926504	5927018	514
LG2	5927251	5927561	310
LG2	5936128	5936701	573
LG2	5938695	5938976	281
LG2	5940191	5940345	154
LG2	5940569	5941034	465
LG2	5947861	5947932	71
LG2	5950044	5950778	734
LG2	5952340	5952613	273
LG2	5964441	5964722	281
LG2	5965868	5966846	978
LG2	5975264	5975503	239
LG2	5977320	5977694	374
LG2	6000704	6000825	121
LG2	6026180	6026553	373
LG2	6029207	6029333	126
LG2	6031534	6031663	129
LG2	6031762	6032058	296
LG2	6037224	6037451	227
LG2	6037722	6038082	360
LG2	6039606	6039645	39
LG2	6043841	6043988	147
LG2	6045310	6045412	102
LG2	6063594	6063773	179
LG2	6066526	6066786	260
LG2	6079042	6079308	266
LG2	6080697	6080881	184
LG2	6084856	6085001	145
LG2	6087067	6087307	240
LG2	6114804	6114949	145
LG2	6117454	6117712	258
LG2	6122196	6122575	379
LG2	6139688	6139764	76
LG2	6140793	6141871	1078
LG2	6151033	6151212	179
LG2	6154355	6154630	275
LG2	6156129	6156356	227
LG2	6156361	6156483	122
LG2	6158659	6159233	574
LG2	6168453	6168560	107
LG2	6170783	6170942	159
LG2	6171086	6171340	254
LG2	6173087	6173232	145
LG2	6173330	6173471	141
LG2	6173832	6174186	354
LG2	6175423	6175611	188
LG2	6175701	6175832	131
LG2	6175904	6176036	132
LG2	6176194	6176509	315
LG2	6181263	6181713	450
LG2	6181747	6181990	243
LG2	6182398	6182559	161
LG2	6182643	6182884	241
LG2	6183110	6183262	152
LG2	6183434	6183492	58
LG2	6184641	6184778	137
LG2	6185178	6185352	174
LG2	6185748	6185844	96
LG2	6185998	6186137	139
LG2	6186167	6186470	303
LG2	6187329	6187472	143
LG2	6187523	6187662	139
LG2	6187861	6187947	86
LG2	6188660	6189113	453
LG2	6190090	6190877	787
LG2	6193683	6193999	316
LG2	6194720	6194815	95
LG2	6197072	6197233	161
LG2	6199223	6199597	374
LG2	6202846	6202965	119
LG2	6206506	6206558	52
LG2	6206829	6207036	207
LG2	6208099	6208191	92
LG2	6211547	6211720	173
LG2	6213657	6213809	152
LG2	6213850	6213985	135
LG2	6214047	6214156	109
LG2	6217015	6217123	108
LG2	6217350	6217552	202
LG2	6219169	6219213	44
LG2	6219685	6219955	270
LG2	6220522	6220724	202
LG2	6221642	6221822	180
LG2	6223795	6224004	209
LG2	6225168	6225242	74
LG2	6237740	6238568	828
LG2	6239325	6239567	242
LG2	6251490	6252305	815
LG2	6256679	6256821	142
LG2	6272571	6272832	261
LG2	6280003	6280190	187
LG2	6286074	6286348	274
LG2	6287907	6288315	408
LG2	6288500	6289039	539
LG2	6295412	6295953	541
LG2	6295959	6296129	170
LG2	6297827	6297887	60
LG2	6298937	6299347	410
LG2	6300923	6301399	476
LG2	6304667	6304785	118
LG2	6306904	6307360	456
LG2	6307367	6307455	88
LG2	6309999	6310172	173
LG2	6311671	6311922	251
LG2	6311988	6312642	654
LG2	6312864	6312986	122
LG2	6313335	6313617	282
LG2	6317389	6317566	177
LG2	6317626	6317812	186
LG2	6318728	6318954	226
LG2	6319853	6319927	74
LG2	6325726	6326127	401
LG2	6327394	6327545	151
LG2	6330971	6331026	55
LG2	6331076	6331356	280
LG2	6333268	6333462	194
LG2	6336846	6337069	223
LG2	6339383	6339817	434
LG2	6342366	6346058	3692
LG2	6346896	6347698	802
LG2	6348302	6348454	152
LG2	6349557	6349725	168
LG2	6351576	6351836	260
LG2	6354257	6354437	180
LG2	6354494	6354640	146
LG2	6356102	6356324	222
LG2	6357117	6357441	324
LG2	6360774	6360928	154
LG2	6360935	6361064	129
LG2	6362614	6362840	226
LG2	6363302	6363389	87
LG2	6364493	6364975	482
LG2	6365049	6365339	290
LG2	6366206	6366529	323
LG2	6366570	6366673	103
LG2	6368726	6368841	115
LG2	6369388	6372702	3314
LG2	6372742	6373101	359
LG2	6374745	6374962	217
LG2	6378611	6378752	141
LG2	6378778	6379109	331
LG2	6381517	6381736	219
LG2	6388044	6388730	686
LG2	6388741	6388776	35
LG2	6389193	6389374	181
LG2	6391039	6391207	168
LG2	6394392	6394499	107
LG2	6394914	6395083	169
LG2	6398751	6398817	66
LG2	6435328	6435473	145
LG2	6435555	6435728	173
LG2	6435729	6435782	53
LG2	6435911	6436137	226
LG2	6436211	6437042	831
LG2	6437105	6437242	137
LG2	6437589	6437748	159
LG2	6437928	6438072	144
LG2	6438137	6438260	123
LG2	6438341	6438683	342
LG2	6438842	6439474	632
LG2	6447224	6448278	1054
LG2	6449135	6449295	160
LG2	6450214	6450302	88
LG2	6450396	6451987	1591
LG2	6453378	6454116	738
LG2	6454230	6454629	399
LG2	6455898	6456600	702
LG2	6461831	6461984	153
LG2	6462305	6462461	156
LG2	6462668	6462961	293
LG2	6463221	6463278	57
LG2	6463295	6463537	242
LG2	6463601	6463864	263
LG2	6463945	6464229	284
LG2	6466252	6466397	145
LG2	6466451	6466801	350
LG2	6468588	6468919	331
LG2	6469856	6470597	741
LG2	6471082	6471356	274
LG2	6471656	6472033	377
LG2	6473914	6474323	409
LG2	6476841	6477313	472
LG2	6478374	6478637	263
LG2	6479641	6480285	644
LG2	6481417	6481614	197
LG2	6484375	6484879	504
LG2	6486696	6486802	106
LG2	6486832	6486990	158
LG2	6488928	6489137	209
LG2	6492358	6492656	298
LG2	6493788	6493903	115
LG2	6497821	6498013	192
LG2	6499507	6500361	854
LG2	6500965	6501234	269
LG2	6501766	6501835	69
LG2	6502441	6502795	354
LG2	6507647	6508348	701
LG2	6511301	6511725	424
LG2	6515785	6515909	124
LG2	6516035	6516416	381
LG2	6516450	6516582	132
LG2	6520377	6520760	383
LG2	6521590	6522161	571
LG2	6523322	6523582	260
LG2	6524508	6524674	166
LG2	6527113	6527849	736
LG2	6528818	6530061	1243
LG2	6531852	6532037	185
LG2	6532112	6532355	243
LG2	6533382	6534258	876
LG2	6535247	6535603	356
LG2	6535688	6535797	109
LG2	6535854	6536038	184
LG2	6536855	6538016	1161
LG2	6538220	6538808	588
LG2	6539025	6539446	421
LG2	6539469	6540866	1397
LG2	6541169	6541621	452
LG2	6543423	6543514	91
LG2	6543624	6543771	147
LG2	6543821	6544406	585
LG2	6546117	6547234	1117
LG2	6548509	6548821	312
LG2	6549833	6550143	310
LG2	6552282	6552684	402
LG2	6554499	6554806	307
LG2	6558027	6558482	455
LG2	6559824	6559935	111
LG2	6561919	6562031	112
LG2	6562042	6562417	375
LG2	6562928	6562999	71
LG2	6563388	6563975	587
LG2	6565769	6566134	365
LG2	6566405	6566438	33
LG2	6566451	6566638	187
LG2	6567034	6567207	173
LG2	6568721	6568990	269
LG2	6570325	6570440	115
LG2	6570460	6572039	1579
LG2	6574420	6574684	264
LG2	6576872	6577023	151
LG2	6584738	6585120	382
LG2	6589540	6589777	237
LG2	6589793	6590155	362
LG2	6594008	6594332	324
LG2	6594447	6594561	114
LG2	6596965	6597128	163
LG2	6597289	6597699	410
LG2	6597747	6597981	234
LG2	6600001	6600744	743
LG2	6601217	6601448	231
LG2	6604116	6604206	90
LG2	6605779	6606347	568
LG2	6609408	6609540	132
LG2	6609846	6609913	67
LG2	6609997	6610380	383
LG2	6615261	6615571	310
LG2	6616666	6616916	250
LG2	6620511	6620583	72
LG2	6625884	6626113	229
LG2	6626208	6626601	393
LG2	6628070	6628212	142
LG2	6629701	6630105	404
LG2	6632357	6632693	336
LG2	6635692	6635721	29
LG2	6635879	6639183	3304
LG2	6639186	6642172	2986
LG2	6658858	6660784	1926
LG2	6660802	6661062	260
LG2	6672547	6673206	659
LG2	6675914	6676078	164
LG2	6677516	6678080	564
LG2	6683284	6683487	203
LG2	6684559	6684911	352
LG2	6699696	6699864	168
LG2	6701818	6701940	122
LG2	6702825	6703019	194
LG2	6703871	6704431	560
LG2	6708434	6708674	240
LG2	6708916	6709348	432
LG2	6711459	6712208	749
LG2	6714237	6714577	340
LG2	6717740	6717939	199
LG2	6717942	6717981	39
LG2	6718736	6719136	400
LG2	6721170	6721339	169
LG2	6722656	6723229	573
LG2	6723376	6723640	264
LG2	6723702	6723875	173
LG2	6723881	6724434	553
LG2	6724786	6725323	537
LG2	6730160	6730599	439
LG2	6731844	6732249	405
LG2	6732267	6732896	629
LG2	6736245	6736840	595
LG2	6739625	6740825	1200
LG2	6742762	6742992	230
LG2	6743115	6743493	378
LG2	6752286	6752336	50
LG2	6752676	6752939	263
LG2	6754731	6755013	282
LG2	6755445	6755692	247
LG2	6757525	6757919	394
LG2	6759720	6759843	123
LG2	6760111	6760507	396
LG2	6763846	6764362	516
LG2	6766501	6766710	209
LG2	6767133	6767313	180
LG2	6771056	6771315	259
LG2	6771522	6771854	332
LG2	6773203	6774224	1021
LG2	6777917	6778268	351
LG2	6779855	6780479	624
LG2	6780753	6780961	208
LG2	6781105	6781647	542
LG2	6782100	6782336	236
LG2	6783068	6783406	338
LG2	6787372	6787722	350
LG2	6787841	6788184	343
LG2	6790575	6791557	982
LG2	6792219	6792509	290
LG2	6794102	6794506	404
LG2	6795669	6796549	880
LG2	6798253	6798957	704
LG2	6800784	6802084	1300
LG2	6802415	6802910	495
LG2	6808250	6808521	271
LG2	6810978	6811520	542
LG2	6813473	6813802	329
LG2	6813814	6813875	61
LG2	6815342	6815700	358
LG2	6816398	6816767	369
LG2	6818695	6818981	286
LG2	6822174	6822542	368
LG2	6824151	6825075	924
LG2	6829620	6829804	184
LG2	6832010	6832446	436
LG2	6833753	6833795	42
LG2	6835708	6835880	172
LG2	6839636	6839950	314
LG2	6840889	6841266	377
LG2	6842184	6842662	478
LG2	6844595	6845147	552
LG2	6846166	6846619	453
LG2	6854608	6854720	112
LG2	6856140	6856479	339
LG2	6858523	6858718	195
LG2	6864343	6864510	167
LG2	6864619	6864693	74
LG2	6865115	6865198	83
LG2	6866618	6866704	86
LG2	6867196	6867346	150
LG2	6868544	6868836	292
LG2	6870635	6870940	305
LG2	6873486	6873671	185
LG2	6875021	6875156	135
LG2	6877700	6878367	667
LG2	6883564	6883899	335
LG2	6886617	6888455	1838
LG2	6888509	6888697	188
LG2	6889024	6889228	204
LG2	6890356	6890543	187
LG2	6890570	6890713	143
LG2	6890767	6890964	197
LG2	6891014	6891040	26
LG2	6891065	6891160	95
LG2	6891234	6891855	621
LG2	6894852	6896564	1712
LG2	6898853	6899041	188
LG2	6900998	6901207	209
LG2	6901756	6901957	201
LG2	6902259	6902374	115
LG2	6904005	6904606	601
LG2	6910315	6910406	91
LG2	6915256	6917504	2248
LG2	6917574	6917772	198
LG2	6920056	6920271	215
LG2	6920794	6921017	223
LG2	6921448	6922262	814
LG2	6924398	6924768	370
LG2	6927764	6927992	228
LG2	6928180	6928966	786
LG2	6929102	6929832	730
LG2	6930077	6932891	2814
LG2	6933602	6933810	208
LG2	6933957	6934184	227
LG2	6934823	6935040	217
LG2	6935200	6935264	64
LG2	6935417	6935504	87
LG2	6936786	6937129	343
LG2	6938575	6938680	105
LG2	6938784	6939003	219
LG2	6939407	6939532	125
LG2	6941104	6941284	180
LG2	6942782	6943155	373
LG2	6945836	6946060	224
LG2	6946231	6946432	201
LG2	6949135	6949506	371
LG2	6951740	6951976	236
LG2	6952463	6953144	681
LG2	6954272	6954599	327
LG2	6956029	6956484	455
LG2	6959051	6959165	114
LG2	6959895	6960223	328
LG2	6960702	6961092	390
LG2	6961714	6961883	169
LG2	6962491	6962652	161
LG2	6964390	6964598	208
LG2	6966110	6966349	239
LG2	6966519	6966678	159
LG2	6971096	6971352	256
LG2	6976232	6976419	187
LG2	6977282	6977567	285
LG2	6981322	6981406	84
LG2	6981925	6982200	275
LG2	6982986	6983172	186
LG2	6986787	6986941	154
LG2	6988235	6988374	139
LG2	6990974	6991274	300
LG2	6994252	6994529	277
LG2	6999738	6999884	146
LG2	7001101	7001386	285
LG2	7001400	7001513	113
LG2	7003474	7003765	291
LG2	7005947	7006386	439
LG2	7006461	7006581	120
LG2	7006701	7006883	182
LG2	7007364	7007582	218
LG2	7008903	7009066	163
LG2	7009630	7009858	228
LG2	7010325	7010399	74
LG2	7011123	7012178	1055
LG2	7012606	7012894	288
LG2	7013174	7013453	279
LG2	7013823	7014098	275
LG2	7014891	7015050	159
LG2	7015918	7016003	85
LG2	7016244	7016399	155
LG2	7017117	7017292	175
LG2	7017457	7017571	114
LG2	7019649	7019988	339
LG2	7021090	7021556	466
LG2	7021923	7022075	152
LG2	7022436	7022546	110
LG2	7022736	7022893	157
LG2	7023024	7023276	252
LG2	7023867	7024218	351
LG2	7024679	7024864	185
LG2	7028751	7028862	111
LG2	7034855	7035201	346
LG2	7035420	7035616	196
LG2	7035810	7035989	179
LG2	7036911	7037466	555
LG2	7040098	7040320	222
LG2	7040859	7041018	159
LG2	7041341	7041593	252
LG2	7042099	7042268	169
LG2	7042759	7042841	82
LG2	7044946	7045033	87
LG2	7045128	7045235	107
LG2	7045312	7045474	162
LG2	7061778	7061914	136
LG2	7062110	7062473	363
LG2	7062836	7062967	131
LG2	7083435	7085541	2106
LG2	7090114	7090275	161
LG2	7093125	7093233	108
LG2	7103617	7103818	201
LG2	7138556	7138723	167
LG2	7177680	7177825	145
LG2	7202942	7203002	60
LG2	7211330	7211538	208
LG2	7217258	7217322	64
LG2	7217379	7217445	66
LG2	7219919	7220144	225
LG2	7221378	7221494	116
LG2	7235229	7235861	632
LG2	7237307	7237516	209
LG2	7251652	7251751	99
LG2	7283464	7283543	79
LG2	7284791	7284987	196
LG2	7347805	7347943	138
LG2	7349790	7349865	75
LG2	7367932	7368043	111
LG2	7425192	7425718	526
LG2	7425926	7426045	119
LG2	7508007	7508080	73
LG2	7546212	7546274	62
LG2	7553349	7553422	73
LG2	7555919	7556097	178
LG2	7575439	7576218	779
LG2	7580579	7582798	2219
LG2	7602298	7602420	122
LG2	7602914	7602987	73
LG2	7616092	7616311	219
LG2	7637686	7637824	138
LG2	7651573	7652043	470
LG2	7653466	7653875	409
LG2	7655380	7655618	238
LG2	7657216	7657513	297
LG2	7660475	7660695	220
LG2	7660768	7661057	289
LG2	7661315	7661377	62
LG2	7662923	7663153	230
LG2	7663667	7663727	60
LG2	7665727	7666235	508
LG2	7666516	7666791	275
LG2	7667748	7668033	285
LG2	7669908	7670363	455
LG2	7671380	7671459	79
LG2	7671508	7672371	863
LG2	7674565	7675371	806
LG2	7675534	7675814	280
LG2	7677370	7677674	304
LG2	7677724	7678195	471
LG2	7679105	7679234	129
LG2	7679302	7679506	204
LG2	7679656	7679846	190
LG2	7680703	7681668	965
LG2	7683388	7683761	373
LG2	7684516	7685093	577
LG2	7685729	7686138	409
LG2	7691422	7691511	89
LG2	7692386	7692775	389
LG2	7692950	7693322	372
LG2	7693478	7693708	230
LG2	7694294	7694436	142
LG2	7694807	7695352	545
LG2	7696365	7696597	232
LG2	7697027	7697377	350
LG2	7698198	7699054	856
LG2	7699242	7699691	449
LG2	7699698	7699921	223
LG2	7700098	7700171	73
LG2	7700193	7700370	177
LG2	7702047	7702354	307
LG2	7702367	7702929	562
LG2	7704976	7705749	773
LG2	7706251	7706767	516
LG2	7708619	7709379	760
LG2	7710200	7710260	60
LG2	7711031	7711672	641
LG2	7711685	7711931	246
LG2	7713647	7714694	1047
LG2	7715337	7715786	449
LG2	7716789	7717017	228
LG2	7718934	7719610	676
LG2	7720723	7720863	140
LG2	7721733	7722238	505
LG2	7722449	7723775	1326
LG2	7725845	7726202	357
LG2	7727510	7728057	547
LG2	7728315	7728777	462
LG2	7730290	7730348	58
LG2	7731504	7732290	786
LG2	7733635	7734080	445
LG2	7734105	7734314	209
LG2	7735873	7736642	769
LG2	7738312	7738417	105
LG2	7738604	7739013	409
LG2	7739456	7739931	475
LG2	7742994	7743300	306
LG2	7744792	7745497	705
LG2	7745587	7745950	363
LG2	7747077	7747931	854
LG2	7748920	7749590	670
LG2	7751373	7751989	616
LG2	7752135	7752261	126
LG2	7755108	7756018	910
LG2	7756170	7756318	148
LG2	7757494	7757906	412
LG2	7758598	7759030	432
LG2	7759958	7761215	1257
LG2	7761800	7761856	56
LG2	7762430	7762936	506
LG2	7762966	7764260	1294
LG2	7764808	7764842	34
LG2	7765652	7766254	602
LG2	7767462	7767653	191
LG2	7767735	7768312	577
LG2	7770826	7770937	111
LG2	7771376	7771797	421
LG2	7772112	7772422	310
LG2	7772923	7773971	1048
LG2	7777741	7778510	769
LG2	7779102	7779434	332
LG2	7782389	7782881	492
LG2	7783799	7784336	537
LG2	7790837	7791218	381
LG2	7792821	7793000	179
LG2	7793992	7794270	278
LG2	7795000	7795502	502
LG2	7797514	7797662	148
LG2	7797847	7798356	509
LG2	7798744	7798946	202
LG2	7800394	7800923	529
LG2	7805999	7806467	468
LG2	7807458	7807620	162
LG2	7807780	7808118	338
LG2	7810546	7810725	179
LG2	7817924	7818653	729
LG2	7819099	7819864	765
LG2	7820076	7820128	52
LG2	7824307	7824364	57
LG2	7825207	7825249	42
LG2	7826524	7826791	267
LG2	7829326	7830098	772
LG2	7831730	7832337	607
LG2	7836631	7837078	447
LG2	7839853	7840561	708
LG2	7841767	7842070	303
LG2	7842941	7843251	310
LG2	7847386	7848165	779
LG2	7848778	7849160	382
LG2	7849336	7849612	276
LG2	7852586	7853263	677
LG2	7854768	7855414	646
LG2	7856387	7857214	827
LG2	7858995	7859485	490
LG2	7860712	7861404	692
LG2	7863464	7863898	434
LG2	7865230	7865359	129
LG2	7865870	7866472	602
LG2	7867726	7868061	335
LG2	7869024	7869680	656
LG2	7871065	7871922	857
LG2	7871951	7872016	65
LG2	7873105	7873964	859
LG2	7875390	7875776	386
LG2	7875892	7876451	559
LG2	7882671	7883234	563
LG2	7885368	7885470	102
LG2	7886648	7887502	854
LG2	7888256	7889156	900
LG2	7892777	7893087	310
LG2	7893197	7893321	124
LG2	7893880	7894217	337
LG2	7896231	7897129	898
LG2	7897719	7897784	65
LG2	7898705	7898975	270
LG2	7899065	7899306	241
LG2	7901693	7902050	357
LG2	7903354	7903850	496
LG2	7904287	7904360	73
LG2	7904490	7904916	426
LG2	7906739	7907309	570
LG2	7908561	7909242	681
LG2	7911145	7911666	521
LG2	7912257	7913159	902
LG2	7914807	7915167	360
LG2	7919242	7920041	799
LG2	7921381	7921454	73
LG2	7923554	7923606	52
LG2	7923788	7924275	487
LG2	7927348	7928057	709
LG2	7931247	7932186	939
LG2	7933125	7934437	1312
LG2	7934588	7934612	24
LG2	7934978	7935572	594
LG2	7935681	7936394	713
LG2	7940717	7940787	70
LG2	7940997	7942118	1121
LG2	7945202	7945605	403
LG2	7947042	7947553	511
LG2	7949487	7949896	409
LG2	7951552	7952134	582
LG2	7953665	7954237	572
LG2	7955640	7955718	78
LG2	7956297	7956871	574
LG2	7963066	7963933	867
LG2	7970854	7972127	1273
LG2	7972782	7972850	68
LG2	7975240	7975360	120
LG2	7975810	7976630	820
LG2	7980490	7981134	644
LG2	7983377	7984211	834
LG2	7985720	7986388	668
LG2	7987808	7988688	880
LG2	7989059	7989241	182
LG2	7991208	7991427	219
LG2	7993478	7994186	708
LG2	7994474	7994901	427
LG2	7995637	7995876	239
LG2	8000411	8001243	832
LG2	8003470	8003870	400
LG2	8005422	8006017	595
LG2	8006521	8006837	316
LG2	8007631	8008209	578
LG2	8008648	8009437	789
LG2	8009488	8009624	136
LG2	8010305	8010578	273
LG2	8012060	8012474	414
LG2	8012533	8012629	96
LG2	8012669	8012985	316
LG2	8014007	8014271	264
LG2	8014907	8015515	608
LG2	8015807	8015924	117
LG2	8017687	8017858	171
LG2	8018636	8018993	357
LG2	8019022	8019157	135
LG2	8019760	8020666	906
LG2	8021383	8021460	77
LG2	8021891	8022037	146
LG2	8022732	8023328	596
LG2	8024939	8025141	202
LG2	8025516	8026160	644
LG2	8028105	8028538	433
LG2	8028851	8028943	92
LG2	8031247	8031616	369
LG2	8033131	8034213	1082
LG2	8035563	8036111	548
LG2	8036123	8036197	74
LG2	8040685	8040891	206
LG2	8040941	8041056	115
LG2	8045032	8045137	105
LG2	8045223	8045472	249
LG2	8045516	8045518	2
LG2	8045519	8045676	157
LG2	8046325	8046928	603
LG2	8051548	8052337	789
LG2	8055555	8055672	117
LG2	8055779	8056477	698
LG2	8058448	8058649	201
LG2	8059829	8060658	829
LG2	8060683	8060955	272
LG2	8061869	8062651	782
LG2	8063599	8064250	651
LG2	8065961	8066079	118
LG2	8066742	8067166	424
LG2	8069122	8069169	47
LG2	8069266	8069723	457
LG2	8070033	8070230	197
LG2	8071430	8071470	40
LG2	8071787	8072528	741
LG2	8073041	8073312	271
LG2	8073347	8073458	111
LG2	8075471	8075930	459
LG2	8075937	8076443	506
LG2	8081442	8082292	850
LG2	8083893	8084384	491
LG2	8086730	8087426	696
LG2	8087592	8087924	332
LG2	8088514	8089121	607
LG2	8090236	8091066	830
LG2	8094235	8094674	439
LG2	8097114	8097890	776
LG2	8099229	8099906	677
LG2	8100445	8100655	210
LG2	8102996	8103332	336
LG2	8103480	8103944	464
LG2	8105110	8105509	399
LG2	8107143	8107453	310
LG2	8110192	8110460	268
LG2	8112298	8112547	249
LG2	8114600	8114822	222
LG2	8120001	8120258	257
LG2	8122212	8122588	376
LG2	8123285	8123356	71
LG2	8123366	8123532	166
LG2	8124674	8125573	899
LG2	8125944	8126237	293
LG2	8126701	8127014	313
LG2	8128592	8128766	174
LG2	8130931	8131746	815
LG2	8134418	8135026	608
LG2	8138143	8138720	577
LG2	8140172	8140610	438
LG2	8140650	8141032	382
LG2	8149665	8150377	712
LG2	8152054	8152530	476
LG2	8153550	8153696	146
LG2	8153701	8154025	324
LG2	8154363	8154501	138
LG2	8155068	8155193	125
LG2	8155420	8156149	729
LG2	8157121	8157794	673
LG2	8166785	8167262	477
LG2	8169257	8169358	101
LG2	8169400	8169734	334
LG2	8169737	8169896	159
LG2	8171208	8171475	267
LG2	8172714	8172849	135
LG2	8174975	8175292	317
LG2	8175477	8175700	223
LG2	8178211	8178843	632
LG2	8182726	8182820	94
LG2	8185234	8185510	276
LG2	8187060	8187178	118
LG2	8187206	8187580	374
LG2	8188886	8189188	302
LG2	8190255	8191113	858
LG2	8192163	8192252	89
LG2	8192553	8193432	879
LG2	8195374	8196298	924
LG2	8199653	8199779	126
LG2	8199827	8199920	93
LG2	8205049	8205641	592
LG2	8207396	8208056	660
LG2	8208918	8209511	593
LG2	8210323	8210600	277
LG2	8210923	8211042	119
LG2	8212825	8212884	59
LG2	8215685	8216558	873
LG2	8220126	8220667	541
LG2	8223558	8224013	455
LG2	8230321	8230658	337
LG2	8230926	8230988	62
LG2	8231742	8232190	448
LG2	8232278	8232309	31
LG2	8232413	8232899	486
LG2	8235938	8236592	654
LG2	8238793	8239721	928
LG2	8246200	8246704	504
LG2	8250078	8250360	282
LG2	8251774	8252209	435
LG2	8253839	8254902	1063
LG2	8255786	8256304	518
LG2	8267737	8268412	675
LG2	8271208	8272038	830
LG2	8273790	8274008	218
LG2	8279498	8279814	316
LG2	8282914	8283169	255
LG2	8289249	8289832	583
LG2	8290553	8290983	430
LG2	8295695	8295860	165
LG2	8295919	8296329	410
LG2	8300168	8300319	151
LG2	8301918	8302359	441
LG2	8302624	8303170	546
LG2	8303177	8303452	275
LG2	8307593	8308097	504
LG2	8309250	8310012	762
LG2	8310337	8311067	730
LG2	8313321	8313679	358
LG2	8314117	8314260	143
LG2	8315086	8315441	355
LG2	8317603	8317915	312
LG2	8319343	8319482	139
LG2	8320257	8320498	241
LG2	8324385	8324705	320
LG2	8327332	8327480	148
LG2	8328700	8328779	79
LG2	8328787	8328885	98
LG2	8332700	8332826	126
LG2	8333898	8334264	366
LG2	8340137	8340569	432
LG2	8343123	8343430	307
LG2	8345259	8345532	273
LG2	8348076	8348476	400
LG2	8349676	8349732	56
LG2	8349785	8350074	289
LG2	8354740	8355612	872
LG2	8358780	8359395	615
LG2	8361240	8361863	623
LG2	8364293	8365247	954
LG2	8368474	8368933	459
LG2	8368944	8369314	370
LG2	8383444	8383783	339
LG2	8384096	8384331	235
LG2	8385774	8385909	135
LG2	8389981	8390463	482
LG2	8396351	8396773	422
LG2	8407349	8407860	511
LG2	8407954	8409088	1134
LG2	8410374	8410494	120
LG2	8410715	8410784	69
LG2	8412911	8413058	147
LG2	8413109	8413147	38
LG2	8413172	8413306	134
LG2	8416116	8416599	483
LG2	8417691	8418047	356
LG2	8418162	8418417	255
LG2	8418421	8418588	167
LG2	8421022	8421879	857
LG2	8424740	8425018	278
LG2	8427846	8428340	494
LG2	8437711	8438236	525
LG2	8440418	8441328	910
LG2	8445653	8445956	303
LG2	8446040	8446550	510
LG2	8447319	8447413	94
LG2	8448917	8449681	764
LG2	8453184	8453724	540
LG2	8459530	8460175	645
LG2	8462358	8462968	610
LG2	8462991	8463251	260
LG2	8466227	8466753	526
LG2	8469872	8470056	184
LG2	8472279	8472460	181
LG2	8472582	8472974	392
LG2	8474321	8474718	397
LG2	8483955	8484628	673
LG2	8486243	8486611	368
LG2	8487937	8488058	121
LG2	8488422	8488610	188
LG2	8492032	8492270	238
LG2	8497436	8497640	204
LG2	8497893	8498032	139
LG2	8499229	8499636	407
LG2	8502421	8502709	288
LG2	8504005	8504351	346
LG2	8504886	8505261	375
LG2	8505799	8506215	416
LG2	8506347	8506391	44
LG2	8506680	8506811	131
LG2	8509187	8509587	400
LG2	8511636	8512076	440
LG2	8516431	8516950	519
LG2	8523672	8523818	146
LG2	8524339	8524563	224
LG2	8544454	8544710	256
LG2	8546770	8547047	277
LG2	8548712	8548869	157
LG2	8549357	8550696	1339
LG2	8550884	8551284	400
LG2	8551328	8551492	164
LG2	8551582	8551613	31
LG2	8552814	8553149	335
LG2	8553913	8555024	1111
LG2	8555052	8555132	80
LG2	8559996	8560145	149
LG2	8563622	8564036	414
LG2	8564043	8565951	1908
LG2	8565987	8566451	464
LG2	8567343	8568033	690
LG2	8568259	8570889	2630
LG2	8570955	8571289	334
LG2	8571633	8571991	358
LG2	8574005	8574080	75
LG2	8576720	8577273	553
LG2	8578846	8579102	256
LG2	8581070	8581211	141
LG2	8581583	8581794	211
LG2	8582125	8582232	107
LG2	8582847	8583080	233
LG2	8584621	8584972	351
LG2	8585682	8585835	153
LG2	8586398	8586550	152
LG2	8586638	8586816	178
LG2	8587303	8587602	299
LG2	8589570	8590149	579
LG2	8590467	8590629	162
LG2	8594025	8594167	142
LG2	8594258	8594335	77
LG2	8605004	8605323	319
LG2	8622135	8622221	86
LG2	8640616	8641158	542
LG2	8667164	8667279	115
LG2	8667281	8667398	117
LG2	8691692	8691876	184
LG2	8696240	8696277	37
LG2	8696279	8696479	200
LG2	8697436	8697581	145
LG2	8706719	8707094	375
LG2	8711459	8711920	461
LG2	8713676	8713818	142
LG2	8739640	8739746	106
LG2	8739848	8740002	154
LG2	8756714	8756886	172
LG2	8757364	8757464	100
LG2	8757524	8757608	84
LG2	8757874	8757994	120
LG2	8759581	8759646	65
LG2	8766049	8766440	391
LG2	8769298	8770293	995
LG2	8771844	8771963	119
LG2	8774026	8775313	1287
LG2	8777101	8777482	381
LG2	8783124	8783741	617
LG2	8783829	8784311	482
LG2	8784340	8784632	292
LG2	8785872	8786149	277
LG2	8788479	8788892	413
LG2	8790539	8790615	76
LG2	8790710	8790842	132
LG2	8792078	8792276	198
LG2	8792975	8793183	208
LG2	8793869	8794110	241
LG2	8794172	8794370	198
LG2	8794530	8794660	130
LG2	8795312	8795514	202
LG2	8795675	8795881	206
LG2	8796121	8796279	158
LG2	8796319	8796474	155
LG2	8797129	8797209	80
LG2	8810774	8810895	121
LG2	8816840	8816984	144
LG2	8818081	8818157	76
LG2	8820534	8820633	99
LG2	8820719	8820936	217
LG2	8827164	8827320	156
LG2	8828346	8828494	148
LG2	8842721	8842849	128
LG2	8846789	8846963	174
LG2	8847044	8847109	65
LG2	8853844	8853983	139
LG2	8860685	8860827	142
LG2	8862515	8862672	157
LG2	8863690	8864386	696
LG2	8864388	8864446	58
LG2	8864545	8864768	223
LG2	8876153	8876212	59
LG2	8907272	8907571	299
LG2	8941175	8941304	129
LG2	8955900	8956046	146
LG2	8957221	8957320	99
LG2	8984393	8984498	105
LG2	8996292	8996488	196
LG2	8998728	8998853	125
LG2	8999859	9000009	150
LG2	9001927	9002059	132
LG2	9008163	9008256	93
LG2	9008739	9008825	86
LG2	9008926	9009039	113
LG2	9010191	9010318	127
LG2	9010430	9010529	99
LG2	9010834	9010903	69
LG2	9010961	9011038	77
LG2	9029536	9029687	151
LG2	9046900	9047062	162
LG2	9049352	9049439	87
LG2	9052187	9052260	73
LG2	9057116	9057244	128
LG2	9069069	9069158	89
LG2	9077750	9077800	50
LG2	9103642	9103994	352
LG2	9119260	9119433	173
LG2	9125582	9125704	122
LG2	9125776	9125897	121
LG2	9130166	9130317	151
LG2	9132026	9132082	56
LG2	9132083	9132240	157
LG2	9143670	9143909	239
LG2	9147266	9147390	124
LG2	9159597	9159677	80
LG2	9160323	9160529	206
LG2	9165010	9165217	207
LG2	9168139	9168527	388
LG2	9179227	9179338	111
LG2	9219055	9219283	228
LG2	9288854	9288934	80
LG2	9290769	9290819	50
LG2	9291202	9291323	121
LG2	9315231	9315424	193
LG2	9316040	9316180	140
LG2	9316285	9317716	1431
LG2	9317769	9318273	504
LG2	9401277	9401443	166
LG2	9410530	9410671	141
LG2	9436636	9436702	66
LG2	9439014	9439203	189
LG2	9453460	9453694	234
LG2	9496695	9496763	68
LG2	9505734	9505844	110
LG2	9542777	9542914	137
LG2	9542974	9543150	176
LG2	9543941	9544010	69
LG2	9544209	9544584	375
LG2	9544656	9544847	191
LG2	9545434	9545565	131
LG2	9545889	9546089	200
LG2	9577074	9577324	250
LG2	9577977	9578139	162
LG2	9578212	9578333	121
LG2	9579267	9579434	167
LG2	9580126	9580300	174
LG2	9580310	9580354	44
LG2	9580456	9580603	147
LG2	9580714	9580981	267
LG2	9581061	9581416	355
LG2	9581515	9581714	199
LG2	9581768	9581876	108
LG2	9586814	9586987	173
LG2	9588903	9589064	161
LG2	9594036	9594128	92
LG2	9594527	9594562	35
LG2	9596756	9596937	181
LG2	9614521	9614590	69
LG2	9615636	9615757	121
LG2	9621738	9621905	167
LG2	9622946	9623031	85
LG2	9628793	9628923	130
LG2	9629825	9630058	233
LG2	9631280	9631390	110
LG2	9634674	9635166	492
LG2	9635226	9635468	242
LG2	9635469	9635605	136
LG2	9635783	9635994	211
LG2	9636069	9636293	224
LG2	9637023	9637208	185
LG2	9637267	9637522	255
LG2	9637524	9637854	330
LG2	9637912	9638146	234
LG2	9638148	9638492	344
LG2	9638542	9638582	40
LG2	9638607	9638797	190
LG2	9638852	9639393	541
LG2	9639422	9639689	267
LG2	9639692	9639807	115
LG2	9639896	9640550	654
LG2	9640566	9640699	133
LG2	9640717	9641109	392
LG2	9641167	9641312	145
LG2	9641388	9641494	106
LG2	9641625	9641833	208
LG2	9642380	9642492	112
LG2	9642617	9642677	60
LG2	9642727	9642958	231
LG2	9643153	9643386	233
LG2	9643700	9644178	478
LG2	9644206	9644370	164
LG2	9644374	9644472	98
LG2	9644484	9644746	262
LG2	9644749	9644885	136
LG2	9644932	9645122	190
LG2	9645224	9645329	105
LG2	9645876	9646159	283
LG2	9646938	9647207	269
LG2	9647260	9647412	152
LG2	9647885	9648114	229
LG2	9648125	9648410	285
LG2	9648420	9648673	253
LG2	9648720	9648873	153
LG2	9687370	9687492	122
LG2	9696353	9696602	249
LG2	9705594	9705645	51
LG2	9705716	9705839	123
LG2	9707067	9707255	188
LG2	9708556	9708682	126
LG2	9709204	9709297	93
LG2	9719122	9719189	67
LG2	9741491	9741611	120
LG2	9743302	9743417	115
LG2	9748230	9748346	116
LG2	9748359	9748482	123
LG2	9754498	9754694	196
LG2	9756783	9756909	126
LG2	9757812	9757903	91
LG2	9780004	9780231	227
LG2	9780313	9780428	115
LG2	9781390	9781550	160
LG2	9781964	9782172	208
LG2	9782236	9782441	205
LG2	9782492	9782595	103
LG2	9782952	9783189	237
LG2	9792286	9792406	120
LG2	9792799	9793139	340
LG2	9801225	9801988	763
LG2	9802114	9802213	99
LG2	9802419	9802508	89
LG2	9802598	9802985	387
LG2	9803040	9803175	135
LG2	9803253	9803372	119
LG2	9803514	9803778	264
LG2	9803810	9804014	204
LG2	9804339	9804426	87
LG2	9804754	9804887	133
LG2	9805022	9805497	475
LG2	9806560	9806714	154
LG2	9807036	9807123	87
LG2	9807449	9807559	110
LG2	9807807	9807910	103
LG2	9808472	9808622	150
LG2	9808757	9808879	122
LG2	9808922	9809119	197
LG2	9809516	9809663	147
LG2	9809731	9809865	134
LG2	9811389	9811614	225
LG2	9811713	9811791	78
LG2	9811911	9812058	147
LG2	9812059	9812149	90
LG2	9812203	9812358	155
LG2	9812429	9812773	344
LG2	9813083	9813242	159
LG2	9813619	9813764	145
LG2	9813855	9813863	8
LG2	9813902	9813932	30
LG2	9814650	9814746	96
LG2	9814851	9815001	150
LG2	9815293	9815574	281
LG2	9815821	9815954	133
LG2	9816006	9816174	168
LG2	9817248	9817368	120
LG2	9817437	9817652	215
LG2	9817885	9817967	82
LG2	9818300	9818493	193
LG2	9818578	9818794	216
LG2	9820515	9820679	164
LG2	9821359	9821457	98
LG2	9821529	9821719	190
LG2	9822442	9823050	608
LG2	9823133	9823269	136
LG2	9823963	9824220	257
LG2	9825657	9825878	221
LG2	9827061	9827420	359
LG2	9829146	9829296	150
LG2	9829314	9829542	228
LG2	9829557	9829763	206
LG2	9829816	9830010	194
LG2	9830073	9830228	155
LG2	9832556	9832702	146
LG2	9832939	9833119	180
LG2	9833152	9833312	160
LG2	9833395	9833556	161
LG2	9833804	9833935	131
LG2	9833944	9834529	585
LG2	9834553	9834836	283
LG2	9836402	9836915	513
LG2	9838983	9839314	331
LG2	9848331	9848406	75
LG2	9866585	9866648	63
LG2	9889375	9889471	96
LG2	9890676	9890747	71
LG2	9891751	9891954	203
LG2	9892789	9892898	109
LG2	9892933	9893178	245
LG2	9956293	9956406	113
LG2	9958987	9959125	138
LG2	9990626	9990856	230
LG2	9996751	9996946	195
LG2	10079007	10079380	373
LG2	10079484	10079564	80
LG2	10080160	10080503	343
LG2	10090503	10090562	59
LG2	10107675	10107875	200
LG2	10110028	10110147	119
LG2	10145025	10145083	58
LG2	10148320	10148442	122
LG2	10154669	10154762	93
LG2	10177935	10177991	56
LG2	10178388	10178485	97
LG2	10185709	10185807	98
LG2	10188063	10188112	49
LG2	10193889	10194075	186
LG2	10194212	10194267	55
LG2	10214240	10214833	593
LG2	10215733	10215863	130
LG2	10216716	10216897	181
LG2	10216940	10217124	184
LG2	10217181	10217504	323
LG2	10217718	10217831	113
LG2	10217905	10218087	182
LG2	10218166	10218279	113
LG2	10218711	10218818	107
LG2	10218883	10219139	256
LG2	10219925	10220208	283
LG2	10220308	10220432	124
LG2	10220483	10220719	236
LG2	10220860	10221157	297
LG2	10221385	10222006	621
LG2	10222158	10222288	130
LG2	10223800	10224352	552
LG2	10224495	10224644	149
LG2	10225697	10226503	806
LG2	10227974	10228455	481
LG2	10228823	10228999	176
LG2	10229121	10229353	232
LG2	10229437	10229690	253
LG2	10243271	10244069	798
LG2	10245196	10245876	680
LG2	10246222	10246412	190
LG2	10249171	10250042	871
LG2	10250875	10251211	336
LG2	10252308	10252445	137
LG2	10253392	10253578	186
LG2	10253637	10253771	134
LG2	10254753	10254953	200
LG2	10255437	10255728	291
LG2	10260514	10260625	111
LG2	10262862	10263064	202
LG2	10263097	10263234	137
LG2	10263368	10263571	203
LG2	10263629	10263775	146
LG2	10263944	10264059	115
LG2	10264094	10264100	6
LG2	10264114	10264344	230
LG2	10264642	10264757	115
LG2	10264818	10264998	180
LG2	10265067	10265232	165
LG2	10266002	10266213	211
LG2	10266265	10266474	209
LG2	10266548	10266717	169
LG2	10268189	10268441	252
LG2	10269054	10269280	226
LG2	10270113	10270237	124
LG2	10271165	10271292	127
LG2	10271385	10271515	130
LG2	10271600	10271892	292
LG2	10271902	10272041	139
LG2	10275210	10276257	1047
LG2	10279294	10279779	485
LG2	10279806	10279992	186
LG2	10281011	10281309	298
LG2	10281442	10281638	196
LG2	10282447	10282688	241
LG2	10284293	10284551	258
LG2	10294662	10294961	299
LG2	10296912	10297054	142
LG2	10298936	10299468	532
LG2	10299493	10300046	553
LG2	10301254	10301403	149
LG2	10301440	10302015	575
LG2	10302816	10303044	228
LG2	10303905	10304403	498
LG2	10305941	10306019	78
LG2	10306916	10307351	435
LG2	10307405	10307605	200
LG2	10309009	10309062	53
LG2	10309260	10309343	83
LG2	10309811	10310047	236
LG2	10310644	10310815	171
LG2	10311267	10311423	156
LG2	10312272	10312728	456
LG2	10314614	10315030	416
LG2	10315040	10315578	538
LG2	10315734	10316582	848
LG2	10316620	10317395	775
LG2	10318366	10318791	425
LG2	10321463	10321757	294
LG2	10323315	10323509	194
LG2	10323649	10323848	199
LG2	10325191	10325773	582
LG2	10326968	10327435	467
LG2	10327449	10328164	715
LG2	10330578	10331496	918
LG2	10332337	10332512	175
LG2	10332814	10333141	327
LG2	10333499	10333869	370
LG2	10334043	10334165	122
LG2	10334284	10334460	176
LG2	10334522	10334749	227
LG2	10335824	10335982	158
LG2	10336053	10336206	153
LG2	10336291	10336408	117
LG2	10336491	10336706	215
LG2	10336904	10337241	337
LG2	10337335	10337502	167
LG2	10339101	10339233	132
LG2	10339342	10339354	12
LG2	10339434	10339589	155
LG2	10339702	10340339	637
LG2	10340529	10340856	327
LG2	10341015	10341260	245
LG2	10341349	10341554	205
LG2	10343357	10343588	231
LG2	10344812	10345706	894
LG2	10345796	10346183	387
LG2	10349183	10349790	607
LG2	10351827	10352007	180
LG2	10352841	10352930	89
LG2	10352932	10353335	403
LG2	10353682	10353937	255
LG2	10354158	10354588	430
LG2	10354842	10354973	131
LG2	10356110	10356315	205
LG2	10356631	10357284	653
LG2	10357436	10357564	128
LG2	10359751	10360124	373
LG2	10361339	10361518	179
LG2	10361957	10362034	77
LG2	10363995	10364512	517
LG2	10364513	10364922	409
LG2	10366448	10367261	813
LG2	10368667	10368924	257
LG2	10371682	10372842	1160
LG2	10374293	10375059	766
LG2	10375212	10375280	68
LG2	10377850	10378361	511
LG2	10378626	10379492	866
LG2	10380789	10381053	264
LG2	10381103	10381292	189
LG2	10381627	10381812	185
LG2	10383105	10383841	736
LG2	10384313	10384385	72
LG2	10385310	10385597	287
LG2	10385696	10385799	103
LG2	10387182	10387692	510
LG2	10387974	10388497	523
LG2	10391757	10392099	342
LG2	10393671	10394625	954
LG2	10396388	10397253	865
LG2	10397349	10397904	555
LG2	10398110	10398359	249
LG2	10398401	10399933	1532
LG2	10402976	10404096	1120
LG2	10405691	10406071	380
LG2	10406082	10406110	28
LG2	10406114	10406519	405
LG2	10407013	10407222	209
LG2	10407256	10407496	240
LG2	10407620	10408028	408
LG2	10408970	10409822	852
LG2	10409942	10410290	348
LG2	10410319	10410816	497
LG2	10411716	10412272	556
LG2	10413383	10414278	895
LG2	10415075	10415895	820
LG2	10418201	10418863	662
LG2	10421602	10422262	660
LG2	10422345	10422641	296
LG2	10425458	10427736	2278
LG2	10428836	10430044	1208
LG2	10431763	10432570	807
LG2	10434175	10435354	1179
LG2	10435885	10436434	549
LG2	10436461	10437408	947
LG2	10438227	10438870	643
LG2	10439372	10439854	482
LG2	10440882	10441196	314
LG2	10442001	10442490	489
LG2	10444782	10445217	435
LG2	10445503	10445718	215
LG2	10447309	10447680	371
LG2	10448545	10449158	613
LG2	10451690	10452880	1190
LG2	10454339	10454762	423
LG2	10454799	10455037	238
LG2	10455042	10455443	401
LG2	10457023	10457202	179
LG2	10457236	10459078	1842
LG2	10461728	10462836	1108
LG2	10463505	10465674	2169
LG2	10467651	10468644	993
LG2	10470398	10470635	237
LG2	10471730	10472832	1102
LG2	10473886	10475431	1545
LG2	10479444	10480289	845
LG2	10481933	10482805	872
LG2	10484229	10486164	1935
LG2	10486171	10486863	692
LG2	10486874	10488433	1559
LG2	10490417	10491053	636
LG2	10493367	10494177	810
LG2	10495245	10495876	631
LG2	10496396	10496867	471
LG2	10498064	10498329	265
LG2	10498350	10498824	474
LG2	10498877	10499020	143
LG2	10500406	10501005	599
LG2	10503180	10503761	581
LG2	10503855	10503863	8
LG2	10506452	10507436	984
LG2	10509447	10510329	882
LG2	10510463	10510802	339
LG2	10514874	10516711	1837
LG2	10519357	10520953	1596
LG2	10522325	10523134	809
LG2	10523162	10524393	1231
LG2	10525204	10525326	122
LG2	10525365	10525767	402
LG2	10527023	10527178	155
LG2	10527183	10527918	735
LG2	10528856	10528951	95
LG2	10529172	10529697	525
LG2	10530005	10530571	566
LG2	10530933	10531326	393
LG2	10532134	10532354	220
LG2	10533331	10534141	810
LG2	10535640	10539674	4034
LG2	10540816	10542527	1711
LG2	10544510	10546209	1699
LG2	10547269	10547863	594
LG2	10549802	10550273	471
LG2	10551277	10551713	436
LG2	10554068	10554986	918
LG2	10556408	10557104	696
LG2	10558383	10560091	1708
LG2	10561147	10561346	199
LG2	10561485	10561626	141
LG2	10562195	10562377	182
LG2	10562785	10562890	105
LG2	10563938	10565231	1293
LG2	10567052	10568154	1102
LG2	10569994	10571587	1593
LG2	10573347	10574588	1241
LG2	10574921	10574974	53
LG2	10577341	10578574	1233
LG2	10579561	10580213	652
LG2	10580987	10581640	653
LG2	10581671	10584124	2453
LG2	10586183	10586873	690
LG2	10587010	10587164	154
LG2	10587273	10587300	27
LG2	10587311	10587489	178
LG2	10589419	10589493	74
LG2	10589539	10589861	322
LG2	10589909	10590219	310
LG2	10592434	10598448	6014
LG2	10599800	10600118	318
LG2	10600231	10601263	1032
LG2	10601717	10602125	408
LG2	10603785	10605127	1342
LG2	10606152	10606577	425
LG2	10607944	10609054	1110
LG2	10609991	10612334	2343
LG2	10612349	10617777	5428
LG2	10617890	10619625	1735
LG2	10619985	10620246	261
LG2	10620276	10621595	1319
LG2	10621934	10623087	1153
LG2	10623119	10624348	1229
LG2	10624553	10624734	181
LG2	10624803	10625043	240
LG2	10625056	10627442	2386
LG2	10627583	10628343	760
LG2	10628360	10629897	1537
LG2	10630003	10630979	976
LG2	10632246	10635359	3113
LG2	10636522	10636991	469
LG2	10637094	10638084	990
LG2	10638396	10638972	576
LG2	10639933	10640267	334
LG2	10640423	10641721	1298
LG2	10641864	10642831	967
LG2	10643042	10643660	618
LG2	10643801	10644379	578
LG2	10644474	10646522	2048
LG2	10646968	10646991	23
LG2	10647091	10649561	2470
LG2	10649562	10651504	1942
LG2	10651663	10652297	634
LG2	10652634	10653485	851
LG2	10653561	10655727	2166
LG2	10655942	10656276	334
LG2	10656441	10658233	1792
LG2	10658944	10659101	157
LG2	10659284	10662570	3286
LG2	10662936	10662960	24
LG2	10663100	10664083	983
LG2	10664596	10667139	2543
LG2	10667248	10667322	74
LG2	10667709	10668873	1164
LG2	10669461	10671961	2500
LG2	10672013	10672551	538
LG2	10672803	10675276	2473
LG2	10675319	10675789	470
LG2	10676672	10677336	664
LG2	10677831	10678813	982
LG2	10678911	10679553	642
LG2	10679606	10679711	105
LG2	10679756	10679818	62
LG2	10679867	10681544	1677
LG2	10681649	10682026	377
LG2	10682782	10684895	2113
LG2	10685516	10685832	316
LG2	10685869	10694243	8374
LG2	10696498	10697030	532
LG2	10698548	10699556	1008
LG2	10700184	10700270	86
LG2	10702660	10703139	479
LG2	10704061	10704147	86
LG2	10704745	10705113	368
LG2	10708048	10709384	1336
LG2	10712689	10713725	1036
LG2	10719065	10719703	638
LG2	10722885	10723155	270
LG2	10723233	10723535	302
LG2	10725470	10725606	136
LG2	10726664	10726877	213
LG2	10727960	10728310	350
LG2	10732136	10732464	328
LG2	10733358	10734094	736
LG2	10734208	10734409	201
LG2	10734709	10734868	159
LG2	10735329	10735525	196
LG2	10737617	10738013	396
LG2	10742111	10742202	91
LG2	10742309	10742456	147
LG2	10744027	10744592	565
LG2	10744876	10745035	159
LG2	10750018	10750371	353
LG2	10751134	10751730	596
LG2	10751752	10751870	118
LG2	10754094	10754563	469
LG2	10756300	10756541	241
LG2	10756563	10756780	217
LG2	10757222	10757391	169
LG2	10758871	10759115	244
LG2	10760765	10761156	391
LG2	10761556	10761685	129
LG2	10762081	10762835	754
LG2	10765184	10765371	187
LG2	10766832	10767431	599
LG2	10769144	10769862	718
LG2	10771224	10771482	258
LG2	10771520	10772152	632
LG2	10772381	10772673	292
LG2	10775584	10776010	426
LG2	10777491	10777974	483
LG2	10780242	10780935	693
LG2	10783092	10783264	172
LG2	10783283	10783755	472
LG2	10784641	10784888	247
LG2	10785703	10786060	357
LG2	10787411	10787974	563
LG2	10788152	10788602	450
LG2	10791415	10792193	778
LG2	10792390	10792487	97
LG2	10792526	10793104	578
LG2	10794070	10794289	219
LG2	10794319	10794536	217
LG2	10795621	10795894	273
LG2	10796208	10796307	99
LG2	10797260	10800422	3162
LG2	10800484	10802123	1639
LG2	10803186	10804739	1553
LG2	10805124	10805287	163
LG2	10805647	10806042	395
LG2	10806126	10806696	570
LG2	10809468	10811328	1860
LG2	10811571	10812650	1079
LG2	10815571	10816561	990
LG2	10818664	10818820	156
LG2	10819093	10820848	1755
LG2	10820929	10821179	250
LG2	10821265	10821346	81
LG2	10822079	10824310	2231
LG2	10824324	10824613	289
LG2	10824722	10824766	44
LG2	10824902	10825265	363
LG2	10825272	10825484	212
LG2	10825549	10836024	10475
LG2	10836213	10837326	1113
LG2	10837746	10838068	322
LG2	10845513	10846732	1219
LG2	10849123	10850745	1622
LG2	10851750	10852268	518
LG2	10854081	10855658	1577
LG2	10855699	10855780	81
LG2	10857818	10858342	524
LG2	10858432	10858750	318
LG2	10860765	10861406	641
LG2	10862860	10863076	216
LG2	10863590	10863978	388
LG2	10864099	10865022	923
LG2	10865042	10865979	937
LG2	10868270	10869065	795
LG2	10871600	10872393	793
LG2	10873919	10874334	415
LG2	10874585	10874761	176
LG2	10875624	10875802	178
LG2	10876108	10876274	166
LG2	10877354	10877775	421
LG2	10879752	10880165	413
LG2	10880601	10881267	666
LG2	10881513	10881756	243
LG2	10883047	10884539	1492
LG2	10885575	10886194	619
LG2	10887530	10888796	1266
LG2	10893719	10894239	520
LG2	10894341	10894561	220
LG2	10896601	10897479	878
LG2	10898901	10899434	533
LG2	10899473	10899830	357
LG2	10901326	10902361	1035
LG2	10905934	10906964	1030
LG2	10907358	10908043	685
LG2	10909732	10910498	766
LG2	10911692	10912364	672
LG2	10913816	10914606	790
LG2	10914750	10914940	190
LG2	10915188	10915514	326
LG2	10915726	10915781	55
LG2	10916118	10916172	54
LG2	10917111	10918158	1047
LG2	10918919	10920023	1104
LG2	10920774	10921498	724
LG2	10922176	10922374	198
LG2	10923692	10924633	941
LG2	10927749	10928253	504
LG2	10929415	10930198	783
LG2	10930461	10930770	309
LG2	10930821	10931272	451
LG2	10931330	10931917	587
LG2	10932038	10932268	230
LG2	10933479	10934026	547
LG2	10934271	10934471	200
LG2	10934659	10934907	248
LG2	10934971	10935132	161
LG2	10936691	10937103	412
LG2	10937345	10938141	796
LG2	10938342	10938441	99
LG2	10938566	10938899	333
LG2	10939075	10939499	424
LG2	10940665	10940919	254
LG2	10941047	10941545	498
LG2	10943182	10943803	621
LG2	10943852	10944853	1001
LG2	10944922	10945129	207
LG2	10945312	10946075	763
LG2	10946505	10947258	753
LG2	10947664	10949544	1880
LG2	10950713	10951970	1257
LG2	10952821	10953615	794
LG2	10954342	10955120	778
LG2	10956408	10956737	329
LG2	10957013	10957720	707
LG2	10960091	10960408	317
LG2	10964579	10965815	1236
LG2	10966668	10968023	1355
LG2	10968153	10968632	479
LG2	10968762	10970575	1813
LG2	10970859	10971199	340
LG2	10971693	10972103	410
LG2	10973488	10973786	298
LG2	10975116	10975413	297
LG2	10976843	10977344	501
LG2	10980009	10980642	633
LG2	10982609	10983338	729
LG2	10983634	10987161	3527
LG2	10987261	10987608	347
LG2	10988748	10989693	945
LG2	10989875	10990488	613
LG2	10990754	10991554	800
LG2	10992611	10992965	354
LG2	10992970	10994827	1857
LG2	10995195	10996236	1041
LG2	10996292	10997251	959
LG2	10997340	11004496	7156
LG2	11004682	11006912	2230
LG2	11008594	11009010	416
LG2	11009280	11010651	1371
LG2	11011723	11012191	468
LG2	11012966	11013491	525
LG2	11013807	11014774	967
LG2	11016743	11017308	565
LG2	11018016	11018488	472
LG2	11018491	11018560	69
LG2	11018931	11018958	27
LG2	11019102	11021067	1965
LG2	11023866	11024133	267
LG2	11024170	11024396	226
LG2	11025338	11025551	213
LG2	11025867	11026396	529
LG2	11028658	11028857	199
LG2	11029156	11030252	1096
LG2	11030612	11031137	525
LG2	11031211	11031382	171
LG2	11031425	11033125	1700
LG2	11033277	11033481	204
LG2	11033947	11034498	551
LG2	11035131	11035767	636
LG2	11036801	11037062	261
LG2	11037497	11037882	385
LG2	11042615	11044210	1595
LG2	11044448	11046410	1962
LG2	11046473	11046603	130
LG2	11046697	11047525	828
LG2	11048142	11048768	626
LG2	11048773	11049344	571
LG2	11049535	11050394	859
LG2	11050434	11050995	561
LG2	11051145	11051868	723
LG2	11051951	11052025	74
LG2	11053060	11053589	529
LG2	11054099	11055861	1762
LG2	11056947	11057233	286
LG2	11057338	11057659	321
LG2	11057935	11057939	4
LG2	11058457	11059174	717
LG2	11059434	11059947	513
LG2	11060295	11062795	2500
LG2	11063237	11064117	880
LG2	11064126	11064215	89
LG2	11064501	11066228	1727
LG2	11066318	11067286	968
LG2	11067506	11069098	1592
LG2	11069135	11069203	68
LG2	11069229	11069950	721
LG2	11071542	11071876	334
LG2	11072089	11073073	984
LG2	11073744	11074474	730
LG2	11074714	11074844	130
LG2	11075146	11075791	645
LG2	11076784	11077584	800
LG2	11077768	11078160	392
LG2	11078269	11078932	663
LG2	11078976	11079405	429
LG2	11079765	11080206	441
LG2	11080294	11080878	584
LG2	11080927	11081833	906
LG2	11082305	11082428	123
LG2	11082601	11083031	430
LG2	11083537	11084299	762
LG2	11084612	11084928	316
LG2	11085774	11086018	244
LG2	11087497	11088458	961
LG2	11089620	11090306	686
LG2	11090824	11092129	1305
LG2	11094190	11095154	964
LG2	11095162	11096552	1390
LG2	11096695	11096851	156
LG2	11096863	11096957	94
LG2	11097335	11098330	995
LG2	11099218	11100731	1513
LG2	11101744	11101973	229
LG2	11103167	11103948	781
LG2	11105376	11106402	1026
LG2	11106569	11106805	236
LG2	11106917	11107055	138
LG2	11108047	11108727	680
LG2	11108926	11109086	160
LG2	11110061	11111653	1592
LG2	11111658	11111664	6
LG2	11111981	11112388	407
LG2	11114635	11114942	307
LG2	11115120	11115285	165
LG2	11115448	11115855	407
LG2	11116363	11116806	443
LG2	11124173	11124611	438
LG2	11129980	11130670	690
LG2	11132799	11132977	178
LG2	11133022	11133382	360
LG2	11135090	11135301	211
LG2	11135531	11136395	864
LG2	11136523	11137014	491
LG2	11137920	11139232	1312
LG2	11140280	11140452	172
LG2	11141851	11141952	101
LG2	11141988	11142254	266
LG2	11143388	11143583	195
LG2	11143789	11145997	2208
LG2	11147526	11147784	258
LG2	11147874	11148386	512
LG2	11148526	11150623	2097
LG2	11152138	11152773	635
LG2	11152834	11153017	183
LG2	11153046	11153052	6
LG2	11153070	11153247	177
LG2	11153994	11154160	166
LG2	11156654	11156887	233
LG2	11158351	11158604	253
LG2	11158608	11159262	654
LG2	11160368	11160845	477
LG2	11162431	11162935	504
LG2	11163906	11163995	89
LG2	11165565	11165991	426
LG2	11167838	11168946	1108
LG2	11169001	11170136	1135
LG2	11170242	11171397	1155
LG2	11182400	11182650	250
LG2	11183293	11183548	255
LG2	11191032	11191241	209
LG2	11191324	11192147	823
LG2	11192185	11192873	688
LG2	11196139	11197365	1226
LG2	11198001	11198126	125
LG2	11199461	11199614	153
LG2	11199806	11199958	152
LG2	11201484	11201775	291
LG2	11202686	11203048	362
LG2	11204502	11204641	139
LG2	11206020	11206206	186
LG2	11210130	11210285	155
LG2	11211682	11211843	161
LG2	11213741	11213862	121
LG2	11214095	11214320	225
LG2	11215310	11215856	546
LG2	11219224	11219459	235
LG2	11220372	11221604	1232
LG2	11221703	11221838	135
LG2	11221864	11224280	2416
LG2	11224410	11225133	723
LG2	11225136	11225201	65
LG2	11225287	11226547	1260
LG2	11226614	11227914	1300
LG2	11228117	11228925	808
LG2	11229070	11229948	878
LG2	11231034	11232789	1755
LG2	11233092	11234508	1416
LG2	11234574	11235604	1030
LG2	11237489	11238561	1072
LG2	11239250	11239779	529
LG2	11241422	11242922	1500
LG2	11243088	11243589	501
LG2	11244798	11245071	273
LG2	11246403	11247209	806
LG2	11249287	11250281	994
LG2	11251483	11252085	602
LG2	11254186	11254741	555
LG2	11256962	11257289	327
LG2	11257333	11257378	45
LG2	11257662	11258179	517
LG2	11258324	11259552	1228
LG2	11260519	11261637	1118
LG2	11262100	11262841	741
LG2	11264500	11264897	397
LG2	11265061	11265464	403
LG2	11267270	11267541	271
LG2	11267729	11268138	409
LG2	11268925	11269053	128
LG2	11269870	11270995	1125
LG2	11271602	11272199	597
LG2	11272200	11273207	1007
LG2	11274403	11275282	879
LG2	11276026	11276933	907
LG2	11278859	11280314	1455
LG2	11280464	11280576	112
LG2	11280699	11282918	2219
LG2	11285907	11287106	1199
LG2	11287542	11288140	598
LG2	11288908	11290307	1399
LG2	11290353	11290888	535
LG2	11291207	11291836	629
LG2	11291888	11292495	607
LG2	11292781	11293734	953
LG2	11293858	11294253	395
LG2	11294275	11297647	3372
LG2	11297650	11297906	256
LG2	11297914	11298694	780
LG2	11298899	11299277	378
LG2	11299481	11301132	1651
LG2	11301284	11301850	566
LG2	11302015	11302641	626
LG2	11303013	11303195	182
LG2	11303511	11303792	281
LG2	11303859	11304142	283
LG2	11304261	11304510	249
LG2	11304985	11306184	1199
LG2	11307475	11307940	465
LG2	11308208	11308323	115
LG2	11308557	11308942	385
LG2	11310625	11312301	1676
LG2	11312303	11312489	186
LG2	11312821	11313606	785
LG2	11314204	11314471	267
LG2	11314907	11315406	499
LG2	11315525	11316832	1307
LG2	11317169	11317417	248
LG2	11317713	11318202	489
LG2	11318211	11320634	2423
LG2	11320662	11320905	243
LG2	11321025	11321210	185
LG2	11324960	11325945	985
LG2	11328055	11328494	439
LG2	11329634	11329991	357
LG2	11331338	11332381	1043
LG2	11332617	11333677	1060
LG2	11336758	11337044	286
LG2	11337164	11337681	517
LG2	11338036	11338628	592
LG2	11339077	11339507	430
LG2	11339556	11341681	2125
LG2	11342636	11347257	4621
LG2	11348343	11348521	178
LG2	11348558	11350449	1891
LG2	11350483	11351454	971
LG2	11351527	11351629	102
LG2	11351997	11352772	775
LG2	11352980	11353633	653
LG2	11354738	11356328	1590
LG2	11356436	11357070	634
LG2	11357242	11357795	553
LG2	11357840	11359066	1226
LG2	11359718	11360169	451
LG2	11363161	11364393	1232
LG2	11365725	11366458	733
LG2	11366875	11367276	401
LG2	11371305	11371683	378
LG2	11373055	11373865	810
LG2	11375023	11375700	677
LG2	11376422	11376606	184
LG2	11376650	11377271	621
LG2	11377388	11377832	444
LG2	11378462	11379011	549
LG2	11379270	11379728	458
LG2	11380473	11381008	535
LG2	11383486	11383895	409
LG2	11384453	11384932	479
LG2	11385685	11386234	549
LG2	11386397	11386712	315
LG2	11386750	11386948	198
LG2	11387764	11388491	727
LG2	11390268	11390870	602
LG2	11392329	11392730	401
LG2	11393866	11394471	605
LG2	11398189	11398524	335
LG2	11398872	11399983	1111
LG2	11401250	11401756	506
LG2	11402450	11403032	582
LG2	11403821	11404462	641
LG2	11404966	11405027	61
LG2	11405346	11405504	158
LG2	11406034	11407387	1353
LG2	11408214	11410425	2211
LG2	11410484	11410697	213
LG2	11410793	11411091	298
LG2	11413390	11414047	657
LG2	11416132	11416567	435
LG2	11416689	11416855	166
LG2	11418609	11419334	725
LG2	11420510	11421033	523
LG2	11421080	11421408	328
LG2	11421620	11421704	84
LG2	11422732	11423324	592
LG2	11424359	11424537	178
LG2	11425188	11426081	893
LG2	11426192	11426401	209
LG2	11426455	11426918	463
LG2	11427064	11427781	717
LG2	11427846	11429397	1551
LG2	11429430	11432336	2906
LG2	11432411	11433917	1506
LG2	11434263	11434451	188
LG2	11434551	11434925	374
LG2	11435031	11436193	1162
LG2	11438256	11439505	1249
LG2	11439913	11440216	303
LG2	11440824	11441541	717
LG2	11441592	11442127	535
LG2	11442170	11442283	113
LG2	11442301	11442524	223
LG2	11442703	11442810	107
LG2	11443429	11444207	778
LG2	11445249	11446127	878
LG2	11448191	11448874	683
LG2	11449066	11449431	365
LG2	11449509	11450454	945
LG2	11450732	11451535	803
LG2	11451568	11452422	854
LG2	11454171	11454510	339
LG2	11455810	11458256	2446
LG2	11459045	11460364	1319
LG2	11460388	11461340	952
LG2	11461494	11461874	380
LG2	11462382	11462583	201
LG2	11463212	11464083	871
LG2	11464196	11465130	934
LG2	11466222	11466550	328
LG2	11466722	11467748	1026
LG2	11468096	11468474	378
LG2	11469426	11470145	719
LG2	11471391	11471935	544
LG2	11471969	11472129	160
LG2	11472849	11472941	92
LG2	11473937	11474462	525
LG2	11475716	11477177	1461
LG2	11477191	11477266	75
LG2	11477468	11478176	708
LG2	11478340	11479372	1032
LG2	11479556	11479954	398
LG2	11480446	11480724	278
LG2	11481541	11481719	178
LG2	11481723	11482664	941
LG2	11482683	11482740	57
LG2	11482931	11483112	181
LG2	11483313	11484160	847
LG2	11484242	11484756	514
LG2	11484892	11486052	1160
LG2	11488915	11489307	392
LG2	11489379	11490972	1593
LG2	11491461	11491772	311
LG2	11491836	11491958	122
LG2	11492023	11492547	524
LG2	11493718	11495078	1360
LG2	11495185	11498006	2821
LG2	11498156	11499434	1278
LG2	11500126	11501727	1601
LG2	11501787	11501990	203
LG2	11502464	11502861	397
LG2	11503016	11503509	493
LG2	11506332	11507888	1556
LG2	11508247	11508419	172
LG2	11508723	11509581	858
LG2	11509627	11510354	727
LG2	11510461	11510589	128
LG2	11511438	11511989	551
LG2	11512240	11512978	738
LG2	11513823	11514245	422
LG2	11514793	11515379	586
LG2	11516441	11517511	1070
LG2	11517734	11518337	603
LG2	11518704	11519256	552
LG2	11520300	11521198	898
LG2	11521718	11522374	656
LG2	11522413	11523078	665
LG2	11526017	11526814	797
LG2	11526896	11527672	776
LG2	11528196	11528261	65
LG2	11528855	11529560	705
LG2	11529948	11530659	711
LG2	11532576	11533635	1059
LG2	11534676	11534718	42
LG2	11535020	11535187	167
LG2	11536371	11536713	342
LG2	11541358	11541694	336
LG2	11541966	11542035	69
LG2	11543231	11543548	317
LG2	11544478	11544725	247
LG2	11545545	11545664	119
LG2	11545787	11546873	1086
LG2	11547247	11548794	1547
LG2	11548820	11552574	3754
LG2	11554037	11557053	3016
LG2	11558681	11558972	291
LG2	11561228	11561729	501
LG2	11561971	11562071	100
LG2	11562504	11562768	264
LG2	11562806	11563003	197
LG2	11565538	11566141	603
LG2	11569037	11569444	407
LG2	11569596	11570841	1245
LG2	11571690	11572595	905
LG2	11572905	11573293	388
LG2	11574845	11576092	1247
LG2	11576097	11577909	1812
LG2	11578332	11579100	768
LG2	11579214	11579568	354
LG2	11579592	11579599	7
LG2	11581645	11582214	569
LG2	11582429	11582723	294
LG2	11582761	11582908	147
LG2	11583894	11583945	51
LG2	11584346	11585417	1071
LG2	11585542	11586219	677
LG2	11586675	11587002	327
LG2	11588447	11588719	272
LG2	11591108	11591584	476
LG2	11592539	11594153	1614
LG2	11595181	11595726	545
LG2	11595824	11596398	574
LG2	11596519	11596676	157
LG2	11597364	11599377	2013
LG2	11599435	11600086	651
LG2	11600122	11601008	886
LG2	11603656	11604403	747
LG2	11604417	11604721	304
LG2	11606257	11606375	118
LG2	11606397	11606745	348
LG2	11607918	11609314	1396
LG2	11610304	11611139	835
LG2	11612041	11612688	647
LG2	11614573	11615001	428
LG2	11615025	11615709	684
LG2	11616580	11617958	1378
LG2	11620092	11620537	445
LG2	11620561	11621254	693
LG2	11622957	11623638	681
LG2	11623958	11624867	909
LG2	11625115	11625651	536
LG2	11626295	11627121	826
LG2	11627261	11627382	121
LG2	11627772	11628303	531
LG2	11629398	11629829	431
LG2	11631660	11631858	198
LG2	11634306	11635444	1138
LG2	11636377	11636645	268
LG2	11638955	11640100	1145
LG2	11641193	11641950	757
LG2	11642125	11642459	334
LG2	11647239	11647354	115
LG2	11651938	11652044	106
LG2	11656094	11656437	343
LG2	11660797	11661048	251
LG2	11665164	11665977	813
LG2	11667580	11668328	748
LG2	11669881	11670134	253
LG2	11670136	11670397	261
LG2	11671634	11672479	845
LG2	11672854	11673028	174
LG2	11673595	11674224	629
LG2	11677167	11677261	94
LG2	11677311	11677737	426
LG2	11677766	11678624	858
LG2	11678908	11679044	136
LG2	11679099	11679258	159
LG2	11680874	11681200	326
LG2	11681976	11682245	269
LG2	11682767	11683120	353
LG2	11683756	11685058	1302
LG2	11685366	11686258	892
LG2	11686270	11686472	202
LG2	11690251	11690798	547
LG2	11691664	11692378	714
LG2	11693474	11693838	364
LG2	11695812	11696316	504
LG2	11696760	11697017	257
LG2	11697855	11697982	127
LG2	11697983	11698204	221
LG2	11698431	11698670	239
LG2	11698804	11699473	669
LG2	11699640	11699818	178
LG2	11701443	11701808	365
LG2	11702127	11702614	487
LG2	11702830	11703141	311
LG2	11704241	11704484	243
LG2	11704782	11704984	202
LG2	11705861	11706155	294
LG2	11706766	11706811	45
LG2	11706907	11708283	1376
LG2	11709151	11709275	124
LG2	11709290	11710006	716
LG2	11710439	11710627	188
LG2	11710961	11711082	121
LG2	11711207	11711386	179
LG2	11713113	11713347	234
LG2	11713977	11714001	24
LG2	11714003	11715046	1043
LG2	11715569	11717309	1740
LG2	11717642	11717996	354
LG2	11718711	11718818	107
LG2	11718855	11718995	140
LG2	11719621	11720246	625
LG2	11720417	11721583	1166
LG2	11722405	11723462	1057
LG2	11724351	11724572	221
LG2	11725041	11725193	152
LG2	11725706	11726296	590
LG2	11727115	11727286	171
LG2	11728600	11729659	1059
LG2	11730031	11730273	242
LG2	11730832	11731246	414
LG2	11731820	11732118	298
LG2	11732650	11732895	245
LG2	11733976	11734743	767
LG2	11735044	11735669	625
LG2	11735815	11736202	387
LG2	11736546	11737172	626
LG2	11737340	11738574	1234
LG2	11738710	11738993	283
LG2	11739079	11740117	1038
LG2	11740390	11740451	61
LG2	11740552	11740736	184
LG2	11740921	11741268	347
LG2	11742278	11742699	421
LG2	11743491	11744668	1177
LG2	11745306	11745613	307
LG2	11746009	11746263	254
LG2	11746285	11746499	214
LG2	11747030	11747359	329
LG2	11748119	11748402	283
LG2	11748515	11748839	324
LG2	11749184	11751582	2398
LG2	11751698	11752380	682
LG2	11754573	11754813	240
LG2	11754970	11755449	479
LG2	11755588	11756124	536
LG2	11756285	11756363	78
LG2	11756699	11758114	1415
LG2	11758312	11758701	389
LG2	11759018	11759253	235
LG2	11759633	11760224	591
LG2	11760640	11760895	255
LG2	11760901	11761638	737
LG2	11761979	11762605	626
LG2	11762681	11763278	597
LG2	11763364	11763569	205
LG2	11763939	11764040	101
LG2	11764106	11764245	139
LG2	11764667	11765738	1071
LG2	11766039	11766314	275
LG2	11766680	11766822	142
LG2	11767058	11767179	121
LG2	11767385	11768965	1580
LG2	11769014	11770484	1470
LG2	11771120	11771280	160
LG2	11771405	11772551	1146
LG2	11772710	11778374	5664
LG2	11778402	11778764	362
LG2	11778856	11779548	692
LG2	11779645	11780636	991
LG2	11782299	11782875	576
LG2	11783015	11783221	206
LG2	11785573	11786028	455
LG2	11786232	11786724	492
LG2	11788476	11789407	931
LG2	11789487	11789876	389
LG2	11790909	11791163	254
LG2	11793412	11793594	182
LG2	11793659	11794146	487
LG2	11796460	11796852	392
LG2	11797165	11797855	690
LG2	11798564	11798808	244
LG2	11798830	11799254	424
LG2	11801629	11802133	504
LG2	11803580	11804047	467
LG2	11806310	11806628	318
LG2	11806649	11810304	3655
LG2	11810471	11810574	103
LG2	11810859	11813777	2918
LG2	11813823	11814811	988
LG2	11814928	11815112	184
LG2	11815601	11816468	867
LG2	11816602	11818113	1511
LG2	11818388	11818469	81
LG2	11818620	11819113	493
LG2	11819431	11819568	137
LG2	11819856	11820047	191
LG2	11820467	11821092	625
LG2	11821413	11821541	128
LG2	11821935	11822096	161
LG2	11822308	11822440	132
LG2	11822595	11823677	1082
LG2	11824687	11825215	528
LG2	11825224	11825368	144
LG2	11826013	11826994	981
LG2	11827532	11827734	202
LG2	11827815	11827932	117
LG2	11828023	11828140	117
LG2	11828216	11828820	604
LG2	11828837	11829099	262
LG2	11829847	11830130	283
LG2	11830167	11830328	161
LG2	11830381	11830555	174
LG2	11830674	11830906	232
LG2	11830968	11831360	392
LG2	11834140	11835187	1047
LG2	11835348	11836549	1201
LG2	11836601	11836742	141
LG2	11836949	11837884	935
LG2	11838081	11839429	1348
LG2	11840158	11840691	533
LG2	11841469	11841693	224
LG2	11843648	11844191	543
LG2	11845823	11846205	382
LG2	11848879	11849253	374
LG2	11849982	11850225	243
LG2	11850352	11850563	211
LG2	11851425	11852142	717
LG2	11852570	11852719	149
LG2	11854939	11855006	67
LG2	11855177	11855751	574
LG2	11857876	11858619	743
LG2	11860748	11861198	450
LG2	11861692	11861790	98
LG2	11863033	11863391	358
LG2	11864960	11865502	542
LG2	11867253	11867343	90
LG2	11867527	11868324	797
LG2	11868921	11869453	532
LG2	11869625	11869736	111
LG2	11870162	11870483	321
LG2	11871638	11872480	842
LG2	11872748	11872903	155
LG2	11873084	11874458	1374
LG2	11874497	11875739	1242
LG2	11875829	11876081	252
LG2	11876205	11876388	183
LG2	11876414	11877603	1189
LG2	11878391	11878687	296
LG2	11878812	11879124	312
LG2	11879510	11880177	667
LG2	11881220	11882043	823
LG2	11883360	11883446	86
LG2	11883478	11883677	199
LG2	11884520	11885166	646
LG2	11885405	11885832	427
LG2	11886290	11887811	1521
LG2	11888166	11888633	467
LG2	11889650	11890752	1102
LG2	11892890	11893042	152
LG2	11893578	11893707	129
LG2	11894004	11894391	387
LG2	11894707	11894980	273
LG2	11895019	11895171	152
LG2	11895286	11895485	199
LG2	11895955	11896316	361
LG2	11896577	11897582	1005
LG2	11898588	11898754	166
LG2	11898969	11899181	212
LG2	11899389	11900452	1063
LG2	11900562	11901262	700
LG2	11901335	11901426	91
LG2	11902229	11903604	1375
LG2	11903797	11904511	714
LG2	11904817	11906127	1310
LG2	11907839	11908929	1090
LG2	11909067	11909168	101
LG2	11910045	11910810	765
LG2	11910962	11911664	702
LG2	11911893	11912232	339
LG2	11913733	11914229	496
LG2	11915761	11916052	291
LG2	11917925	11918041	116
LG2	11918435	11918513	78
LG2	11918908	11919352	444
LG2	11920494	11920718	224
LG2	11924163	11924749	586
LG2	11926414	11927712	1298
LG2	11928920	11929385	465
LG2	11929419	11930035	616
LG2	11930250	11930418	168
LG2	11930759	11932206	1447
LG2	11934777	11935632	855
LG2	11936494	11937266	772
LG2	11937869	11938166	297
LG2	11940510	11940856	346
LG2	11941521	11941733	212
LG2	11941940	11942352	412
LG2	11949380	11949610	230
LG2	11949669	11950016	347
LG2	11952369	11952675	306
LG2	11953508	11953684	176
LG2	11954355	11955122	767
LG2	11955991	11956521	530
LG2	11957184	11957598	414
LG2	11960753	11961313	560
LG2	11961434	11961786	352
LG2	11963400	11964312	912
LG2	11964839	11965309	470
LG2	11966787	11967139	352
LG2	11967220	11967982	762
LG2	11968244	11968982	738
LG2	11970185	11970369	184
LG2	11970497	11970787	290
LG2	11972601	11972722	121
LG2	11972889	11973841	952
LG2	11974031	11974326	295
LG2	11974536	11975382	846
LG2	11976100	11976162	62
LG2	11977729	11978440	711
LG2	11979158	11979751	593
LG2	11980364	11980598	234
LG2	11980910	11981425	515
LG2	11981993	11982187	194
LG2	11982318	11982892	574
LG2	11983908	11984221	313
LG2	11984340	11984900	560
LG2	11985421	11985582	161
LG2	11985790	11986789	999
LG2	11987717	11988090	373
LG2	11988521	11989185	664
LG2	11990464	11990900	436
LG2	11991435	11991690	255
LG2	11993453	11993581	128
LG2	11993784	11994586	802
LG2	11994926	11995549	623
LG2	11997040	11997605	565
LG2	11997914	11998244	330
LG2	11999278	12001375	2097
LG2	12001853	12002632	779
LG2	12002824	12003933	1109
LG2	12004041	12004305	264
LG2	12004580	12005456	876
LG2	12005716	12005788	72
LG2	12005878	12006373	495
LG2	12006936	12007760	824
LG2	12007783	12009476	1693
LG2	12009573	12010373	800
LG2	12010375	12010631	256
LG2	12010654	12011012	358
LG2	12011038	12011326	288
LG2	12014012	12014973	961
LG2	12015369	12017727	2358
LG2	12020230	12020619	389
LG2	12020721	12021007	286
LG2	12022017	12023227	1210
LG2	12024118	12024327	209
LG2	12024658	12025966	1308
LG2	12026198	12026283	85
LG2	12029468	12029835	367
LG2	12030825	12031570	745
LG2	12031666	12031722	56
LG2	12033816	12034368	552
LG2	12035133	12035550	417
LG2	12037316	12038184	868
LG2	12038636	12039527	891
LG2	12039904	12040113	209
LG2	12040456	12040815	359
LG2	12040871	12042028	1157
LG2	12043068	12043716	648
LG2	12044375	12044466	91
LG2	12045136	12045152	16
LG2	12045153	12045839	686
LG2	12046794	12047596	802
LG2	12050228	12050957	729
LG2	12052415	12053745	1330
LG2	12054148	12054222	74
LG2	12054892	12055123	231
LG2	12055157	12055872	715
LG2	12056338	12056761	423
LG2	12058706	12059456	750
LG2	12059506	12060289	783
LG2	12062029	12062354	325
LG2	12062391	12063704	1313
LG2	12063987	12064037	50
LG2	12064044	12064137	93
LG2	12064926	12065819	893
LG2	12066612	12067529	917
LG2	12067590	12067830	240
LG2	12068812	12069593	781
LG2	12071107	12071767	660
LG2	12073232	12074090	858
LG2	12075543	12076020	477
LG2	12078015	12078209	194
LG2	12081564	12082883	1319
LG2	12082933	12083418	485
LG2	12083524	12084138	614
LG2	12084516	12085207	691
LG2	12085991	12086323	332
LG2	12086338	12086689	351
LG2	12087485	12087677	192
LG2	12088221	12088505	284
LG2	12090243	12091384	1141
LG2	12092380	12093490	1110
LG2	12094497	12095224	727
LG2	12095396	12097103	1707
LG2	12097323	12097381	58
LG2	12097489	12099187	1698
LG2	12099456	12099703	247
LG2	12099919	12100296	377
LG2	12101747	12102412	665
LG2	12103442	12103623	181
LG2	12104009	12104725	716
LG2	12104753	12108619	3866
LG2	12108640	12109039	399
LG2	12109057	12109327	270
LG2	12110246	12111125	879
LG2	12112398	12112926	528
LG2	12112938	12114336	1398
LG2	12117250	12118040	790
LG2	12119682	12120163	481
LG2	12121803	12122710	907
LG2	12124005	12124519	514
LG2	12124651	12124763	112
LG2	12124815	12125144	329
LG2	12127098	12128168	1070
LG2	12129659	12130048	389
LG2	12130408	12130803	395
LG2	12131602	12131785	183
LG2	12132576	12132708	132
LG2	12133117	12133715	598
LG2	12134724	12135021	297
LG2	12135076	12135258	182
LG2	12136924	12137048	124
LG2	12137158	12137385	227
LG2	12138421	12139177	756
LG2	12139480	12139770	290
LG2	12140117	12140861	744
LG2	12143908	12143984	76
LG2	12147562	12148009	447
LG2	12149044	12149153	109
LG2	12153477	12154051	574
LG2	12154132	12155080	948
LG2	12155319	12156255	936
LG2	12158798	12159371	573
LG2	12159647	12159895	248
LG2	12159917	12160401	484
LG2	12160640	12161576	936
LG2	12164087	12164654	567
LG2	12164937	12165676	739
LG2	12165689	12165736	47
LG2	12165928	12166371	443
LG2	12166392	12166874	482
LG2	12169361	12169933	572
LG2	12170014	12170960	946
LG2	12171187	12172135	948
LG2	12172722	12173079	357
LG2	12176024	12176541	517
LG2	12180899	12181208	309
LG2	12181895	12182830	935
LG2	12182850	12183617	767
LG2	12187304	12187533	229
LG2	12189480	12189692	212
LG2	12189883	12190760	877
LG2	12191641	12192567	926
LG2	12192593	12192701	108
LG2	12193470	12193588	118
LG2	12193591	12193705	114
LG2	12199456	12201262	1806
LG2	12201322	12201375	53
LG2	12201506	12201748	242
LG2	12201895	12202589	694
LG2	12204579	12206335	1756
LG2	12207645	12208226	581
LG2	12208335	12208813	478
LG2	12209534	12210122	588
LG2	12211694	12212843	1149
LG2	12213239	12213721	482
LG2	12214982	12215787	805
LG2	12215871	12216832	961
LG2	12220193	12220583	390
LG2	12220896	12220947	51
LG2	12222389	12223377	988
LG2	12224483	12224600	117
LG2	12225013	12225800	787
LG2	12225809	12228231	2422
LG2	12228294	12228816	522
LG2	12229726	12231531	1805
LG2	12231918	12232518	600
LG2	12232824	12233043	219
LG2	12233072	12233726	654
LG2	12234187	12234340	153
LG2	12237227	12237758	531
LG2	12237981	12238010	29
LG2	12238519	12239302	783
LG2	12240855	12241788	933
LG2	12243925	12244080	155
LG2	12244148	12245061	913
LG2	12246519	12246819	300
LG2	12246825	12246899	74
LG2	12247874	12249013	1139
LG2	12249100	12249574	474
LG2	12250789	12251940	1151
LG2	12252922	12253059	137
LG2	12254714	12255340	626
LG2	12255534	12255766	232
LG2	12258000	12258410	410
LG2	12258522	12258853	331
LG2	12260798	12261217	419
LG2	12262087	12263563	1476
LG2	12265309	12265510	201
LG2	12265719	12266588	869
LG2	12268586	12271019	2433
LG2	12271970	12272584	614
LG2	12273032	12273337	305
LG2	12273667	12273775	108
LG2	12273923	12274577	654
LG2	12274632	12275124	492
LG2	12277332	12278130	798
LG2	12280424	12281031	607
LG2	12281106	12281470	364
LG2	12282842	12283438	596
LG2	12286420	12287481	1061
LG2	12287827	12289004	1177
LG2	12289078	12289349	271
LG2	12289441	12290234	793
LG2	12290432	12290851	419
LG2	12291022	12291743	721
LG2	12292687	12292839	152
LG2	12292930	12293080	150
LG2	12293194	12293402	208
LG2	12294889	12295075	186
LG2	12295928	12296759	831
LG2	12297132	12297404	272
LG2	12299047	12299632	585
LG2	12300730	12301390	660
LG2	12302944	12303495	551
LG2	12303809	12305004	1195
LG2	12305810	12307321	1511
LG2	12308169	12308710	541
LG2	12309878	12311369	1491
LG2	12311423	12311664	241
LG2	12311807	12312903	1096
LG2	12313010	12313835	825
LG2	12313852	12314064	212
LG2	12315982	12316181	199
LG2	12316869	12316946	77
LG2	12317035	12318094	1059
LG2	12318522	12318941	419
LG2	12319264	12319781	517
LG2	12322972	12323050	78
LG2	12323317	12324105	788
LG2	12324144	12324557	413
LG2	12325952	12327156	1204
LG2	12328443	12328594	151
LG2	12328646	12329191	545
LG2	12329644	12330225	581
LG2	12331722	12331887	165
LG2	12333088	12333267	179
LG2	12333349	12334951	1602
LG2	12335316	12335962	646
LG2	12336012	12336199	187
LG2	12336513	12337302	789
LG2	12338376	12338585	209
LG2	12340932	12341380	448
LG2	12342621	12342869	248
LG2	12344257	12345224	967
LG2	12346530	12346637	107
LG2	12346691	12346919	228
LG2	12348397	12349132	735
LG2	12349170	12349969	799
LG2	12349986	12350052	66
LG2	12351392	12353900	2508
LG2	12356112	12356676	564
LG2	12358245	12358966	721
LG2	12358980	12359277	297
LG2	12359386	12360596	1210
LG2	12362414	12364382	1968
LG2	12364525	12364540	15
LG2	12365588	12365856	268
LG2	12365990	12366395	405
LG2	12368149	12368216	67
LG2	12368545	12368764	219
LG2	12368963	12370220	1257
LG2	12371643	12372141	498
LG2	12373920	12376626	2706
LG2	12378713	12378952	239
LG2	12379249	12379690	441
LG2	12379842	12379940	98
LG2	12381135	12381761	626
LG2	12382465	12382863	398
LG2	12384512	12384965	453
LG2	12386688	12387356	668
LG2	12396393	12396615	222
LG2	12398925	12399529	604
LG2	12400044	12400116	72
LG2	12402025	12403101	1076
LG2	12403841	12404331	490
LG2	12405821	12406501	680
LG2	12407229	12407311	82
LG2	12407541	12407729	188
LG2	12409314	12410516	1202
LG2	12410712	12411037	325
LG2	12411361	12412243	882
LG2	12412349	12412948	599
LG2	12420040	12420420	380
LG2	12420526	12421070	544
LG2	12421146	12422006	860
LG2	12422136	12422522	386
LG2	12422648	12423206	558
LG2	12428097	12428328	231
LG2	12428376	12428505	129
LG2	12428799	12430229	1430
LG2	12433504	12433895	391
LG2	12434046	12434460	414
LG2	12435877	12436167	290
LG2	12439430	12439480	50
LG2	12443165	12443634	469
LG2	12443644	12444003	359
LG2	12444008	12444410	402
LG2	12444489	12444661	172
LG2	12447032	12447153	121
LG2	12449903	12450257	354
LG2	12452206	12453003	797
LG2	12454320	12455820	1500
LG2	12459259	12459552	293
LG2	12460148	12460880	732
LG2	12461063	12461244	181
LG2	12464412	12465111	699
LG2	12467352	12467832	480
LG2	12468301	12468794	493
LG2	12469292	12469516	224
LG2	12472893	12473392	499
LG2	12473658	12474022	364
LG2	12474235	12474279	44
LG2	12474339	12474877	538
LG2	12476244	12476656	412
LG2	12476792	12477329	537
LG2	12477842	12478037	195
LG2	12481468	12481742	274
LG2	12483206	12483684	478
LG2	12485257	12485680	423
LG2	12490174	12490421	247
LG2	12490477	12491262	785
LG2	12493868	12494328	460
LG2	12494447	12494453	6
LG2	12494482	12494977	495
LG2	12498684	12499288	604
LG2	12501309	12501937	628
LG2	12503391	12504235	844
LG2	12505946	12507184	1238
LG2	12509701	12510517	816
LG2	12513947	12514847	900
LG2	12514849	12514920	71
LG2	12516392	12516737	345
LG2	12517229	12517541	312
LG2	12518896	12519637	741
LG2	12521204	12522206	1002
LG2	12522298	12522850	552
LG2	12522872	12523166	294
LG2	12523401	12523812	411
LG2	12525381	12526607	1226
LG2	12526779	12527961	1182
LG2	12528026	12528529	503
LG2	12529721	12530629	908
LG2	12531057	12531081	24
LG2	12531380	12531923	543
LG2	12532007	12532248	241
LG2	12533236	12533737	501
LG2	12533978	12534407	429
LG2	12534539	12535647	1108
LG2	12535789	12536568	779
LG2	12537449	12537697	248
LG2	12537813	12538225	412
LG2	12538403	12538807	404
LG2	12538943	12539098	155
LG2	12539256	12539557	301
LG2	12540094	12540390	296
LG2	12540642	12540800	158
LG2	12541241	12542107	866
LG2	12542275	12542700	425
LG2	12542997	12543185	188
LG2	12543430	12543844	414
LG2	12543892	12544596	704
LG2	12544641	12545305	664
LG2	12545343	12545500	157
LG2	12546534	12549813	3279
LG2	12550291	12550906	615
LG2	12551016	12551305	289
LG2	12552341	12552740	399
LG2	12552772	12553014	242
LG2	12553230	12553697	467
LG2	12553830	12555434	1604
LG2	12555563	12556754	1191
LG2	12556802	12557277	475
LG2	12557533	12559439	1906
LG2	12559509	12561090	1581
LG2	12561136	12563210	2074
LG2	12563941	12564479	538
LG2	12565038	12565170	132
LG2	12565809	12566536	727
LG2	12566730	12566996	266
LG2	12567071	12567180	109
LG2	12567271	12567562	291
LG2	12567602	12567966	364
LG2	12568876	12570073	1197
LG2	12571255	12571428	173
LG2	12572770	12573647	877
LG2	12574933	12576910	1977
LG2	12578133	12578793	660
LG2	12580059	12581265	1206
LG2	12581320	12581740	420
LG2	12582694	12584346	1652
LG2	12586872	12587343	471
LG2	12587657	12587765	108
LG2	12588676	12589011	335
LG2	12589401	12589457	56
LG2	12591075	12591742	667
LG2	12592658	12592855	197
LG2	12593553	12593814	261
LG2	12593869	12594193	324
LG2	12594541	12594720	179
LG2	12595683	12596602	919
LG2	12597588	12597826	238
LG2	12598752	12598992	240
LG2	12599038	12599221	183
LG2	12599421	12599832	411
LG2	12603995	12605049	1054
LG2	12605913	12606039	126
LG2	12606259	12606828	569
LG2	12607584	12607870	286
LG2	12608946	12609614	668
LG2	12610205	12610444	239
LG2	12611079	12612440	1361
LG2	12613161	12613557	396
LG2	12613710	12614090	380
LG2	12614858	12615088	230
LG2	12615278	12615959	681
LG2	12615976	12616199	223
LG2	12616666	12617591	925
LG2	12617610	12618797	1187
LG2	12618885	12618981	96
LG2	12619189	12619684	495
LG2	12620011	12620121	110
LG2	12620468	12621325	857
LG2	12621664	12622532	868
LG2	12622741	12623020	279
LG2	12624770	12624907	137
LG2	12625144	12626400	1256
LG2	12626990	12627039	49
LG2	12627152	12627582	430
LG2	12627804	12628042	238
LG2	12628735	12628823	88
LG2	12629153	12630223	1070
LG2	12630544	12630861	317
LG2	12631639	12632124	485
LG2	12632926	12633276	350
LG2	12634445	12635480	1035
LG2	12635756	12635944	188
LG2	12637134	12637586	452
LG2	12638035	12638932	897
LG2	12642479	12642991	512
LG2	12646503	12646982	479
LG2	12647138	12647387	249
LG2	12647852	12648015	163
LG2	12649285	12649649	364
LG2	12649774	12650491	717
LG2	12650717	12650863	146
LG2	12651334	12651450	116
LG2	12651632	12651713	81
LG2	12652587	12653190	603
LG2	12653474	12653715	241
LG2	12657668	12657947	279
LG2	12659058	12659288	230
LG2	12663168	12663441	273
LG2	12665225	12665559	334
LG2	12665823	12666543	720
LG2	12667283	12667460	177
LG2	12667899	12668018	119
LG2	12668363	12668540	177
LG2	12670090	12670287	197
LG2	12671713	12672003	290
LG2	12673162	12674293	1131
LG2	12677004	12677474	470
LG2	12682332	12682952	620
LG2	12683744	12684693	949
LG2	12684814	12684885	71
LG2	12687599	12687822	223
LG2	12688465	12688512	47
LG2	12689837	12690100	263
LG2	12691234	12691470	236
LG2	12691570	12691923	353
LG2	12692261	12692371	110
LG2	12693329	12693534	205
LG2	12694986	12695539	553
LG2	12695635	12696068	433
LG2	12696127	12696472	345
LG2	12696704	12697336	632
LG2	12697348	12697628	280
LG2	12697963	12698209	246
LG2	12699438	12699984	546
LG2	12706016	12706151	135
LG2	12710283	12710617	334
LG2	12713280	12713661	381
LG2	12720644	12721262	618
LG2	12735196	12735443	247
LG2	12743511	12743815	304
LG2	12745709	12745961	252
LG2	12749417	12749814	397
LG2	12751186	12751692	506
LG2	12756009	12756454	445
LG2	12760307	12760450	143
LG2	12782791	12783096	305
LG2	12783782	12784269	487
LG2	12808968	12809295	327
LG2	12811516	12811645	129
LG2	12817544	12817933	389
LG2	12819380	12819522	142
LG2	12819828	12820933	1105
LG2	12821247	12821681	434
LG2	12823194	12824382	1188
LG2	12824460	12825051	591
LG2	12825467	12825608	141
LG2	12825726	12826241	515
LG2	12826989	12828064	1075
LG2	12828880	12829153	273
LG2	12830837	12831100	263
LG2	12833505	12833741	236
LG2	12835247	12835563	316
LG2	12835959	12836105	146
LG2	12836559	12836995	436
LG2	12837444	12837480	36
LG2	12837771	12838150	379
LG2	12838679	12838986	307
LG2	12839405	12839780	375
LG2	12841362	12841767	405
LG2	12841922	12842490	568
LG2	12843517	12843626	109
LG2	12847781	12848214	433
LG2	12849098	12849297	199
LG2	12853828	12854647	819
LG2	12855130	12855380	250
LG2	12859616	12860730	1114
LG2	12862322	12863091	769
LG2	12863298	12863596	298
LG2	12863747	12864083	336
LG2	12865039	12865400	361
LG2	12865518	12866311	793
LG2	12866501	12866632	131
LG2	12868392	12869216	824
LG2	12870575	12871154	579
LG2	12871184	12871216	32
LG2	12871533	12872035	502
LG2	12875463	12875727	264
LG2	12881746	12882311	565
LG2	12882431	12882847	416
LG2	12886629	12886920	291
LG2	12889167	12889525	358
LG2	12889900	12890111	211
LG2	12890388	12890704	316
LG2	12890758	12891215	457
LG2	12892340	12892998	658
LG2	12893374	12893468	94
LG2	12894781	12894897	116
LG2	12898697	12898956	259
LG2	12899002	12899273	271
LG2	12921673	12922828	1155
LG2	12925296	12925462	166
LG2	12925492	12925547	55
LG2	12925571	12926349	778
LG2	12928696	12935738	7042
LG2	12937039	12938458	1419
LG2	12939975	12940222	247
LG2	12940396	12940742	346
LG2	12940812	12941039	227
LG2	12941269	12942553	1284
LG2	12942787	12943026	239
LG2	12943241	12943543	302
LG2	12943845	12944226	381
LG2	12945559	12945822	263
LG2	12946316	12947342	1026
LG2	12947389	12947497	108
LG2	12947661	12947891	230
LG2	12948290	12948544	254
LG2	12949042	12950454	1412
LG2	12951155	12951733	578
LG2	12952159	12953208	1049
LG2	12953956	12954469	513
LG2	12954680	12954978	298
LG2	12956421	12956812	391
LG2	12957756	12958030	274
LG2	12958107	12958292	185
LG2	12958438	12958898	460
LG2	12960894	12961723	829
LG2	12964268	12964758	490
LG2	12966002	12966217	215
LG2	12966423	12966716	293
LG2	12966914	12967289	375
LG2	12968592	12969406	814
LG2	12969566	12970190	624
LG2	12970504	12971007	503
LG2	12973183	12973487	304
LG2	12973702	12974098	396
LG2	12974952	12975345	393
LG2	12975450	12976901	1451
LG2	12976980	12977383	403
LG2	12977598	12977672	74
LG2	12977806	12978310	504
LG2	12979847	12980010	163
LG2	12980283	12981104	821
LG2	12982430	12982741	311
LG2	12984496	12985392	896
LG2	12985751	12985894	143
LG2	12985919	12986449	530
LG2	12986521	12987747	1226
LG2	12987770	12987948	178
LG2	12989050	12989789	739
LG2	12989826	12989987	161
LG2	12990389	12990429	40
LG2	12990672	12992315	1643
LG2	12993082	12993528	446
LG2	12993690	12994407	717
LG2	12994578	12995548	970
LG2	12997312	12998081	769
LG2	13001010	13001929	919
LG2	13003103	13003878	775
LG2	13006015	13006344	329
LG2	13006351	13007517	1166
LG2	13007666	13008293	627
LG2	13008693	13009407	714
LG2	13009550	13009596	46
LG2	13010982	13011135	153
LG2	13011247	13011619	372
LG2	13011718	13012405	687
LG2	13012762	13012955	193
LG2	13013037	13013120	83
LG2	13013229	13014115	886
LG2	13017030	13017772	742
LG2	13018004	13018511	507
LG2	13018547	13018884	337
LG2	13019311	13020996	1685
LG2	13021059	13022707	1648
LG2	13023101	13024083	982
LG2	13024329	13024360	31
LG2	13024377	13025197	820
LG2	13025366	13026601	1235
LG2	13028397	13029961	1564
LG2	13030537	13031114	577
LG2	13031388	13032304	916
LG2	13032406	13033278	872
LG2	13033449	13033893	444
LG2	13034181	13034836	655
LG2	13037126	13037799	673
LG2	13038255	13040014	1759
LG2	13040065	13041433	1368
LG2	13042629	13042805	176
LG2	13043578	13045474	1896
LG2	13047142	13047662	520
LG2	13048128	13048635	507
LG2	13049236	13049554	318
LG2	13050009	13050523	514
LG2	13050596	13053726	3130
LG2	13054834	13055234	400
LG2	13055255	13055511	256
LG2	13055574	13055887	313
LG2	13057479	13058060	581
LG2	13058110	13058174	64
LG2	13058182	13058293	111
LG2	13060562	13061668	1106
LG2	13062950	13063219	269
LG2	13063246	13063553	307
LG2	13063769	13064181	412
LG2	13064361	13064762	401
LG2	13064962	13065237	275
LG2	13065344	13065597	253
LG2	13066761	13068000	1239
LG2	13068587	13069520	933
LG2	13071779	13071987	208
LG2	13072385	13073280	895
LG2	13074560	13074752	192
LG2	13075333	13076303	970
LG2	13076401	13076650	249
LG2	13077057	13077334	277
LG2	13077340	13078997	1657
LG2	13080169	13081095	926
LG2	13082456	13082777	321
LG2	13082954	13083172	218
LG2	13083353	13083560	207
LG2	13083673	13083981	308
LG2	13084544	13084807	263
LG2	13086287	13086876	589
LG2	13087768	13088077	309
LG2	13089791	13089977	186
LG2	13091870	13092800	930
LG2	13092902	13093786	884
LG2	13095803	13095915	112
LG2	13095952	13096197	245
LG2	13097706	13098063	357
LG2	13098324	13098450	126
LG2	13099099	13099721	622
LG2	13101107	13102442	1335
LG2	13102539	13103484	945
LG2	13105435	13105913	478
LG2	13107087	13107224	137
LG2	13107997	13108561	564
LG2	13108959	13110369	1410
LG2	13110479	13110748	269
LG2	13110885	13111245	360
LG2	13111924	13112269	345
LG2	13112733	13113434	701
LG2	13113611	13113789	178
LG2	13113847	13114047	200
LG2	13114202	13114716	514
LG2	13114796	13114959	163
LG2	13115313	13115991	678
LG2	13116274	13116596	322
LG2	13116652	13117242	590
LG2	13117516	13117857	341
LG2	13118192	13118985	793
LG2	13120309	13120800	491
LG2	13121232	13121640	408
LG2	13124471	13125498	1027
LG2	13125923	13126660	737
LG2	13127265	13127603	338
LG2	13127740	13129176	1436
LG2	13129956	13130601	645
LG2	13131174	13131453	279
LG2	13131515	13131661	146
LG2	13131910	13132203	293
LG2	13132924	13134795	1871
LG2	13134818	13135490	672
LG2	13135754	13136437	683
LG2	13136613	13140722	4109
LG2	13140908	13142072	1164
LG2	13143427	13143901	474
LG2	13144044	13144107	63
LG2	13147294	13147900	606
LG2	13149515	13150950	1435
LG2	13150963	13152082	1119
LG2	13153511	13153894	383
LG2	13154002	13154121	119
LG2	13155292	13159774	4482
LG2	13159831	13160002	171
LG2	13160110	13160824	714
LG2	13160929	13167347	6418
LG2	13167692	13168383	691
LG2	13168473	13169631	1158
LG2	13169895	13169993	98
LG2	13170279	13170596	317
LG2	13170691	13171491	800
LG2	13171634	13172385	751
LG2	13172844	13175378	2534
LG2	13175485	13176367	882
LG2	13176423	13176769	346
LG2	13176839	13179237	2398
LG2	13179831	13180256	425
LG2	13180650	13181615	965
LG2	13181784	13182178	394
LG2	13182325	13182392	67
LG2	13182671	13183350	679
LG2	13185210	13186483	1273
LG2	13186603	13187355	752
LG2	13189129	13189293	164
LG2	13189401	13191987	2586
LG2	13192164	13194723	2559
LG2	13196344	13196411	67
LG2	13196437	13196534	97
LG2	13196542	13197139	597
LG2	13197218	13199755	2537
LG2	13199831	13199883	52
LG2	13200067	13200696	629
LG2	13201499	13206016	4517
LG2	13206152	13206252	100
LG2	13206388	13207626	1238
LG2	13208753	13210890	2137
LG2	13210987	13212348	1361
LG2	13212468	13214481	2013
LG2	13215586	13216279	693
LG2	13216421	13218067	1646
LG2	13218200	13218368	168
LG2	13218503	13219928	1425
LG2	13220019	13220180	161
LG2	13220269	13223128	2859
LG2	13223153	13224391	1238
LG2	13225594	13226896	1302
LG2	13227182	13228108	926
LG2	13228732	13232734	4002
LG2	13233529	13236794	3265
LG2	13237538	13237844	306
LG2	13238616	13240012	1396
LG2	13240229	13240722	493
LG2	13241431	13243377	1946
LG2	13244387	13245916	1529
LG2	13246381	13247476	1095
LG2	13247590	13249683	2093
LG2	13252301	13252963	662
LG2	13253007	13253548	541
LG2	13253733	13258201	4468
LG2	13258841	13263778	4937
LG2	13264212	13265263	1051
LG2	13265274	13265314	40
LG2	13265339	13266128	789
LG2	13266255	13267650	1395
LG2	13268427	13268679	252
LG2	13268685	13270969	2284
LG2	13270978	13271470	492
LG2	13271584	13273226	1642
LG2	13273651	13273986	335
LG2	13274114	13274408	294
LG2	13275468	13276031	563
LG2	13276075	13276142	67
LG2	13276650	13278494	1844
LG2	13278522	13280133	1611
LG2	13280474	13281561	1087
LG2	13281563	13281713	150
LG2	13281717	13281792	75
LG2	13282150	13283084	934
LG2	13283661	13283719	58
LG2	13283829	13284871	1042
LG2	13284982	13286135	1153
LG2	13286158	13286564	406
LG2	13286633	13287111	478
LG2	13287196	13287726	530
LG2	13287812	13287974	162
LG2	13288167	13288826	659
LG2	13289035	13290785	1750
LG2	13290788	13290881	93
LG2	13291011	13291130	119
LG2	13291529	13294396	2867
LG2	13294845	13296700	1855
LG2	13297288	13298217	929
LG2	13298990	13300049	1059
LG2	13300245	13301338	1093
LG2	13301538	13302207	669
LG2	13302505	13303165	660
LG2	13303197	13303798	601
LG2	13303909	13305387	1478
LG2	13305467	13305702	235
LG2	13305775	13306205	430
LG2	13306357	13306501	144
LG2	13308103	13308191	88
LG2	13308660	13309178	518
LG2	13310280	13310504	224
LG2	13310765	13311936	1171
LG2	13313043	13313566	523
LG2	13314276	13314616	340
LG2	13314989	13316706	1717
LG2	13316803	13316902	99
LG2	13319031	13319885	854
LG2	13320104	13320773	669
LG2	13320808	13321309	501
LG2	13321355	13322147	792
LG2	13322469	13322728	259
LG2	13324052	13324324	272
LG2	13325059	13325207	148
LG2	13325413	13325780	367
LG2	13325893	13326126	233
LG2	13326284	13326789	505
LG2	13332799	13333209	410
LG2	13334447	13335684	1237
LG2	13337557	13338219	662
LG2	13338377	13340245	1868
LG2	13341573	13341751	178
LG2	13342039	13342532	493
LG2	13342606	13342726	120
LG2	13342875	13344270	1395
LG2	13344693	13345044	351
LG2	13345247	13345569	322
LG2	13345833	13346236	403
LG2	13346471	13346615	144
LG2	13347714	13349181	1467
LG2	13349286	13350223	937
LG2	13351144	13351339	195
LG2	13352977	13353181	204
LG2	13353589	13353824	235
LG2	13353849	13353881	32
LG2	13353923	13354217	294
LG2	13354405	13356878	2473
LG2	13358783	13358955	172
LG2	13359673	13360146	473
LG2	13361429	13362211	782
LG2	13362935	13363161	226
LG2	13363290	13363495	205
LG2	13363804	13365400	1596
LG2	13365996	13366333	337
LG2	13370129	13370613	484
LG2	13370664	13371570	906
LG2	13371815	13372087	272
LG2	13372877	13373611	734
LG2	13373945	13374188	243
LG2	13374976	13375139	163
LG2	13375320	13376329	1009
LG2	13376343	13376799	456
LG2	13376877	13377178	301
LG2	13377349	13377425	76
LG2	13378762	13379082	320
LG2	13379959	13380173	214
LG2	13380843	13382065	1222
LG2	13383515	13383924	409
LG2	13384037	13384244	207
LG2	13384332	13385798	1466
LG2	13385894	13386197	303
LG2	13386212	13386236	24
LG2	13386974	13387035	61
LG2	13387740	13388073	333
LG2	13388396	13388938	542
LG2	13388973	13389551	578
LG2	13390892	13391254	362
LG2	13393171	13394121	950
LG2	13395791	13396275	484
LG2	13399476	13401523	2047
LG2	13403547	13403802	255
LG2	13403884	13404091	207
LG2	13405639	13406278	639
LG2	13406475	13406538	63
LG2	13407000	13407321	321
LG2	13411847	13412096	249
LG2	13412502	13412673	171
LG2	13413871	13414113	242
LG2	13414637	13414767	130
LG2	13414926	13415330	404
LG2	13415883	13416169	286
LG2	13417048	13417775	727
LG2	13418915	13419726	811
LG2	13420132	13420369	237
LG2	13427571	13428179	608
LG2	13429502	13429980	478
LG2	13430534	13431216	682
LG2	13431338	13431508	170
LG2	13431958	13432632	674
LG2	13432877	13434297	1420
LG2	13434435	13435034	599
LG2	13435547	13435755	208
LG2	13435843	13438169	2326
LG2	13438483	13442781	4298
LG2	13442832	13445385	2553
LG2	13445480	13445912	432
LG2	13445932	13446003	71
LG2	13446042	13447731	1689
LG2	13447932	13455059	7127
LG2	13456013	13457393	1380
LG2	13457726	13457921	195
LG2	13458035	13458233	198
LG2	13458407	13458612	205
LG2	13458867	13459353	486
LG2	13459512	13460412	900
LG2	13460820	13462512	1692
LG2	13462604	13463733	1129
LG2	13463825	13464360	535
LG2	13468003	13468607	604
LG2	13469657	13470443	786
LG2	13470750	13472132	1382
LG2	13473393	13473808	415
LG2	13473912	13474353	441
LG2	13474396	13476078	1682
LG2	13476557	13477640	1083
LG2	13479875	13480277	402
LG2	13480604	13481997	1393
LG2	13482953	13483756	803
LG2	13483878	13486566	2688
LG2	13486876	13488616	1740
LG2	13489577	13490872	1295
LG2	13491638	13496307	4669
LG2	13496488	13497585	1097
LG2	13497645	13498300	655
LG2	13498881	13500081	1200
LG2	13502194	13502736	542
LG2	13502798	13504760	1962
LG2	13505213	13505709	496
LG2	13506368	13507976	1608
LG2	13508384	13508602	218
LG2	13508635	13508687	52
LG2	13508850	13510163	1313
LG2	13510348	13511017	669
LG2	13511446	13512195	749
LG2	13512339	13512772	433
LG2	13514348	13514795	447
LG2	13514863	13516320	1457
LG2	13517869	13519462	1593
LG2	13519655	13520346	691
LG2	13520532	13521391	859
LG2	13521453	13524507	3054
LG2	13524574	13524959	385
LG2	13525047	13526412	1365
LG2	13526572	13528047	1475
LG2	13528155	13529029	874
LG2	13529237	13532080	2843
LG2	13532146	13534115	1969
LG2	13534171	13534807	636
LG2	13534864	13536219	1355
LG2	13536330	13536412	82
LG2	13536605	13538003	1398
LG2	13538116	13538340	224
LG2	13539995	13540883	888
LG2	13542281	13542827	546
LG2	13542938	13543819	881
LG2	13544153	13545055	902
LG2	13545204	13545791	587
LG2	13545958	13546600	642
LG2	13546610	13547712	1102
LG2	13547780	13548606	826
LG2	13548645	13548895	250
LG2	13549346	13549858	512
LG2	13551705	13555059	3354
LG2	13555327	13555909	582
LG2	13556161	13559569	3408
LG2	13559600	13560756	1156
LG2	13560799	13561035	236
LG2	13561094	13563640	2546
LG2	13563743	13564482	739
LG2	13565009	13566152	1143
LG2	13566704	13567326	622
LG2	13568025	13571069	3044
LG2	13571886	13571939	53
LG2	13572000	13573864	1864
LG2	13575497	13575901	404
LG2	13578248	13578899	651
LG2	13578915	13580701	1786
LG2	13580798	13580970	172
LG2	13580984	13582602	1618
LG2	13582678	13583225	547
LG2	13583484	13583515	31
LG2	13583975	13585195	1220
LG2	13585360	13586236	876
LG2	13587057	13587822	765
LG2	13588073	13589304	1231
LG2	13589676	13590381	705
LG2	13590618	13593220	2602
LG2	13593943	13594092	149
LG2	13595433	13595670	237
LG2	13595863	13595966	103
LG2	13596216	13596629	413
LG2	13597114	13597172	58
LG2	13597431	13597524	93
LG2	13598088	13599274	1186
LG2	13599828	13600772	944
LG2	13601016	13601559	543
LG2	13601743	13604281	2538
LG2	13604350	13604998	648
LG2	13605173	13605266	93
LG2	13605357	13605948	591
LG2	13606036	13606517	481
LG2	13606633	13607618	985
LG2	13608724	13610186	1462
LG2	13612194	13612356	162
LG2	13612618	13613826	1208
LG2	13614120	13615341	1221
LG2	13615474	13615988	514
LG2	13616100	13616358	258
LG2	13618035	13618262	227
LG2	13618327	13619511	1184
LG2	13622338	13622684	346
LG2	13622830	13623081	251
LG2	13624840	13625290	450
LG2	13625419	13625691	272
LG2	13625978	13626390	412
LG2	13626472	13626681	209
LG2	13626986	13627595	609
LG2	13628208	13628335	127
LG2	13629101	13629692	591
LG2	13630446	13630545	99
LG2	13631057	13631683	626
LG2	13631924	13632100	176
LG2	13633597	13633892	295
LG2	13636373	13636620	247
LG2	13636820	13637560	740
LG2	13638352	13638619	267
LG2	13638791	13639114	323
LG2	13639250	13639490	240
LG2	13639613	13639955	342
LG2	13639984	13640510	526
LG2	13641529	13642664	1135
LG2	13644946	13645631	685
LG2	13646126	13647724	1598
LG2	13647757	13648663	906
LG2	13649367	13651294	1927
LG2	13652024	13652857	833
LG2	13652860	13652906	46
LG2	13659564	13659994	430
LG2	13660900	13661225	325
LG2	13661329	13662377	1048
LG2	13662403	13663029	626
LG2	13664336	13664369	33
LG2	13664660	13665075	415
LG2	13665088	13665149	61
LG2	13666055	13666719	664
LG2	13666980	13667004	24
LG2	13667976	13668596	620
LG2	13671499	13671588	89
LG2	13673540	13674260	720
LG2	13676703	13676991	288
LG2	13677022	13677180	158
LG2	13677241	13677799	558
LG2	13686168	13686569	401
LG2	13687060	13687163	103
LG2	13692534	13692605	71
LG2	13692837	13693371	534
LG2	13694047	13694217	170
LG2	13694313	13694768	455
LG2	13697591	13698551	960
LG2	13707196	13707563	367
LG2	13709269	13709765	496
LG2	13710177	13710762	585
LG2	13711204	13711340	136
LG2	13713775	13714081	306
LG2	13714212	13714922	710
LG2	13716717	13717113	396
LG2	13717817	13718721	904
LG2	13725421	13725486	65
LG2	13726861	13727607	746
LG2	13727635	13727690	55
LG2	13727787	13728660	873
LG2	13732191	13734141	1950
LG2	13734933	13735003	70
LG2	13735670	13737461	1791
LG2	13741319	13741999	680
LG2	13743156	13743745	589
LG2	13745014	13745658	644
LG2	13746884	13747442	558
LG2	13748650	13749001	351
LG2	13749438	13750160	722
LG2	13750880	13751247	367
LG2	13753285	13754562	1277
LG2	13755998	13757684	1686
LG2	13759236	13759488	252
LG2	13759720	13760784	1064
LG2	13761295	13761491	196
LG2	13761978	13762300	322
LG2	13764002	13765531	1529
LG2	13765593	13766004	411
LG2	13766291	13766756	465
LG2	13766962	13767664	702
LG2	13770340	13770482	142
LG2	13771183	13771322	139
LG2	13773375	13773496	121
LG2	13773638	13774054	416
LG2	13775029	13775215	186
LG2	13776172	13776626	454
LG2	13779239	13779333	94
LG2	13784890	13785982	1092
LG2	13786970	13787722	752
LG2	13790191	13791026	835
LG2	13791301	13791590	289
LG2	13793063	13793676	613
LG2	13795359	13795445	86
LG2	13796151	13796272	121
LG2	13796632	13796955	323
LG2	13797630	13798544	914
LG2	13800145	13800637	492
LG2	13800749	13800997	248
LG2	13801362	13801903	541
LG2	13801996	13802398	402
LG2	13803075	13804083	1008
LG2	13804221	13804591	370
LG2	13806209	13806576	367
LG2	13808526	13808827	301
LG2	13808894	13809804	910
LG2	13811203	13812061	858
LG2	13813663	13814349	686
LG2	13815209	13815407	198
LG2	13816533	13816824	291
LG2	13816849	13816916	67
LG2	13818087	13819104	1017
LG2	13819992	13820084	92
LG2	13820132	13821488	1356
LG2	13822809	13823615	806
LG2	13825954	13826381	427
LG2	13827511	13827802	291
LG2	13832382	13833202	820
LG2	13834021	13834288	267
LG2	13834864	13835187	323
LG2	13837431	13838753	1322
LG2	13841291	13842023	732
LG2	13842230	13842730	500
LG2	13843685	13843901	216
LG2	13844107	13845708	1601
LG2	13845854	13847388	1534
LG2	13847807	13849503	1696
LG2	13851493	13852235	742
LG2	13853057	13853172	115
LG2	13855246	13855613	367
LG2	13856135	13856355	220
LG2	13856418	13856585	167
LG2	13859590	13859852	262
LG2	13861703	13866103	4400
LG2	13866222	13866919	697
LG2	13867058	13868205	1147
LG2	13868299	13869634	1335
LG2	13871337	13871820	483
LG2	13873254	13874503	1249
LG2	13874602	13875205	603
LG2	13876526	13876800	274
LG2	13876924	13877444	520
LG2	13877884	13878081	197
LG2	13881720	13882363	643
LG2	13886606	13887501	895
LG2	13887521	13887822	301
LG2	13888821	13889425	604
LG2	13892151	13892484	333
LG2	13892645	13894639	1994
LG2	13895614	13896760	1146
LG2	13897241	13898102	861
LG2	13898205	13898911	706
LG2	13899685	13899848	163
LG2	13900003	13900267	264
LG2	13900856	13901232	376
LG2	13901441	13901648	207
LG2	13902386	13902474	88
LG2	13905735	13907192	1457
LG2	13907314	13907459	145
LG2	13907974	13908399	425
LG2	13909560	13910626	1066
LG2	13911127	13911547	420
LG2	13911690	13912047	357
LG2	13912301	13912434	133
LG2	13912702	13913042	340
LG2	13913310	13913626	316
LG2	13913832	13914223	391
LG2	13916091	13916497	406
LG2	13917395	13918201	806
LG2	13918261	13918547	286
LG2	13918898	13919461	563
LG2	13919515	13919580	65
LG2	13919858	13920524	666
LG2	13922102	13922795	693
LG2	13925163	13925609	446
LG2	13925782	13927189	1407
LG2	13927206	13928145	939
LG2	13928161	13928226	65
LG2	13928588	13929184	596
LG2	13929237	13929301	64
LG2	13929859	13930477	618
LG2	13931136	13931960	824
LG2	13932495	13933334	839
LG2	13936636	13936729	93
LG2	13937677	13938142	465
LG2	13938683	13939376	693
LG2	13941900	13942955	1055
LG2	13943308	13943865	557
LG2	13944345	13944831	486
LG2	13945166	13945235	69
LG2	13945698	13946613	915
LG2	13946830	13948028	1198
LG2	13948956	13950207	1251
LG2	13950329	13950358	29
LG2	13950402	13951535	1133
LG2	13951906	13953613	1707
LG2	13954756	13954992	236
LG2	13955161	13956470	1309
LG2	13958093	13959157	1064
LG2	13959571	13960406	835
LG2	13961798	13961880	82
LG2	13961963	13963241	1278
LG2	13963777	13964225	448
LG2	13964299	13964467	168
LG2	13965502	13967094	1592
LG2	13967658	13967825	167
LG2	13968753	13969196	443
LG2	13971340	13972910	1570
LG2	13975640	13976154	514
LG2	13977032	13977320	288
LG2	13978354	13978723	369
LG2	13978782	13979538	756
LG2	13979944	13982066	2122
LG2	13982395	13983060	665
LG2	13985078	13985436	358
LG2	13985553	13986108	555
LG2	13986347	13987086	739
LG2	13987677	13987982	305
LG2	13988523	13989323	800
LG2	13989443	13989675	232
LG2	13989946	13990634	688
LG2	13990661	13991888	1227
LG2	13992053	13994664	2611
LG2	13994846	13994969	123
LG2	13997298	13997640	342
LG2	13997661	13998021	360
LG2	13998090	13998140	50
LG2	13998385	13999865	1480
LG2	14000132	14000745	613
LG2	14001313	14002426	1113
LG2	14002467	14003792	1325
LG2	14003948	14005173	1225
LG2	14005340	14008238	2898
LG2	14008277	14009906	1629
LG2	14009993	14012416	2423
LG2	14013474	14013817	343
LG2	14013967	14015088	1121
LG2	14016286	14018640	2354
LG2	14018728	14018829	101
LG2	14018864	14019147	283
LG2	14019166	14019752	586
LG2	14021661	14023112	1451
LG2	14023672	14024102	430
LG2	14024775	14024911	136
LG2	14028990	14029992	1002
LG2	14030195	14031192	997
LG2	14031817	14032250	433
LG2	14032388	14032750	362
LG2	14034291	14035118	827
LG2	14035187	14035604	417
LG2	14036569	14037907	1338
LG2	14039366	14039645	279
LG2	14040382	14042413	2031
LG2	14042541	14045251	2710
LG2	14046585	14047454	869
LG2	14047645	14048023	378
LG2	14049945	14050285	340
LG2	14050923	14053961	3038
LG2	14056376	14056476	100
LG2	14056887	14057130	243
LG2	14058261	14059730	1469
LG2	14061520	14062219	699
LG2	14064852	14065785	933
LG2	14066558	14066712	154
LG2	14068605	14068917	312
LG2	14069009	14069136	127
LG2	14069829	14069917	88
LG2	14070016	14070336	320
LG2	14075075	14075583	508
LG2	14077231	14077713	482
LG2	14079337	14080599	1262
LG2	14083155	14083805	650
LG2	14084864	14085132	268
LG2	14085272	14086894	1622
LG2	14086913	14087101	188
LG2	14087772	14088023	251
LG2	14088093	14088097	4
LG2	14088157	14088581	424
LG2	14090384	14090851	467
LG2	14091241	14091517	276
LG2	14092884	14093047	163
LG2	14093059	14093426	367
LG2	14093619	14094024	405
LG2	14095027	14095335	308
LG2	14095441	14095903	462
LG2	14097912	14101232	3320
LG2	14102030	14102766	736
LG2	14104112	14106624	2512
LG2	14111273	14112380	1107
LG2	14116395	14117601	1206
LG2	14117869	14118150	281
LG2	14118189	14119018	829
LG2	14121212	14123423	2211
LG2	14123922	14125149	1227
LG2	14125176	14125450	274
LG2	14127776	14128671	895
LG2	14129923	14130584	661
LG2	14130948	14131593	645
LG2	14132168	14133225	1057
LG2	14133232	14133981	749
LG2	14134185	14137700	3515
LG2	14139023	14139838	815
LG2	14139992	14140301	309
LG2	14141124	14142357	1233
LG2	14143521	14145099	1578
LG2	14145209	14145482	273
LG2	14145602	14146341	739
LG2	14146363	14146497	134
LG2	14148358	14148835	477
LG2	14149735	14150093	358
LG2	14151497	14153734	2237
LG2	14156540	14156944	404
LG2	14156965	14158257	1292
LG2	14160331	14163061	2730
LG2	14164890	14165051	161
LG2	14165204	14166682	1478
LG2	14169477	14169536	59
LG2	14169991	14170706	715
LG2	14172213	14172763	550
LG2	14174533	14174642	109
LG2	14174752	14175292	540
LG2	14176809	14176936	127
LG2	14176937	14176948	11
LG2	14176987	14177329	342
LG2	14178439	14178858	419
LG2	14178955	14179062	107
LG2	14179183	14180033	850
LG2	14181417	14181472	55
LG2	14181702	14182438	736
LG2	14182885	14183599	714
LG2	14185095	14185428	333
LG2	14186984	14187805	821
LG2	14188831	14189928	1097
LG2	14202232	14202526	294
LG2	14203947	14204310	363
LG2	14206933	14207118	185
LG2	14208892	14209960	1068
LG2	14210850	14211621	771
LG2	14213641	14214018	377
LG2	14215605	14215851	246
LG2	14218748	14218932	184
LG2	14222312	14222516	204
LG2	14225718	14225932	214
LG2	14226097	14226508	411
LG2	14227840	14228282	442
LG2	14229045	14229423	378
LG2	14229462	14229626	164
LG2	14230186	14230994	808
LG2	14231612	14232755	1143
LG2	14233038	14234680	1642
LG2	14234821	14235261	440
LG2	14235808	14236022	214
LG2	14236153	14236485	332
LG2	14236511	14237824	1313
LG2	14239359	14240246	887
LG2	14241332	14241775	443
LG2	14243214	14244487	1273
LG2	14246397	14246483	86
LG2	14247382	14247769	387
LG2	14248004	14248131	127
LG2	14248997	14249326	329
LG2	14249676	14249857	181
LG2	14250827	14252025	1198
LG2	14252344	14252639	295
LG2	14252802	14252892	90
LG2	14252928	14253575	647
LG2	14254231	14254646	415
LG2	14256466	14256805	339
LG2	14256898	14257018	120
LG2	14257123	14257892	769
LG2	14257981	14258247	266
LG2	14259841	14260163	322
LG2	14260667	14261147	480
LG2	14261454	14261883	429
LG2	14263262	14264050	788
LG2	14264188	14264406	218
LG2	14266411	14267032	621
LG2	14267242	14267644	402
LG2	14267958	14268066	108
LG2	14268113	14268344	231
LG2	14268739	14269021	282
LG2	14269088	14269680	592
LG2	14270325	14272169	1844
LG2	14272207	14272241	34
LG2	14275451	14275666	215
LG2	14275779	14275925	146
LG2	14276101	14276845	744
LG2	14277574	14278267	693
LG2	14279562	14279763	201
LG2	14281845	14282789	944
LG2	14284878	14285176	298
LG2	14286564	14288261	1697
LG2	14288506	14289325	819
LG2	14290284	14290461	177
LG2	14290886	14291773	887
LG2	14291936	14292319	383
LG2	14292379	14293242	863
LG2	14293602	14293743	141
LG2	14294163	14294410	247
LG2	14295218	14295343	125
LG2	14295357	14295710	353
LG2	14295796	14295981	185
LG2	14296123	14296997	874
LG2	14298314	14298435	121
LG2	14298510	14299399	889
LG2	14299534	14299713	179
LG2	14300103	14300317	214
LG2	14300484	14301114	630
LG2	14301533	14301713	180
LG2	14301931	14302371	440
LG2	14302469	14303830	1361
LG2	14304918	14305241	323
LG2	14305280	14305747	467
LG2	14305985	14306499	514
LG2	14307266	14307606	340
LG2	14307967	14309068	1101
LG2	14309114	14311089	1975
LG2	14315737	14316707	970
LG2	14316800	14317413	613
LG2	14317751	14317927	176
LG2	14318019	14318194	175
LG2	14318305	14318544	239
LG2	14318545	14319420	875
LG2	14320427	14320811	384
LG2	14321640	14321788	148
LG2	14323949	14324304	355
LG2	14324324	14324522	198
LG2	14326175	14327380	1205
LG2	14327522	14327688	166
LG2	14327719	14327867	148
LG2	14328007	14328135	128
LG2	14328267	14328673	406
LG2	14329958	14330441	483
LG2	14333636	14333716	80
LG2	14333799	14335611	1812
LG2	14338239	14339463	1224
LG2	14339487	14341057	1570
LG2	14341662	14342105	443
LG2	14342275	14343672	1397
LG2	14343777	14344012	235
LG2	14344126	14344294	168
LG2	14347094	14347156	62
LG2	14347482	14347735	253
LG2	14347752	14347939	187
LG2	14348220	14348382	162
LG2	14348525	14348691	166
LG2	14350980	14351227	247
LG2	14351802	14351920	118
LG2	14352728	14353039	311
LG2	14354958	14355021	63
LG2	14355256	14356796	1540
LG2	14360172	14360639	467
LG2	14362499	14363482	983
LG2	14363670	14363740	70
LG2	14364924	14365142	218
LG2	14366748	14369543	2795
LG2	14369703	14370059	356
LG2	14370345	14371117	772
LG2	14371399	14372830	1431
LG2	14373164	14373245	81
LG2	14373269	14373324	55
LG2	14373674	14373797	123
LG2	14374071	14376060	1989
LG2	14377002	14377375	373
LG2	14377748	14377944	196
LG2	14378754	14380297	1543
LG2	14380981	14381359	378
LG2	14381548	14381710	162
LG2	14382880	14383108	228
LG2	14383196	14383370	174
LG2	14384325	14385044	719
LG2	14385140	14385831	691
LG2	14385934	14386416	482
LG2	14386431	14387037	606
LG2	14387993	14388518	525
LG2	14390558	14391104	546
LG2	14391796	14392512	716
LG2	14392585	14392882	297
LG2	14392941	14393017	76
LG2	14393684	14394082	398
LG2	14394273	14394355	82
LG2	14395496	14395933	437
LG2	14397594	14399179	1585
LG2	14404948	14405387	439
LG2	14406775	14406987	212
LG2	14408818	14409293	475
LG2	14409820	14410554	734
LG2	14411678	14411692	14
LG2	14411968	14412752	784
LG2	14412789	14413003	214
LG2	14413017	14413549	532
LG2	14414546	14414769	223
LG2	14416141	14416523	382
LG2	14417162	14417349	187
LG2	14417479	14418537	1058
LG2	14418562	14418591	29
LG2	14418624	14420630	2006
LG2	14420771	14421079	308
LG2	14421974	14422221	247
LG2	14422909	14424344	1435
LG2	14424349	14425734	1385
LG2	14425822	14425868	46
LG2	14425946	14426033	87
LG2	14426249	14426487	238
LG2	14426745	14427298	553
LG2	14427778	14427965	187
LG2	14428082	14428927	845
LG2	14431552	14431947	395
LG2	14432081	14432887	806
LG2	14433046	14433286	240
LG2	14433312	14433699	387
LG2	14433825	14433919	94
LG2	14435000	14435795	795
LG2	14435858	14436721	863
LG2	14436920	14437447	527
LG2	14438301	14438711	410
LG2	14438862	14440298	1436
LG2	14442227	14442452	225
LG2	14442653	14444088	1435
LG2	14445561	14446027	466
LG2	14446428	14446511	83
LG2	14446871	14447826	955
LG2	14448204	14448721	517
LG2	14449421	14450657	1236
LG2	14451609	14452423	814
LG2	14452794	14453482	688
LG2	14453588	14454010	422
LG2	14454533	14454886	353
LG2	14455307	14455787	480
LG2	14455811	14457169	1358
LG2	14457877	14458522	645
LG2	14458663	14458752	89
LG2	14459065	14460640	1575
LG2	14461546	14461737	191
LG2	14462349	14463220	871
LG2	14464168	14464452	284
LG2	14464498	14464758	260
LG2	14465554	14466893	1339
LG2	14467481	14468573	1092
LG2	14469642	14470083	441
LG2	14470782	14471904	1122
LG2	14472116	14472255	139
LG2	14472324	14473116	792
LG2	14473692	14474194	502
LG2	14474973	14476798	1825
LG2	14476964	14477029	65
LG2	14477126	14477337	211
LG2	14477938	14478479	541
LG2	14479022	14479582	560
LG2	14479763	14480214	451
LG2	14480232	14480389	157
LG2	14480625	14482558	1933
LG2	14482702	14482827	125
LG2	14482914	14483324	410
LG2	14483349	14484154	805
LG2	14484218	14484702	484
LG2	14484932	14485230	298
LG2	14485529	14486218	689
LG2	14487546	14488724	1178
LG2	14490165	14490552	387
LG2	14491791	14493364	1573
LG2	14493459	14494129	670
LG2	14494626	14495483	857
LG2	14495975	14496419	444
LG2	14497887	14498223	336
LG2	14499879	14500481	602
LG2	14500578	14500678	100
LG2	14500888	14501614	726
LG2	14502060	14502500	440
LG2	14502623	14503676	1053
LG2	14504668	14505339	671
LG2	14505395	14505586	191
LG2	14506100	14506916	816
LG2	14507548	14508183	635
LG2	14509994	14510142	148
LG2	14510494	14511174	680
LG2	14511235	14512006	771
LG2	14512327	14512447	120
LG2	14512747	14512975	228
LG2	14513930	14514211	281
LG2	14514245	14514800	555
LG2	14516374	14517945	1571
LG2	14519635	14520421	786
LG2	14520467	14521196	729
LG2	14524147	14524697	550
LG2	14524801	14525073	272
LG2	14526794	14527354	560
LG2	14527568	14527891	323
LG2	14528536	14528677	141
LG2	14528708	14528984	276
LG2	14529588	14530320	732
LG2	14531911	14532409	498
LG2	14534311	14534987	676
LG2	14536067	14536620	553
LG2	14536648	14537881	1233
LG2	14538719	14540198	1479
LG2	14540969	14541118	149
LG2	14542591	14543720	1129
LG2	14543898	14544019	121
LG2	14545911	14546210	299
LG2	14546289	14546590	301
LG2	14548130	14549786	1656
LG2	14549866	14549976	110
LG2	14550107	14550529	422
LG2	14551065	14551388	323
LG2	14552218	14552313	95
LG2	14553480	14555350	1870
LG2	14556324	14557496	1172
LG2	14558224	14558338	114
LG2	14558341	14558446	105
LG2	14559544	14560206	662
LG2	14560309	14560675	366
LG2	14561349	14561568	219
LG2	14561848	14562166	318
LG2	14562286	14562631	345
LG2	14562693	14563242	549
LG2	14564301	14564949	648
LG2	14565478	14566195	717
LG2	14571130	14573165	2035
LG2	14573415	14574927	1512
LG2	14575917	14577563	1646
LG2	14577625	14578602	977
LG2	14578896	14580847	1951
LG2	14581988	14582475	487
LG2	14582989	14584195	1206
LG2	14584407	14585109	702
LG2	14586063	14586378	315
LG2	14587289	14588383	1094
LG2	14588912	14589546	634
LG2	14589589	14590543	954
LG2	14590576	14591911	1335
LG2	14592191	14592414	223
LG2	14592559	14593354	795
LG2	14593373	14593893	520
LG2	14594219	14594900	681
LG2	14594927	14595735	808
LG2	14596489	14598404	1915
LG2	14598538	14600598	2060
LG2	14601168	14603092	1924
LG2	14603349	14603898	549
LG2	14604989	14605994	1005
LG2	14607334	14607647	313
LG2	14607869	14608462	593
LG2	14610117	14610235	118
LG2	14610329	14610951	622
LG2	14611044	14611726	682
LG2	14612025	14612265	240
LG2	14613131	14613519	388
LG2	14613843	14615005	1162
LG2	14615080	14615454	374
LG2	14616182	14617120	938
LG2	14617459	14619289	1830
LG2	14619466	14620950	1484
LG2	14621090	14621337	247
LG2	14621591	14621768	177
LG2	14622002	14622645	643
LG2	14623057	14623181	124
LG2	14623282	14624109	827
LG2	14625091	14625644	553
LG2	14626059	14627259	1200
LG2	14627445	14627801	356
LG2	14628129	14628556	427
LG2	14628888	14629694	806
LG2	14629864	14630714	850
LG2	14631215	14633657	2442
LG2	14633876	14634405	529
LG2	14635405	14635883	478
LG2	14635912	14636646	734
LG2	14636714	14637867	1153
LG2	14637986	14638178	192
LG2	14638816	14639136	320
LG2	14639219	14639395	176
LG2	14640095	14642528	2433
LG2	14643719	14644135	416
LG2	14644363	14645492	1129
LG2	14646275	14647819	1544
LG2	14649186	14649701	515
LG2	14650731	14650959	228
LG2	14651747	14652037	290
LG2	14652274	14652862	588
LG2	14653737	14654713	976
LG2	14654724	14654729	5
LG2	14654738	14655565	827
LG2	14655984	14656645	661
LG2	14656844	14658100	1256
LG2	14658208	14658727	519
LG2	14659523	14659838	315
LG2	14659864	14660357	493
LG2	14660674	14661413	739
LG2	14661539	14662902	1363
LG2	14663356	14664518	1162
LG2	14664908	14665194	286
LG2	14665911	14667070	1159
LG2	14667148	14668606	1458
LG2	14669470	14669687	217
LG2	14669691	14669878	187
LG2	14670564	14671602	1038
LG2	14671678	14673359	1681
LG2	14673780	14674458	678
LG2	14675926	14676187	261
LG2	14676325	14677164	839
LG2	14677194	14678304	1110
LG2	14681311	14683087	1776
LG2	14683293	14683455	162
LG2	14683506	14684517	1011
LG2	14684960	14686465	1505
LG2	14687529	14691223	3694
LG2	14691238	14691695	457
LG2	14693122	14693242	120
LG2	14693295	14693458	163
LG2	14693472	14694644	1172
LG2	14694746	14695354	608
LG2	14695450	14696030	580
LG2	14697078	14698170	1092
LG2	14698355	14700435	2080
LG2	14700609	14702049	1440
LG2	14702755	14703387	632
LG2	14705051	14705769	718
LG2	14706020	14709878	3858
LG2	14709946	14710670	724
LG2	14710852	14710924	72
LG2	14711151	14711680	529
LG2	14712095	14713918	1823
LG2	14714100	14714381	281
LG2	14714886	14715118	232
LG2	14715228	14717548	2320
LG2	14718009	14718418	409
LG2	14718429	14718634	205
LG2	14719011	14719084	73
LG2	14719680	14720644	964
LG2	14721738	14724213	2475
LG2	14725268	14725493	225
LG2	14725521	14725729	208
LG2	14725951	14726244	293
LG2	14727189	14728294	1105
LG2	14728738	14728845	107
LG2	14728978	14730230	1252
LG2	14731037	14731361	324
LG2	14731731	14731827	96
LG2	14732202	14735002	2800
LG2	14735585	14735855	270
LG2	14736068	14738752	2684
LG2	14739000	14739229	229
LG2	14739842	14740385	543
LG2	14741452	14742809	1357
LG2	14742922	14743383	461
LG2	14743866	14746441	2575
LG2	14747610	14747834	224
LG2	14748008	14748526	518
LG2	14748567	14749461	894
LG2	14750703	14752497	1794
LG2	14753060	14756305	3245
LG2	14756531	14756610	79
LG2	14756611	14756794	183
LG2	14756978	14758032	1054
LG2	14758060	14758395	335
LG2	14758488	14759303	815
LG2	14759345	14759610	265
LG2	14759845	14760712	867
LG2	14760997	14761178	181
LG2	14761379	14763131	1752
LG2	14763244	14763332	88
LG2	14763470	14764283	813
LG2	14764817	14765120	303
LG2	14766146	14768822	2676
LG2	14769348	14770646	1298
LG2	14771358	14772313	955
LG2	14772417	14772569	152
LG2	14772917	14773101	184
LG2	14773342	14773799	457
LG2	14773955	14774821	866
LG2	14775184	14775380	196
LG2	14775749	14775832	83
LG2	14778654	14778828	174
LG2	14778949	14779591	642
LG2	14779794	14781794	2000
LG2	14782259	14783262	1003
LG2	14783669	14784790	1121
LG2	14784859	14785733	874
LG2	14786823	14787022	199
LG2	14787683	14787773	90
LG2	14788467	14788782	315
LG2	14789810	14791027	1217
LG2	14791843	14792413	570
LG2	14792652	14794228	1576
LG2	14794321	14794763	442
LG2	14795041	14796897	1856
LG2	14797276	14797721	445
LG2	14797906	14801205	3299
LG2	14808326	14809384	1058
LG2	14824583	14825312	729
LG2	14825364	14826088	724
LG2	14830349	14830637	288
LG2	14840831	14841127	296
LG2	14841192	14841408	216
LG2	14843779	14844042	263
LG2	14844101	14844271	170
LG2	14844302	14845702	1400
LG2	14847731	14848176	445
LG2	14854831	14855453	622
LG2	14860919	14862585	1666
LG2	14862724	14863255	531
LG2	14866284	14866379	95
LG2	14866517	14866962	445
LG2	14867057	14867440	383
LG2	14867459	14867999	540
LG2	14869572	14869732	160
LG2	14874710	14874833	123
LG2	14878888	14880024	1136
LG2	14890740	14891901	1161
LG2	14893133	14893473	340
LG2	14896999	14898224	1225
LG2	14898388	14898554	166
LG2	14898653	14898941	288
LG2	14901837	14902059	222
LG2	14903777	14904505	728
LG2	14904703	14905776	1073
LG2	14907018	14907093	75
LG2	14913481	14914220	739
LG2	14914361	14914765	404
LG2	14914778	14915115	337
LG2	14915175	14915509	334
LG2	14917950	14918157	207
LG2	14920148	14920820	672
LG2	14920836	14920969	133
LG2	14920971	14922042	1071
LG2	14925648	14925933	285
LG2	14927718	14929606	1888
LG2	14931463	14931620	157
LG2	14936006	14936163	157
LG2	14936607	14936732	125
LG2	14936972	14937171	199
LG2	14938790	14940016	1226
LG2	14949374	14949906	532
LG2	14950489	14950915	426
LG2	14954283	14954959	676
LG2	14955016	14956177	1161
LG2	14961488	14961705	217
LG2	14961713	14961842	129
LG2	14961846	14962640	794
LG2	14962862	14963323	461
LG2	14964197	14964333	136
LG2	14965746	14965876	130
LG2	14966045	14967212	1167
LG2	14970057	14971945	1888
LG2	14975703	14976428	725
LG2	14976528	14977448	920
LG2	14979438	14979630	192
LG2	14979880	14979894	14
LG2	14979979	14980036	57
LG2	14984432	14986251	1819
LG2	14989564	14990768	1204
LG2	14991006	14991080	74
LG2	14991645	14991876	231
LG2	14992603	14992615	12
LG2	14994066	14994629	563
LG2	14996767	14997983	1216
LG2	14997984	14998079	95
LG2	14998372	14998529	157
LG2	15003015	15004182	1167
LG2	15004418	15004874	456
LG2	15013058	15013784	726
LG2	15013789	15015410	1621
LG2	15020462	15020796	334
LG2	15020830	15021961	1131
LG2	15022193	15022424	231
LG2	15023343	15023545	202
LG2	15025880	15025934	54
LG2	15025966	15026064	98
LG2	15026067	15026551	484
LG2	15026775	15027150	375
LG2	15027192	15027829	637
LG2	15032921	15035123	2202
LG2	15035720	15035870	150
LG2	15045101	15045238	137
LG2	15045302	15045509	207
LG2	15045671	15047214	1543
LG2	15047246	15047409	163
LG2	15049978	15050124	146
LG2	15050688	15050790	102
LG2	15052347	15054272	1925
LG2	15061343	15062117	774
LG2	15062126	15062188	62
LG2	15062363	15062514	151
LG2	15063035	15063107	72
LG2	15063132	15064138	1006
LG2	15064145	15064708	563
LG2	15065072	15065748	676
LG2	15065820	15065881	61
LG2	15065887	15066451	564
LG2	15066484	15066706	222
LG2	15067194	15067307	113
LG2	15069676	15070150	474
LG2	15070875	15071344	469
LG2	15071865	15072269	404
LG2	15077033	15077150	117
LG2	15078558	15078867	309
LG2	15078904	15079892	988
LG2	15079980	15080417	437
LG2	15085885	15086042	157
LG2	15087913	15088640	727
LG2	15088767	15089709	942
LG2	15091173	15091581	408
LG2	15091598	15091718	120
LG2	15099369	15101434	2065
LG2	15103274	15103366	92
LG2	15107941	15109013	1072
LG2	15110157	15110285	128
LG2	15115696	15115929	233
LG2	15115940	15116829	889
LG2	15116840	15117142	302
LG2	15117811	15117993	182
LG2	15124082	15124419	337
LG2	15124485	15125947	1462
LG2	15126342	15126661	319
LG2	15126767	15126819	52
LG2	15128445	15129182	737
LG2	15130482	15131555	1073
LG2	15133538	15135479	1941
LG2	15138109	15139664	1555
LG2	15141122	15141291	169
LG2	15142310	15142427	117
LG2	15142440	15142898	458
LG2	15146645	15147265	620
LG2	15149211	15149299	88
LG2	15149304	15150115	811
LG2	15150173	15150448	275
LG2	15150451	15151304	853
LG2	15153724	15153771	47
LG2	15153865	15153985	120
LG2	15154008	15154358	350
LG2	15154424	15154436	12
LG2	15154668	15154786	118
LG2	15155966	15156157	191
LG2	15156242	15156580	338
LG2	15156595	15157046	451
LG2	15157051	15157419	368
LG2	15165703	15165790	87
LG2	15165794	15165865	71
LG2	15167675	15167890	215
LG2	15167941	15168335	394
LG2	15168359	15168735	376
LG2	15168761	15168775	14
LG2	15168866	15168888	22
LG2	15168923	15169097	174
LG2	15196222	15196410	188
LG2	15197880	15198084	204
LG2	15229082	15229244	162
LG2	15243712	15244026	314
LG2	15245389	15245518	129
LG2	15245598	15245918	320
LG2	15245921	15245945	24
LG2	15249036	15249186	150
LG2	15264487	15266761	2274
LG2	15285136	15285493	357
LG2	15285592	15285862	270
LG2	15290977	15291129	152
LG2	15293604	15293911	307
LG2	15294877	15295607	730
LG2	15298122	15298392	270
LG2	15298491	15298839	348
LG2	15304894	15306252	1358
LG2	15361315	15361426	111
LG2	15364269	15364414	145
LG2	15366317	15368525	2208
LG2	15371107	15371300	193
LG2	15380923	15381125	202
LG2	15388884	15389101	217
LG2	15389722	15389965	243
LG2	15389974	15390518	544
LG2	15390644	15390683	39
LG2	15418593	15419192	599
LG2	15427562	15427684	122
LG2	15435444	15436737	1293
LG2	15436772	15437234	462
LG2	15439438	15439638	200
LG2	15439926	15440068	142
LG2	15444275	15445377	1102
LG2	15445723	15446334	611
LG2	15446340	15446648	308
LG2	15449325	15449583	258
LG2	15451382	15451584	202
LG2	15455803	15456039	236
LG2	15456048	15456389	341
LG2	15477533	15477688	155
LG2	15479120	15479574	454
LG2	15509669	15509800	131
LG2	15510416	15511949	1533
LG2	15511951	15512146	195
LG2	15517295	15517425	130
LG2	15538554	15538648	94
LG2	15540602	15540997	395
LG2	15541030	15541547	517
LG2	15541548	15541699	151
LG2	15549966	15550785	819
LG2	15550837	15551225	388
LG2	15551663	15551782	119
LG2	15556613	15556781	168
LG2	15563218	15564144	926
LG2	15564215	15564265	50
LG2	15564267	15564495	228
LG2	15568518	15568856	338
LG2	15573358	15573522	164
LG2	15575224	15575950	726
LG2	15575987	15576400	413
LG2	15577908	15578023	115
LG2	15580487	15580613	126
LG2	15582334	15582609	275
LG2	15582962	15583121	159
LG2	15583133	15583290	157
LG2	15583428	15583512	84
LG2	15585024	15586380	1356
LG2	15590270	15590871	601
LG2	15590884	15591274	390
LG2	15591396	15591629	233
LG2	15592744	15592910	166
LG2	15595605	15595716	111
LG2	15595719	15595837	118
LG2	15598117	15598258	141
LG2	15598669	15599228	559
LG2	15599281	15600002	721
LG2	15603496	15604494	998
LG2	15604561	15604948	387
LG2	15604999	15605161	162
LG2	15609149	15609744	595
LG2	15609811	15610163	352
LG2	15610639	15610791	152
LG2	15620036	15620637	601
LG2	15620703	15621057	354
LG2	15621066	15621154	88
LG2	15621171	15621388	217
LG2	15626270	15626630	360
LG2	15626684	15627445	761
LG2	15628252	15628424	172
LG2	15628868	15630199	1331
LG2	15636442	15636482	40
LG2	15636578	15637006	428
LG2	15637045	15637800	755
LG2	15641924	15642092	168
LG2	15642201	15642656	455
LG2	15645259	15645834	575
LG2	15646361	15646506	145
LG2	15647600	15648296	696
LG2	15648357	15648696	339
LG2	15648752	15649026	274
LG2	15652275	15652508	233
LG2	15654913	15656084	1171
LG2	15656321	15656479	158
LG2	15658161	15658232	71
LG2	15665569	15666065	496
LG2	15666180	15666596	416
LG2	15666617	15666949	332
LG2	15667075	15667303	228
LG2	15670614	15671186	572
LG2	15671263	15671637	374
LG2	15671828	15672611	783
LG2	15676540	15677366	826
LG2	15678925	15678997	72
LG2	15679135	15679668	533
LG2	15679670	15679714	44
LG2	15682906	15684165	1259
LG2	15684166	15684185	19
LG2	15684186	15684211	25
LG2	15685284	15685449	165
LG2	15686781	15686923	142
LG2	15688260	15688492	232
LG2	15690440	15690580	140
LG2	15690583	15690653	70
LG2	15690964	15691599	635
LG2	15691624	15692333	709
LG2	15693370	15693446	76
LG2	15694836	15695069	233
LG2	15696984	15697232	248
LG2	15697478	15698622	1144
LG2	15698678	15703989	5311
LG2	15704058	15704406	348
LG2	15704457	15704561	104
LG2	15705844	15705920	76
LG2	15707307	15707493	186
LG2	15709490	15709651	161
LG2	15710076	15710656	580
LG2	15710725	15711068	343
LG2	15711121	15711334	213
LG2	15721825	15722001	176
LG2	15722191	15722614	423
LG2	15722629	15723226	597
LG2	15725027	15725189	162
LG2	15738430	15738884	454
LG2	15740316	15740471	155
LG2	15745433	15745548	115
LG2	15751406	15751501	95
LG2	15752745	15753245	500
LG2	15753247	15753610	363
LG2	15753660	15754369	709
LG2	15758543	15758754	211
LG2	15769807	15770083	276
LG2	15770150	15770530	380
LG2	15770563	15770965	402
LG2	15771055	15771409	354
LG2	15771439	15771611	172
LG2	15777102	15777277	175
LG2	15778924	15779608	684
LG2	15779645	15780676	1031
LG2	15783892	15784052	160
LG2	15793658	15794342	684
LG2	15794406	15795007	601
LG2	15795412	15795546	134
LG2	15797692	15798293	601
LG2	15802654	15802944	290
LG2	15807655	15808984	1329
LG2	15810332	15810468	136
LG2	15812112	15812244	132
LG2	15813599	15814009	410
LG2	15814049	15814782	733
LG2	15818805	15818982	177
LG2	15822714	15822950	236
LG2	15832345	15832499	154
LG2	15835004	15835203	199
LG2	15835268	15835858	590
LG2	15835912	15836546	634
LG2	15842538	15842645	107
LG2	15849033	15849180	147
LG2	15855679	15856836	1157
LG2	15862967	15863060	93
LG2	15867547	15867673	126
LG2	15871220	15872255	1035
LG2	15875342	15875611	269
LG2	15879489	15879593	104
LG2	15881547	15881714	167
LG2	15889341	15890333	992
LG2	15890884	15891039	155
LG2	15891049	15891506	457
LG2	15893416	15893563	147
LG2	15902927	15903354	427
LG2	15903486	15904546	1060
LG2	15911021	15911147	126
LG2	15919395	15919657	262
LG2	15919993	15920090	97
LG2	15922016	15922567	551
LG2	15925463	15925559	96
LG2	15925659	15925666	7
LG2	15926948	15927048	100
LG2	15927275	15927520	245
LG2	15927885	15927989	104
LG2	15928633	15928773	140
LG2	15928908	15929731	823
LG2	15931199	15931331	132
LG2	15931367	15931568	201
LG2	15931732	15931856	124
LG2	15931864	15932102	238
LG2	15932311	15932475	164
LG2	15932763	15932924	161
LG2	15933030	15933251	221
LG2	15933981	15934170	189
LG2	15934184	15934367	183
LG2	15934481	15934688	207
LG2	15934914	15935218	304
LG2	15937114	15937390	276
LG2	15937721	15938030	309
LG2	15938086	15938305	219
LG2	15938342	15938816	474
LG2	15938978	15939123	145
LG2	15939162	15939363	201
LG2	15939640	15939875	235
LG2	15940661	15940828	167
LG2	15941182	15941457	275
LG2	15941552	15941712	160
LG2	15941787	15942199	412
LG2	15943760	15943771	11
LG2	15943772	15943915	143
LG2	15944008	15944241	233
LG2	15944939	15945706	767
LG2	15945709	15945830	121
LG2	15946246	15946460	214
LG2	15946665	15947174	509
LG2	15947266	15947631	365
LG2	15948199	15948446	247
LG2	15948512	15948704	192
LG2	15948817	15949022	205
LG2	15949954	15950309	355
LG2	15950684	15950819	135
LG2	15950881	15951071	190
LG2	15951115	15951376	261
LG2	15951538	15951641	103
LG2	15951893	15952160	267
LG2	15952189	15952843	654
LG2	15952941	15953120	179
LG2	15953695	15953917	222
LG2	15954067	15954243	176
LG2	15954248	15954443	195
LG2	15955269	15955932	663
LG2	15956009	15956476	467
LG2	15956519	15956688	169
LG2	15956964	15957189	225
LG2	15958084	15958415	331
LG2	15958876	15959825	949
LG2	15959858	15960061	203
LG2	15960283	15960531	248
LG2	15960547	15960737	190
LG2	15960783	15960990	207
LG2	15961280	15961462	182
LG2	15962136	15962404	268
LG2	15962476	15962979	503
LG2	15963037	15963266	229
LG2	15963513	15963743	230
LG2	15963816	15964425	609
LG2	15968948	15969196	248
LG2	15969255	15969472	217
LG2	15969957	15970504	547
LG2	15970572	15971323	751
LG2	15978540	15978664	124
LG2	15979989	15980180	191
LG2	15981892	15982003	111
LG2	15982515	15982873	358
LG2	15982909	15983544	635
LG2	15985175	15985562	387
LG2	15991134	15991272	138
LG2	15995105	15995455	350
LG2	15997351	15997816	465
LG2	15997822	15998047	225
LG2	15998171	15998395	224
LG2	15999399	15999644	245
LG2	16000333	16000443	110
LG2	16000532	16000658	126
LG2	16001274	16001375	101
LG2	16002221	16002311	90
LG2	16004047	16004484	437
LG2	16004516	16005380	864
LG2	16005989	16006172	183
LG2	16006335	16006522	187
LG2	16006783	16006955	172
LG2	16008467	16008912	445
LG2	16010593	16010913	320
LG2	16010929	16012428	1499
LG2	16012553	16012657	104
LG2	16012960	16013822	862
LG2	16013972	16014336	364
LG2	16014610	16014952	342
LG2	16014979	16016112	1133
LG2	16016460	16016854	394
LG2	16020475	16020884	409
LG2	16023781	16025924	2143
LG2	16025952	16027411	1459
LG2	16028245	16028440	195
LG2	16028573	16028619	46
LG2	16029216	16029369	153
LG2	16030623	16031433	810
LG2	16031556	16032799	1243
LG2	16032987	16033193	206
LG2	16033761	16034022	261
LG2	16034368	16035238	870
LG2	16035701	16035838	137
LG2	16036067	16036276	209
LG2	16037551	16037677	126
LG2	16037788	16038011	223
LG2	16038031	16038349	318
LG2	16038855	16039152	297
LG2	16039500	16039573	73
LG2	16039871	16040139	268
LG2	16040370	16041072	702
LG2	16041659	16041869	210
LG2	16043142	16043406	264
LG2	16043467	16043902	435
LG2	16044114	16044468	354
LG2	16045284	16045919	635
LG2	16046162	16046464	302
LG2	16047477	16047726	249
LG2	16048996	16049389	393
LG2	16049640	16049943	303
LG2	16049977	16050074	97
LG2	16051048	16051901	853
LG2	16052576	16053581	1005
LG2	16053762	16053885	123
LG2	16053979	16054306	327
LG2	16054327	16054735	408
LG2	16054801	16055187	386
LG2	16055229	16056055	826
LG2	16056176	16057652	1476
LG2	16057673	16059324	1651
LG2	16059485	16059631	146
LG2	16059889	16061245	1356
LG2	16061619	16062801	1182
LG2	16062854	16063181	327
LG2	16063189	16063709	520
LG2	16065244	16065681	437
LG2	16066455	16066950	495
LG2	16067150	16067272	122
LG2	16068203	16068629	426
LG2	16069757	16070820	1063
LG2	16071946	16073115	1169
LG2	16073855	16074290	435
LG2	16076092	16076268	176
LG2	16077595	16078012	417
LG2	16078278	16078698	420
LG2	16078881	16079012	131
LG2	16079073	16079417	344
LG2	16079489	16079927	438
LG2	16080657	16081457	800
LG2	16083585	16084067	482
LG2	16084557	16084975	418
LG2	16085048	16085621	573
LG2	16086209	16086945	736
LG2	16087883	16088023	140
LG2	16088080	16090094	2014
LG2	16091896	16092483	587
LG2	16092513	16092872	359
LG2	16092946	16093081	135
LG2	16093148	16093382	234
LG2	16093444	16093666	222
LG2	16094189	16094376	187
LG2	16094450	16094598	148
LG2	16094796	16094999	203
LG2	16095078	16095180	102
LG2	16095240	16096522	1282
LG2	16097986	16098698	712
LG2	16098727	16098772	45
LG2	16098790	16099971	1181
LG2	16102069	16102809	740
LG2	16106170	16107474	1304
LG2	16108172	16108340	168
LG2	16109371	16110155	784
LG2	16110469	16110559	90
LG2	16110754	16112999	2245
LG2	16113377	16113421	44
LG2	16113506	16114943	1437
LG2	16115450	16115693	243
LG2	16115712	16115882	170
LG2	16116050	16116197	147
LG2	16116327	16116428	101
LG2	16118118	16118352	234
LG2	16122697	16123419	722
LG2	16125778	16125955	177
LG2	16126546	16132792	6246
LG2	16132991	16133190	199
LG2	16133404	16133783	379
LG2	16133785	16134592	807
LG2	16135213	16135357	144
LG2	16135414	16139447	4033
LG2	16139489	16141641	2152
LG2	16142467	16143300	833
LG2	16144852	16145597	745
LG2	16147850	16149710	1860
LG2	16149798	16150795	997
LG2	16150999	16151243	244
LG2	16151484	16151940	456
LG2	16152587	16152791	204
LG2	16152896	16153133	237
LG2	16153750	16154209	459
LG2	16155729	16157346	1617
LG2	16157492	16157927	435
LG2	16158322	16158383	61
LG2	16158631	16160091	1460
LG2	16161437	16163070	1633
LG2	16164794	16165685	891
LG2	16166813	16167963	1150
LG2	16168668	16168726	58
LG2	16169875	16170331	456
LG2	16170478	16171507	1029
LG2	16171716	16171831	115
LG2	16173472	16174529	1057
LG2	16175421	16175900	479
LG2	16175903	16176228	325
LG2	16176830	16177294	464
LG2	16177626	16177687	61
LG2	16179088	16180442	1354
LG2	16182051	16182631	580
LG2	16183460	16184222	762
LG2	16185602	16188797	3195
LG2	16189506	16189960	454
LG2	16191826	16193209	1383
LG2	16193634	16197151	3517
LG2	16198497	16198775	278
LG2	16199008	16199258	250
LG2	16199615	16200822	1207
LG2	16201807	16203826	2019
LG2	16204035	16205542	1507
LG2	16207127	16207588	461
LG2	16208494	16208679	185
LG2	16209527	16210297	770
LG2	16211394	16212467	1073
LG2	16212921	16213687	766
LG2	16215637	16216032	395
LG2	16217267	16217703	436
LG2	16218578	16220352	1774
LG2	16220648	16221709	1061
LG2	16223838	16224401	563
LG2	16226149	16226387	238
LG2	16226431	16226731	300
LG2	16228410	16228562	152
LG2	16232424	16232902	478
LG2	16233774	16234977	1203
LG2	16241927	16242008	81
LG2	16242489	16243880	1391
LG2	16245484	16245647	163
LG2	16246204	16246979	775
LG2	16247333	16249082	1749
LG2	16249098	16249103	5
LG2	16249107	16249177	70
LG2	16250430	16251111	681
LG2	16253687	16254642	955
LG2	16259264	16260030	766
LG2	16261545	16262741	1196
LG2	16264659	16265399	740
LG2	16268312	16269147	835
LG2	16271465	16271795	330
LG2	16271890	16272121	231
LG2	16273161	16273358	197
LG2	16273440	16273656	216
LG2	16274539	16274929	390
LG2	16275059	16275499	440
LG2	16277660	16277783	123
LG2	16278876	16279435	559
LG2	16281074	16281503	429
LG2	16282894	16283164	270
LG2	16283263	16284692	1429
LG2	16286405	16287183	778
LG2	16290364	16290560	196
LG2	16292709	16292904	195
LG2	16292954	16293194	240
LG2	16293273	16293967	694
LG2	16294311	16294554	243
LG2	16294585	16294978	393
LG2	16295645	16296533	888
LG2	16296763	16297209	446
LG2	16297725	16297801	76
LG2	16298895	16299573	678
LG2	16301527	16302342	815
LG2	16303775	16304423	648
LG2	16305361	16305796	435
LG2	16307191	16307878	687
LG2	16308468	16309500	1032
LG2	16309772	16310207	435
LG2	16311778	16311914	136
LG2	16313512	16314882	1370
LG2	16316661	16317110	449
LG2	16319669	16320039	370
LG2	16320625	16320815	190
LG2	16324239	16325091	852
LG2	16326219	16327839	1620
LG2	16331453	16332068	615
LG2	16332339	16332503	164
LG2	16335999	16336285	286
LG2	16338854	16339017	163
LG2	16340367	16341013	646
LG2	16341075	16341500	425
LG2	16343882	16344747	865
LG2	16346861	16347169	308
LG2	16347964	16348561	597
LG2	16352038	16352193	155
LG2	16355511	16355703	192
LG2	16356616	16356703	87
LG2	16357184	16358948	1764
LG2	16361442	16362153	711
LG2	16362307	16362665	358
LG2	16363106	16363665	559
LG2	16363871	16365541	1670
LG2	16365626	16367482	1856
LG2	16367707	16368630	923
LG2	16370139	16371042	903
LG2	16371524	16371728	204
LG2	16375750	16376899	1149
LG2	16376910	16377065	155
LG2	16379160	16379856	696
LG2	16380534	16381649	1115
LG2	16383964	16385390	1426
LG2	16388026	16389359	1333
LG2	16393813	16394096	283
LG2	16397120	16397423	303
LG2	16397491	16398339	848
LG2	16399596	16400214	618
LG2	16402813	16403016	203
LG2	16404422	16405132	710
LG2	16405316	16405862	546
LG2	16407861	16408563	702
LG2	16410088	16410906	818
LG2	16411461	16412028	567
LG2	16413971	16414508	537
LG2	16415352	16415943	591
LG2	16416044	16416241	197
LG2	16416633	16417409	776
LG2	16418512	16418575	63
LG2	16418668	16419197	529
LG2	16419377	16419780	403
LG2	16419823	16419983	160
LG2	16422912	16423658	746
LG2	16450955	16451048	93
LG2	16451493	16453432	1939
LG2	16453480	16453600	120
LG2	16454017	16454195	178
LG2	16468274	16468803	529
LG2	16469040	16469321	281
LG2	16469337	16469373	36
LG2	16469416	16469576	160
LG2	16471718	16472384	666
LG2	16485394	16486457	1063
LG2	16486696	16486977	281
LG2	16487257	16490206	2949
LG2	16490392	16490909	517
LG2	16493773	16494794	1021
LG2	16495325	16495827	502
LG2	16496780	16497872	1092
LG2	16498076	16498542	466
LG2	16498574	16498796	222
LG2	16498966	16499121	155
LG2	16499973	16500682	709
LG2	16500870	16501768	898
LG2	16505240	16505902	662
LG2	16505982	16506465	483
LG2	16506533	16506705	172
LG2	16506822	16507209	387
LG2	16507524	16507701	177
LG2	16507957	16508116	159
LG2	16509026	16509242	216
LG2	16509404	16509532	128
LG2	16509668	16509989	321
LG2	16510655	16511129	474
LG2	16512055	16512541	486
LG2	16512716	16512948	232
LG2	16514399	16514567	168
LG2	16515423	16516233	810
LG2	16517265	16519479	2214
LG2	16521517	16522257	740
LG2	16523119	16524356	1237
LG2	16524681	16524775	94
LG2	16524856	16526239	1383
LG2	16527045	16527725	680
LG2	16528078	16529498	1420
LG2	16529907	16530064	157
LG2	16533776	16535000	1224
LG2	16536133	16536995	862
LG2	16537109	16537139	30
LG2	16537250	16537969	719
LG2	16540177	16541029	852
LG2	16542862	16543375	513
LG2	16544235	16544797	562
LG2	16545092	16545246	154
LG2	16547316	16548897	1581
LG2	16549057	16549841	784
LG2	16550280	16550389	109
LG2	16550921	16551382	461
LG2	16551570	16551782	212
LG2	16551859	16552210	351
LG2	16552645	16553447	802
LG2	16553875	16553947	72
LG2	16554104	16554522	418
LG2	16554861	16555143	282
LG2	16555257	16555608	351
LG2	16557164	16557534	370
LG2	16558159	16558574	415
LG2	16564010	16564741	731
LG2	16565455	16565672	217
LG2	16565838	16565926	88
LG2	16566978	16567734	756
LG2	16568247	16568370	123
LG2	16569244	16569559	315
LG2	16569601	16570001	400
LG2	16570105	16570781	676
LG2	16570988	16571229	241
LG2	16571759	16571919	160
LG2	16571978	16572072	94
LG2	16576419	16576749	330
LG2	16577061	16577402	341
LG2	16578751	16578854	103
LG2	16578902	16579044	142
LG2	16579194	16580541	1347
LG2	16580594	16581432	838
LG2	16581571	16581973	402
LG2	16582066	16583886	1820
LG2	16583928	16585280	1352
LG2	16585846	16587602	1756
LG2	16587980	16588025	45
LG2	16588136	16588800	664
LG2	16591186	16592016	830
LG2	16592208	16592524	316
LG2	16592649	16593143	494
LG2	16593287	16593652	365
LG2	16594653	16595080	427
LG2	16595148	16595419	271
LG2	16596006	16597251	1245
LG2	16597367	16597897	530
LG2	16598332	16598567	235
LG2	16599229	16599503	274
LG2	16599761	16600281	520
LG2	16600441	16601424	983
LG2	16601476	16601530	54
LG2	16602144	16602649	505
LG2	16604703	16604947	244
LG2	16605050	16605412	362
LG2	16605544	16605695	151
LG2	16606133	16606886	753
LG2	16607027	16608354	1327
LG2	16608463	16609979	1516
LG2	16610092	16611055	963
LG2	16611204	16611640	436
LG2	16611660	16612194	534
LG2	16612362	16612838	476
LG2	16613389	16614290	901
LG2	16614496	16614743	247
LG2	16615072	16616007	935
LG2	16616635	16616648	13
LG2	16616676	16616848	172
LG2	16616874	16617997	1123
LG2	16618102	16618446	344
LG2	16618753	16619155	402
LG2	16619246	16621430	2184
LG2	16621449	16625365	3916
LG2	16626360	16626952	592
LG2	16626968	16630383	3415
LG2	16630458	16631088	630
LG2	16631377	16632418	1041
LG2	16632534	16634410	1876
LG2	16634889	16635320	431
LG2	16635425	16636385	960
LG2	16637354	16638664	1310
LG2	16638998	16640243	1245
LG2	16641040	16642517	1477
LG2	16642911	16643400	489
LG2	16645943	16648733	2790
LG2	16649957	16651787	1830
LG2	16651988	16653875	1887
LG2	16654245	16654336	91
LG2	16654547	16657389	2842
LG2	16659377	16660005	628
LG2	16660443	16661081	638
LG2	16661129	16661404	275
LG2	16663423	16664792	1369
LG2	16664839	16665486	647
LG2	16666918	16666997	79
LG2	16667288	16668368	1080
LG2	16668453	16668744	291
LG2	16669184	16669652	468
LG2	16669724	16670301	577
LG2	16671812	16675866	4054
LG2	16676357	16676533	176
LG2	16676852	16676962	110
LG2	16676988	16677525	537
LG2	16677726	16679142	1416
LG2	16680076	16680797	721
LG2	16680843	16681382	539
LG2	16681700	16683017	1317
LG2	16683693	16683819	126
LG2	16685468	16685572	104
LG2	16685611	16686401	790
LG2	16686413	16686539	126
LG2	16686580	16686683	103
LG2	16686788	16686942	154
LG2	16688282	16688734	452
LG2	16689174	16690541	1367
LG2	16691935	16692167	232
LG2	16702704	16702838	134
LG2	16703712	16704017	305
LG2	16705451	16705655	204
LG2	16705693	16705937	244
LG2	16706029	16706149	120
LG2	16707270	16707687	417
LG2	16708033	16708532	499
LG2	16708572	16708775	203
LG2	16710234	16712439	2205
LG2	16713163	16714050	887
LG2	16714468	16715418	950
LG2	16715578	16716690	1112
LG2	16718345	16718984	639
LG2	16719252	16721275	2023
LG2	16725137	16727201	2064
LG2	16729335	16729664	329
LG2	16731700	16732839	1139
LG2	16734431	16734523	92
LG2	16735267	16735327	60
LG2	16735703	16736831	1128
LG2	16738060	16738414	354
LG2	16738460	16739490	1030
LG2	16739661	16739851	190
LG2	16740292	16740873	581
LG2	16740945	16741040	95
LG2	16741132	16742277	1145
LG2	16742923	16743241	318
LG2	16743252	16744607	1355
LG2	16744863	16744894	31
LG2	16744988	16746090	1102
LG2	16748240	16748601	361
LG2	16749941	16750563	622
LG2	16750871	16751840	969
LG2	16752218	16752330	112
LG2	16752658	16753020	362
LG2	16753159	16753548	389
LG2	16755767	16755823	56
LG2	16755867	16756563	696
LG2	16756675	16756753	78
LG2	16757862	16759721	1859
LG2	16765056	16765347	291
LG2	16766103	16766890	787
LG2	16767524	16768453	929
LG2	16770364	16771012	648
LG2	16772721	16773586	865
LG2	16773854	16774273	419
LG2	16775464	16775793	329
LG2	16777953	16778310	357
LG2	16780431	16781070	639
LG2	16781679	16783326	1647
LG2	16786025	16786353	328
LG2	16786383	16786525	142
LG2	16787477	16788222	745
LG2	16788914	16789065	151
LG2	16790225	16791890	1665
LG2	16794032	16794466	434
LG2	16794470	16794612	142
LG2	16796447	16797212	765
LG2	16798734	16799377	643
LG2	16800772	16801289	517
LG2	16802998	16803770	772
LG2	16804210	16804603	393
LG2	16804886	16805296	410
LG2	16811870	16812201	331
LG2	16812554	16813386	832
LG2	16813436	16814104	668
LG2	16816503	16817149	646
LG2	16817488	16818417	929
LG2	16818891	16819336	445
LG2	16819924	16821754	1830
LG2	16821833	16822190	357
LG2	16823877	16823929	52
LG2	16824232	16824478	246
LG2	16824517	16825039	522
LG2	16825523	16825653	130
LG2	16825824	16826454	630
LG2	16826984	16827864	880
LG2	16827909	16829139	1230
LG2	16829266	16830656	1390
LG2	16830773	16831133	360
LG2	16831756	16832035	279
LG2	16832371	16832633	262
LG2	16834041	16834212	171
LG2	16834844	16835230	386
LG2	16836787	16837383	596
LG2	16838815	16839252	437
LG2	16839997	16840245	248
LG2	16840645	16841378	733
LG2	16843868	16844727	859
LG2	16846347	16847104	757
LG2	16847214	16847687	473
LG2	16852228	16852324	96
LG2	16852349	16852352	3
LG2	16852379	16852531	152
LG2	16854112	16854518	406
LG2	16856012	16856131	119
LG2	16858085	16858537	452
LG2	16860650	16861109	459
LG2	16868196	16868412	216
LG2	16868607	16868803	196
LG2	16869802	16870038	236
LG2	16871519	16871693	174
LG2	16872289	16872876	587
LG2	16875173	16875857	684
LG2	16877278	16877344	66
LG2	16878891	16879292	401
LG2	16881049	16881404	355
LG2	16881774	16882506	732
LG2	16884068	16884456	388
LG2	16886129	16886347	218
LG2	16886398	16886681	283
LG2	16886838	16887269	431
LG2	16887271	16887656	385
LG2	16887661	16888141	480
LG2	16888282	16888680	398
LG2	16889776	16890223	447
LG2	16892493	16893032	539
LG2	16896094	16896950	856
LG2	16898880	16899146	266
LG2	16899741	16899939	198
LG2	16900042	16901376	1334
LG2	16915848	16916029	181
LG2	16916217	16917204	987
LG2	16927099	16929047	1948
LG2	16929339	16929559	220
LG2	16930789	16932464	1675
LG2	16932691	16933354	663
LG2	16934758	16934852	94
LG2	16936219	16937142	923
LG2	16937591	16938061	470
LG2	16939242	16939771	529
LG2	16940760	16941473	713
LG2	16942176	16942234	58
LG2	16944121	16944655	534
LG2	16945820	16946793	973
LG2	16950695	16951869	1174
LG2	16954231	16955858	1627
LG2	16956088	16956161	73
LG2	16956649	16957121	472
LG2	16958914	16959401	487
LG2	16963954	16965028	1074
LG2	16965934	16966067	133
LG2	16966082	16968115	2033
LG2	16969260	16969521	261
LG2	16972541	16973427	886
LG2	16974135	16974606	471
LG2	16976980	16977253	273
LG2	16977395	16977753	358
LG2	16978031	16978421	390
LG2	16978788	16979465	677
LG2	16982756	16983067	311
LG2	16984091	16985301	1210
LG2	16986330	16986894	564
LG2	16986960	16987292	332
LG2	16987345	16987542	197
LG2	16987651	16989470	1819
LG2	16990294	16990653	359
LG2	16991639	16992005	366
LG2	16993528	16994261	733
LG2	16994745	16995477	732
LG2	16995777	16996574	797
LG2	16996643	16997103	460
LG2	16999707	17000308	601
LG2	17002173	17003015	842
LG2	17004328	17005273	945
LG2	17006319	17007499	1180
LG2	17008111	17008867	756
LG2	17018221	17018480	259
LG2	17046486	17047760	1274
LG2	17049434	17049512	78
LG2	17055070	17055517	447
LG2	17055887	17056176	289
LG2	17057128	17057258	130
LG2	17058661	17058886	225
LG2	17059169	17059504	335
LG2	17059532	17060152	620
LG2	17062024	17062791	767
LG2	17063085	17063833	748
LG2	17065315	17065864	549
LG2	17067605	17067938	333
LG2	17069157	17069341	184
LG2	17069419	17070535	1116
LG2	17070739	17072077	1338
LG2	17073389	17074578	1189
LG2	17074763	17076294	1531
LG2	17077704	17078048	344
LG2	17078345	17079014	669
LG2	17080791	17080867	76
LG2	17081287	17083305	2018
LG2	17085296	17085922	626
LG2	17085933	17086208	275
LG2	17087932	17088143	211
LG2	17088371	17088766	395
LG2	17093703	17094611	908
LG2	17096748	17097887	1139
LG2	17107148	17108040	892
LG2	17108620	17109560	940
LG2	17109571	17110749	1178
LG2	17112037	17112778	741
LG2	17115852	17116127	275
LG2	17118071	17119114	1043
LG2	17121599	17122117	518
LG2	17122414	17123397	983
LG2	17128691	17129260	569
LG2	17129299	17129402	103
LG2	17132028	17132846	818
LG2	17133025	17133434	409
LG2	17134576	17135627	1051
LG2	17142603	17143369	766
LG2	17144591	17144748	157
LG2	17145000	17145989	989
LG2	17146529	17146593	64
LG2	17149573	17150611	1038
LG2	17151390	17151988	598
LG2	17154890	17155781	891
LG2	17162006	17162661	655
LG2	17162775	17163504	729
LG2	17163508	17163552	44
LG2	17163753	17164150	397
LG2	17167731	17168024	293
LG2	17169478	17170177	699
LG2	17170199	17170577	378
LG2	17172068	17172380	312
LG2	17172401	17172799	398
LG2	17174230	17175106	876
LG2	17180043	17180863	820
LG2	17181335	17181824	489
LG2	17182263	17183306	1043
LG2	17183346	17183569	223
LG2	17183817	17184361	544
LG2	17184899	17185177	278
LG2	17185911	17186418	507
LG2	17187823	17188281	458
LG2	17189144	17190753	1609
LG2	17191023	17192092	1069
LG2	17192646	17193226	580
LG2	17194549	17195284	735
LG2	17196635	17196978	343
LG2	17198271	17198738	467
LG2	17199366	17199830	464
LG2	17202954	17203431	477
LG2	17203880	17204261	381
LG2	17206884	17208474	1590
LG2	17208627	17208734	107
LG2	17209252	17209659	407
LG2	17211721	17212376	655
LG2	17213089	17213838	749
LG2	17214056	17214977	921
LG2	17215133	17215677	544
LG2	17217240	17217584	344
LG2	17219011	17219150	139
LG2	17219219	17219869	650
LG2	17220010	17220430	420
LG2	17220521	17221653	1132
LG2	17224626	17224966	340
LG2	17225665	17225907	242
LG2	17227654	17227788	134
LG2	17227806	17228108	302
LG2	17228286	17228561	275
LG2	17228672	17228909	237
LG2	17229560	17229909	349
LG2	17229912	17230227	315
LG2	17230335	17230465	130
LG2	17230509	17230546	37
LG2	17230628	17230779	151
LG2	17230993	17231573	580
LG2	17233521	17234783	1262
LG2	17235398	17235820	422
LG2	17236998	17237734	736
LG2	17238186	17238542	356
LG2	17239034	17239224	190
LG2	17239644	17240450	806
LG2	17241178	17243664	2486
LG2	17243694	17243752	58
LG2	17244098	17244540	442
LG2	17246298	17246556	258
LG2	17248647	17251431	2784
LG2	17251555	17251816	261
LG2	17252947	17253734	787
LG2	17254983	17256508	1525
LG2	17257666	17258767	1101
LG2	17258975	17259121	146
LG2	17260546	17261243	697
LG2	17262452	17262983	531
LG2	17263031	17263126	95
LG2	17263432	17263820	388
LG2	17264128	17264554	426
LG2	17264933	17265410	477
LG2	17266550	17266679	129
LG2	17267122	17267804	682
LG2	17269657	17270464	807
LG2	17270686	17273210	2524
LG2	17273888	17274681	793
LG2	17274879	17274983	104
LG2	17275449	17275615	166
LG2	17275790	17276166	376
LG2	17276525	17280496	3971
LG2	17282543	17283855	1312
LG2	17283911	17284707	796
LG2	17285535	17286967	1432
LG2	17289056	17289932	876
LG2	17290779	17292519	1740
LG2	17292739	17293281	542
LG2	17294493	17295089	596
LG2	17296432	17296931	499
LG2	17297719	17299789	2070
LG2	17300262	17300945	683
LG2	17301083	17301403	320
LG2	17302933	17304013	1080
LG2	17304575	17304725	150
LG2	17304792	17306628	1836
LG2	17306804	17307152	348
LG2	17307221	17308208	987
LG2	17308645	17308796	151
LG2	17308883	17309171	288
LG2	17309547	17311104	1557
LG2	17312444	17313105	661
LG2	17313807	17314064	257
LG2	17314621	17314775	154
LG2	17315380	17316253	873
LG2	17317547	17317817	270
LG2	17318733	17320467	1734
LG2	17320746	17320796	50
LG2	17321533	17321778	245
LG2	17323257	17324379	1122
LG2	17327190	17327405	215
LG2	17327409	17328048	639
LG2	17328532	17328652	120
LG2	17328843	17328944	101
LG2	17329091	17329393	302
LG2	17329430	17329722	292
LG2	17330240	17330751	511
LG2	17331001	17331253	252
LG2	17331283	17332042	759
LG2	17332305	17332590	285
LG2	17332841	17332884	43
LG2	17332924	17333624	700
LG2	17335525	17336985	1460
LG2	17338208	17339247	1039
LG2	17339450	17339752	302
LG2	17339877	17341174	1297
LG2	17341258	17343952	2694
LG2	17344527	17345108	581
LG2	17345165	17346445	1280
LG2	17346809	17347569	760
LG2	17348195	17348618	423
LG2	17348629	17350632	2003
LG2	17353437	17354071	634
LG2	17355079	17356604	1525
LG2	17358309	17358566	257
LG2	17360077	17360379	302
LG2	17361001	17361905	904
LG2	17363282	17363378	96
LG2	17363385	17364482	1097
LG2	17366069	17367236	1167
LG2	17368246	17369287	1041
LG2	17370717	17370963	246
LG2	17371314	17372185	871
LG2	17374410	17376427	2017
LG2	17376443	17376473	30
LG2	17376508	17377697	1189
LG2	17381379	17381646	267
LG2	17383262	17384576	1314
LG2	17385244	17386043	799
LG2	17387322	17387766	444
LG2	17387902	17388107	205
LG2	17388196	17388771	575
LG2	17388940	17389920	980
LG2	17392084	17392956	872
LG2	17393435	17394947	1512
LG2	17395075	17395885	810
LG2	17396251	17398060	1809
LG2	17398243	17398589	346
LG2	17398823	17398933	110
LG2	17399608	17401155	1547
LG2	17401354	17402935	1581
LG2	17403005	17404299	1294
LG2	17405391	17405476	85
LG2	17407757	17410178	2421
LG2	17410753	17412480	1727
LG2	17412860	17413580	720
LG2	17413696	17414443	747
LG2	17414603	17415671	1068
LG2	17418456	17419145	689
LG2	17419371	17419825	454
LG2	17424127	17424633	506
LG2	17425434	17426112	678
LG2	17426378	17427805	1427
LG2	17428022	17428367	345
LG2	17428510	17428873	363
LG2	17429358	17430475	1117
LG2	17431400	17432236	836
LG2	17432256	17432655	399
LG2	17433568	17433620	52
LG2	17433959	17434723	764
LG2	17434966	17435250	284
LG2	17435302	17435991	689
LG2	17436023	17436204	181
LG2	17437499	17438319	820
LG2	17438402	17439424	1022
LG2	17439540	17440532	992
LG2	17440627	17440861	234
LG2	17441885	17443346	1461
LG2	17443569	17444085	516
LG2	17444115	17444919	804
LG2	17445004	17445694	690
LG2	17446217	17446475	258
LG2	17447926	17448613	687
LG2	17449691	17450944	1253
LG2	17451023	17451788	765
LG2	17451801	17452230	429
LG2	17452281	17452504	223
LG2	17454031	17454282	251
LG2	17454311	17454358	47
LG2	17455084	17455652	568
LG2	17456737	17456917	180
LG2	17456927	17457263	336
LG2	17457479	17459690	2211
LG2	17460166	17460563	397
LG2	17460664	17461447	783
LG2	17461761	17462203	442
LG2	17462237	17462836	599
LG2	17463231	17463333	102
LG2	17463692	17466187	2495
LG2	17466394	17467254	860
LG2	17467303	17467608	305
LG2	17467834	17469274	1440
LG2	17469420	17471002	1582
LG2	17471589	17471679	90
LG2	17472881	17473012	131
LG2	17474603	17474731	128
LG2	17475080	17476149	1069
LG2	17476155	17476332	177
LG2	17477172	17477416	244
LG2	17477854	17478917	1063
LG2	17480141	17480592	451
LG2	17481958	17483594	1636
LG2	17485335	17485758	423
LG2	17486177	17486774	597
LG2	17488052	17489116	1064
LG2	17489189	17489600	411
LG2	17491456	17492194	738
LG2	17493421	17493586	165
LG2	17494802	17495200	398
LG2	17497251	17498059	808
LG2	17499797	17500203	406
LG2	17501329	17502567	1238
LG2	17503855	17505807	1952
LG2	17507371	17508528	1157
LG2	17509001	17509470	469
LG2	17509570	17510240	670
LG2	17510415	17510450	35
LG2	17510531	17511231	700
LG2	17511248	17511718	470
LG2	17512853	17513123	270
LG2	17513146	17513606	460
LG2	17513686	17515351	1665
LG2	17515500	17515899	399
LG2	17516279	17516436	157
LG2	17517485	17518385	900
LG2	17520027	17521550	1523
LG2	17522252	17523430	1178
LG2	17524672	17525087	415
LG2	17525495	17526314	819
LG2	17526448	17526744	296
LG2	17526794	17526904	110
LG2	17526995	17527715	720
LG2	17527811	17528580	769
LG2	17529053	17529605	552
LG2	17529781	17531352	1571
LG2	17532209	17532760	551
LG2	17532864	17532911	47
LG2	17533074	17533213	139
LG2	17534139	17534923	784
LG2	17536148	17536761	613
LG2	17537878	17539550	1672
LG2	17544978	17547011	2033
LG2	17548190	17548427	237
LG2	17552716	17553524	808
LG2	17553802	17554668	866
LG2	17555659	17556548	889
LG2	17557338	17558082	744
LG2	17558679	17559770	1091
LG2	17562514	17564170	1656
LG2	17565080	17565584	504
LG2	17565593	17566427	834
LG2	17566601	17567002	401
LG2	17568336	17568698	362
LG2	17569875	17571160	1285
LG2	17572332	17572753	421
LG2	17572838	17573707	869
LG2	17574740	17575171	431
LG2	17576306	17576456	150
LG2	17577744	17577800	56
LG2	17577873	17578475	602
LG2	17581258	17581529	271
LG2	17581852	17582317	465
LG2	17584275	17584804	529
LG2	17584824	17585099	275
LG2	17602374	17602535	161
LG2	17602671	17604235	1564
LG2	17604430	17606120	1690
LG2	17607826	17608906	1080
LG2	17608942	17609076	134
LG2	17609123	17609385	262
LG2	17609988	17612150	2162
LG2	17613434	17613855	421
LG2	17615242	17615528	286
LG2	17616177	17616307	130
LG2	17616681	17617062	381
LG2	17618058	17619452	1394
LG2	17619479	17620565	1086
LG2	17621696	17622857	1161
LG2	17622940	17623539	599
LG2	17623601	17623806	205
LG2	17624636	17624943	307
LG2	17625940	17626967	1027
LG2	17627250	17627526	276
LG2	17627533	17627704	171
LG2	17628050	17628585	535
LG2	17629306	17630395	1089
LG2	17630916	17632287	1371
LG2	17632945	17633400	455
LG2	17635847	17636325	478
LG2	17636671	17636842	171
LG2	17636868	17637835	967
LG2	17637963	17638316	353
LG2	17640646	17640890	244
LG2	17642373	17642863	490
LG2	17645499	17645609	110
LG2	17648158	17648304	146
LG2	17649485	17651049	1564
LG2	17651149	17652407	1258
LG2	17652464	17653643	1179
LG2	17656123	17656307	184
LG2	17660196	17660448	252
LG2	17661181	17661884	703
LG2	17662588	17662856	268
LG2	17663996	17666535	2539
LG2	17666586	17666984	398
LG2	17667243	17667591	348
LG2	17669141	17671398	2257
LG2	17671601	17671793	192
LG2	17671925	17674033	2108
LG2	17674197	17675239	1042
LG2	17675266	17675609	343
LG2	17675845	17677417	1572
LG2	17677436	17678700	1264
LG2	17678922	17680229	1307
LG2	17680320	17682265	1945
LG2	17683740	17685543	1803
LG2	17685944	17688525	2581
LG2	17689558	17693401	3843
LG2	17693414	17694435	1021
LG2	17695212	17695306	94
LG2	17696405	17696794	389
LG2	17696931	17697263	332
LG2	17698617	17703932	5315
LG2	17704238	17704928	690
LG2	17705281	17705898	617
LG2	17705911	17707052	1141
LG2	17707389	17712598	5209
LG2	17712662	17714519	1857
LG2	17714550	17716081	1531
LG2	17716572	17721526	4954
LG2	17722884	17724267	1383
LG2	17725260	17726532	1272
LG2	17726877	17727037	160
LG2	17727742	17732356	4614
LG2	17732618	17733570	952
LG2	17734070	17734821	751
LG2	17735464	17736174	710
LG2	17736230	17737632	1402
LG2	17738777	17738941	164
LG2	17739434	17740760	1326
LG2	17741053	17741141	88
LG2	17743156	17743486	330
LG2	17743620	17744396	776
LG2	17744944	17746136	1192
LG2	17747249	17748999	1750
LG2	17749111	17750117	1006
LG2	17750312	17750829	517
LG2	17750844	17751652	808
LG2	17752444	17753027	583
LG2	17753389	17753764	375
LG2	17753842	17754476	634
LG2	17755146	17759191	4045
LG2	17759905	17760569	664
LG2	17760626	17761386	760
LG2	17761793	17763704	1911
LG2	17763978	17764717	739
LG2	17764881	17766753	1872
LG2	17766781	17767982	1201
LG2	17769071	17769159	88
LG2	17769171	17771079	1908
LG2	17771747	17773348	1601
LG2	17773435	17773594	159
LG2	17773633	17775695	2062
LG2	17777591	17781026	3435
LG2	17781104	17781464	360
LG2	17781598	17781713	115
LG2	17783178	17784941	1763
LG2	17787117	17787484	367
LG2	17787541	17790579	3038
LG2	17791282	17792008	726
LG2	17792257	17798744	6487
LG2	17799345	17800685	1340
LG2	17801348	17802514	1166
LG2	17802670	17803615	945
LG2	17806278	17807210	932
LG2	17807356	17808202	846
LG2	17808735	17809258	523
LG2	17809431	17809598	167
LG2	17809964	17810952	988
LG2	17811133	17811590	457
LG2	17813145	17813733	588
LG2	17813927	17814151	224
LG2	17815162	17816624	1462
LG2	17817531	17818519	988
LG2	17818539	17819125	586
LG2	17820855	17821602	747
LG2	17822991	17824910	1919
LG2	17824977	17825507	530
LG2	17826163	17826922	759
LG2	17827009	17827858	849
LG2	17828142	17829382	1240
LG2	17829461	17830794	1333
LG2	17831038	17832059	1021
LG2	17832165	17833072	907
LG2	17833589	17834063	474
LG2	17834170	17838726	4556
LG2	17839160	17839637	477
LG2	17840072	17840523	451
LG2	17840856	17841666	810
LG2	17841894	17842407	513
LG2	17847144	17848392	1248
LG2	17849288	17849597	309
LG2	17849928	17849962	34
LG2	17850081	17850574	493
LG2	17850635	17852095	1460
LG2	17852225	17852748	523
LG2	17853096	17854136	1040
LG2	17854185	17857860	3675
LG2	17859108	17859999	891
LG2	17860026	17860207	181
LG2	17860433	17861367	934
LG2	17865337	17865516	179
LG2	17865527	17866308	781
LG2	17866459	17867744	1285
LG2	17867947	17868353	406
LG2	17868640	17868782	142
LG2	17869840	17870217	377
LG2	17870484	17871363	879
LG2	17874941	17875844	903
LG2	17876002	17876189	187
LG2	17876246	17876548	302
LG2	17876810	17877229	419
LG2	17877422	17877487	65
LG2	17877675	17878339	664
LG2	17878504	17878682	178
LG2	17881780	17882551	771
LG2	17883222	17884031	809
LG2	17884047	17885022	975
LG2	17885280	17885733	453
LG2	17885747	17885905	158
LG2	17886412	17887087	675
LG2	17887357	17888020	663
LG2	17889070	17889703	633
LG2	17891918	17892243	325
LG2	17892305	17892340	35
LG2	17892665	17892858	193
LG2	17893195	17894230	1035
LG2	17894359	17894827	468
LG2	17894992	17895889	897
LG2	17896843	17897390	547
LG2	17897469	17898458	989
LG2	17898459	17898758	299
LG2	17898937	17899459	522
LG2	17899864	17901562	1698
LG2	17901729	17901954	225
LG2	17902420	17904275	1855
LG2	17904558	17905222	664
LG2	17906206	17906694	488
LG2	17906775	17907183	408
LG2	17907304	17908163	859
LG2	17909286	17911821	2535
LG2	17911976	17913090	1114
LG2	17913376	17913886	510
LG2	17914418	17914532	114
LG2	17915295	17918210	2915
LG2	17918548	17918800	252
LG2	17919679	17921933	2254
LG2	17922424	17925306	2882
LG2	17925419	17927205	1786
LG2	17927498	17927864	366
LG2	17928054	17930234	2180
LG2	17930305	17930494	189
LG2	17931416	17932527	1111
LG2	17933294	17935795	2501
LG2	17937399	17941337	3938
LG2	17941459	17943262	1803
LG2	17943323	17945674	2351
LG2	17946042	17952692	6650
LG2	17953900	17955461	1561
LG2	17956765	17957066	301
LG2	17957207	17959620	2413
LG2	17959677	17960936	1259
LG2	17961490	17968938	7448
LG2	17968946	17972241	3295
LG2	17973650	17977507	3857
LG2	17978045	17980064	2019
LG2	17980125	17980865	740
LG2	17981354	17983706	2352
LG2	17985304	17985999	695
LG2	17986011	17986216	205
LG2	17986275	17987712	1437
LG2	17987767	17991777	4010
LG2	17992241	17993744	1503
LG2	17994019	17998310	4291
LG2	17999445	17999502	57
LG2	18000405	18002704	2299
LG2	18003818	18006454	2636
LG2	18006846	18009007	2161
LG2	18010082	18010699	617
LG2	18011606	18014386	2780
LG2	18015712	18016007	295
LG2	18016293	18016679	386
LG2	18016833	18018599	1766
LG2	18019796	18020559	763
LG2	18021184	18023500	2316
LG2	18024038	18027496	3458
LG2	18027497	18027678	181
LG2	18027685	18028546	861
LG2	18028875	18029286	411
LG2	18030637	18031391	754
LG2	18032689	18034265	1576
LG2	18035818	18037057	1239
LG2	18037852	18038367	515
LG2	18038866	18039042	176
LG2	18039141	18041715	2574
LG2	18041911	18042147	236
LG2	18042555	18042828	273
LG2	18042881	18043219	338
LG2	18044083	18044126	43
LG2	18044380	18044709	329
LG2	18045695	18046106	411
LG2	18047534	18048276	742
LG2	18048335	18048492	157
LG2	18050953	18051474	521
LG2	18054411	18055238	827
LG2	18056353	18057949	1596
LG2	18060294	18062918	2624
LG2	18062981	18063484	503
LG2	18063497	18064789	1292
LG2	18066476	18066836	360
LG2	18071820	18073594	1774
LG2	18075953	18076440	487
LG2	18081321	18082514	1193
LG2	18082885	18084058	1173
LG2	18084154	18084202	48
LG2	18084232	18084910	678
LG2	18085786	18086310	524
LG2	18086406	18089214	2808
LG2	18089306	18089727	421
LG2	18089984	18090673	689
LG2	18090697	18091195	498
LG2	18091280	18091504	224
LG2	18091819	18092225	406
LG2	18092479	18092546	67
LG2	18093316	18093747	431
LG2	18094053	18094716	663
LG2	18094741	18094763	22
LG2	18094771	18096030	1259
LG2	18097300	18097680	380
LG2	18098909	18100796	1887
LG2	18101655	18101788	133
LG2	18101940	18103056	1116
LG2	18103460	18104371	911
LG2	18106846	18107165	319
LG2	18107199	18108084	885
LG2	18108616	18109316	700
LG2	18109431	18110874	1443
LG2	18110904	18111214	310
LG2	18111290	18111708	418
LG2	18113522	18113660	138
LG2	18120194	18122641	2447
LG2	18123540	18124912	1372
LG2	18125743	18125826	83
LG2	18126771	18127157	386
LG2	18127939	18128005	66
LG2	18130264	18130690	426
LG2	18131724	18132696	972
LG2	18133772	18133964	192
LG2	18133993	18135105	1112
LG2	18135819	18138586	2767
LG2	18138743	18139969	1226
LG2	18142184	18146064	3880
LG2	18147365	18150783	3418
LG2	18150958	18156375	5417
LG2	18157435	18162456	5021
LG2	18163629	18175410	11781
LG2	18175583	18176146	563
LG2	18176220	18183017	6797
LG2	18183477	18188264	4787
LG2	18188483	18189690	1207
LG2	18189728	18193441	3713
LG2	18193460	18201533	8073
LG2	18201784	18203026	1242
LG2	18203154	18208508	5354
LG2	18208743	18208970	227
LG2	18209229	18210374	1145
LG2	18211573	18212475	902
LG2	18213792	18215556	1764
LG2	18215747	18215787	40
LG2	18215942	18216859	917
LG2	18216936	18219879	2943
LG2	18223004	18223311	307
LG2	18223419	18223519	100
LG2	18223856	18224947	1091
LG2	18226987	18227988	1001
LG2	18228025	18228100	75
LG2	18230263	18230828	565
LG2	18230867	18231352	485
LG2	18231486	18231530	44
LG2	18231934	18234102	2168
LG2	18234696	18234893	197
LG2	18235450	18236235	785
LG2	18239223	18241815	2592
LG2	18242242	18242763	521
LG2	18243568	18244002	434
LG2	18249798	18252056	2258
LG2	18252072	18252986	914
LG2	18253198	18253445	247
LG2	18253671	18255788	2117
LG2	18256184	18256684	500
LG2	18257304	18257962	658
LG2	18260810	18261931	1121
LG2	18262381	18263633	1252
LG2	18263674	18263796	122
LG2	18264292	18270976	6684
LG2	18272115	18272469	354
LG2	18275525	18277807	2282
LG2	18277814	18278310	496
LG2	18278555	18278649	94
LG2	18279390	18280104	714
LG2	18282157	18282754	597
LG2	18283060	18283909	849
LG2	18283931	18284464	533
LG2	18286632	18289683	3051
LG2	18293681	18294586	905
LG2	18294686	18295262	576
LG2	18297235	18297566	331
LG2	18297567	18299289	1722
LG2	18300603	18302695	2092
LG2	18302830	18302987	157
LG2	18303201	18304099	898
LG2	18304209	18304391	182
LG2	18306259	18307624	1365
LG2	18310570	18311033	463
LG2	18313129	18313646	517
LG2	18315020	18316351	1331
LG2	18316607	18317655	1048
LG2	18317894	18318154	260
LG2	18318282	18319602	1320
LG2	18319631	18320626	995
LG2	18322565	18323558	993
LG2	18323599	18324033	434
LG2	18324489	18325830	1341
LG2	18326549	18327069	520
LG2	18328217	18329275	1058
LG2	18331815	18333519	1704
LG2	18335932	18335992	60
LG2	18337134	18337868	734
LG2	18337992	18340117	2125
LG2	18345505	18347447	1942
LG2	18347481	18347646	165
LG2	18349000	18349331	331
LG2	18349333	18351785	2452
LG2	18357861	18358151	290
LG2	18358651	18359145	494
LG2	18360591	18362197	1606
LG2	18362310	18363797	1487
LG2	18363936	18363957	21
LG2	18364337	18364411	74
LG2	18364546	18364763	217
LG2	18365212	18366433	1221
LG2	18368172	18368538	366
LG2	18370227	18371482	1255
LG2	18371592	18371745	153
LG2	18375015	18376207	1192
LG2	18380174	18380356	182
LG2	18380497	18382355	1858
LG2	18382422	18382565	143
LG2	18385399	18387124	1725
LG2	18388660	18388922	262
LG2	18389776	18393256	3480
LG2	18393338	18393547	209
LG2	18393850	18394755	905
LG2	18395370	18397576	2206
LG2	18399779	18404944	5165
LG2	18405584	18405685	101
LG2	18405765	18406210	445
LG2	18406241	18406265	24
LG2	18406298	18406410	112
LG2	18406985	18408623	1638
LG2	18408676	18414859	6183
LG2	18415656	18416108	452
LG2	18416134	18417207	1073
LG2	18417248	18417783	535
LG2	18417961	18418058	97
LG2	18418104	18418324	220
LG2	18418343	18419214	871
LG2	18419385	18422045	2660
LG2	18422659	18422800	141
LG2	18422810	18424460	1650
LG2	18424740	18428331	3591
LG2	18428711	18429544	833
LG2	18429555	18429868	313
LG2	18430044	18431434	1390
LG2	18432116	18432181	65
LG2	18432185	18432876	691
LG2	18434335	18434438	103
LG2	18434615	18435645	1030
LG2	18435739	18439414	3675
LG2	18440792	18440880	88
LG2	18442792	18443407	615
LG2	18443607	18444378	771
LG2	18445936	18446934	998
LG2	18448906	18450884	1978
LG2	18451054	18452404	1350
LG2	18452585	18454368	1783
LG2	18454470	18454855	385
LG2	18455029	18455712	683
LG2	18455766	18459894	4128
LG2	18461115	18461302	187
LG2	18462305	18462972	667
LG2	18468055	18468830	775
LG2	18468862	18470721	1859
LG2	18471441	18471610	169
LG2	18471777	18473204	1427
LG2	18474163	18476306	2143
LG2	18476408	18476501	93
LG2	18476689	18477465	776
LG2	18477487	18477837	350
LG2	18478039	18478322	283
LG2	18478936	18480172	1236
LG2	18481189	18481556	367
LG2	18481640	18482966	1326
LG2	18482991	18483096	105
LG2	18484306	18486911	2605
LG2	18487233	18487420	187
LG2	18489003	18489602	599
LG2	18491064	18491254	190
LG2	18493451	18495438	1987
LG2	18495459	18496184	725
LG2	18497365	18497538	173
LG2	18498952	18499537	585
LG2	18501185	18501308	123
LG2	18501343	18501432	89
LG2	18503310	18503638	328
LG2	18504175	18505219	1044
LG2	18507092	18508581	1489
LG2	18508696	18510220	1524
LG2	18511307	18511517	210
LG2	18512925	18513451	526
LG2	18513893	18515615	1722
LG2	18515880	18516486	606
LG2	18517547	18517780	233
LG2	18517789	18517889	100
LG2	18517900	18518308	408
LG2	18519873	18521981	2108
LG2	18522901	18523257	356
LG2	18524900	18525101	201
LG2	18526227	18527330	1103
LG2	18527799	18527984	185
LG2	18528048	18528333	285
LG2	18528424	18528457	33
LG2	18528484	18529080	596
LG2	18531471	18532063	592
LG2	18534186	18534261	75
LG2	18536101	18536681	580
LG2	18536918	18537366	448
LG2	18543414	18544092	678
LG2	18546456	18546548	92
LG2	18546847	18546895	48
LG2	18546906	18549846	2940
LG2	18549917	18551270	1353
LG2	18551367	18551455	88
LG2	18551588	18553018	1430
LG2	18553865	18553989	124
LG2	18556085	18556406	321
LG2	18556439	18557382	943
LG2	18558297	18559118	821
LG2	18559132	18559321	189
LG2	18559628	18561078	1450
LG2	18562078	18562513	435
LG2	18562706	18562898	192
LG2	18562992	18563383	391
LG2	18563467	18563967	500
LG2	18565369	18565848	479
LG2	18567922	18568803	881
LG2	18570006	18571270	1264
LG2	18573003	18574274	1271
LG2	18576195	18577209	1014
LG2	18578468	18578717	249
LG2	18579876	18580581	705
LG2	18581956	18582457	501
LG2	18586014	18587135	1121
LG2	18589528	18589895	367
LG2	18592112	18592330	218
LG2	18592743	18593134	391
LG2	18593190	18593637	447
LG2	18594869	18594974	105
LG2	18596202	18597350	1148
LG2	18601757	18602016	259
LG2	18603468	18604798	1330
LG2	18604983	18605054	71
LG2	18606540	18607518	978
LG2	18608170	18608516	346
LG2	18608975	18609485	510
LG2	18609549	18610334	785
LG2	18611639	18612105	466
LG2	18612117	18612662	545
LG2	18614854	18615022	168
LG2	18615105	18615951	846
LG2	18617473	18618253	780
LG2	18618585	18618664	79
LG2	18619925	18620402	477
LG2	18621911	18622113	202
LG2	18622165	18622505	340
LG2	18622569	18622898	329
LG2	18624028	18624427	399
LG2	18626869	18628116	1247
LG2	18630990	18631785	795
LG2	18631974	18632764	790
LG2	18634332	18634493	161
LG2	18634557	18635127	570
LG2	18637209	18638063	854
LG2	18638209	18638896	687
LG2	18639420	18640603	1183
LG2	18640810	18641892	1082
LG2	18642954	18643948	994
LG2	18644420	18644545	125
LG2	18644696	18645131	435
LG2	18645234	18647835	2601
LG2	18649645	18649882	237
LG2	18649892	18650403	511
LG2	18651575	18652181	606
LG2	18653501	18654325	824
LG2	18655974	18656501	527
LG2	18658522	18658730	208
LG2	18659783	18660864	1081
LG2	18662546	18663823	1277
LG2	18665230	18665584	354
LG2	18666866	18668387	1521
LG2	18670337	18671743	1406
LG2	18673526	18673632	106
LG2	18673969	18676065	2096
LG2	18677611	18678065	454
LG2	18678066	18680197	2131
LG2	18684101	18685015	914
LG2	18688304	18689212	908
LG2	18689308	18689551	243
LG2	18691399	18693080	1681
LG2	18694543	18695274	731
LG2	18695304	18696032	728
LG2	18698870	18699894	1024
LG2	18699968	18700365	397
LG2	18702856	18707321	4465
LG2	18708170	18709842	1672
LG2	18709883	18713739	3856
LG2	18713938	18715769	1831
LG2	18716738	18716791	53
LG2	18717006	18718943	1937
LG2	18719041	18721166	2125
LG2	18721898	18730139	8241
LG2	18732602	18734248	1646
LG2	18735449	18735646	197
LG2	18737207	18738914	1707
LG2	18739781	18741215	1434
LG2	18742010	18744624	2614
LG2	18746293	18747032	739
LG2	18749045	18750145	1100
LG2	18750903	18751734	831
LG2	18752080	18753791	1711
LG2	18757996	18761140	3144
LG2	18765614	18766818	1204
LG2	18768020	18768189	169
LG2	18768318	18769111	793
LG2	18771310	18772793	1483
LG2	18774676	18775785	1109
LG2	18777375	18779147	1772
LG2	18780367	18780468	101
LG2	18781134	18781623	489
LG2	18783456	18784658	1202
LG2	18786955	18787007	52
LG2	18789935	18790238	303
LG2	18792125	18792198	73
LG2	18794347	18794530	183
LG2	18798477	18799373	896
LG2	18799532	18799673	141
LG2	18800099	18801376	1277
LG2	18804889	18805323	434
LG2	18805351	18805595	244
LG2	18807486	18807734	248
LG2	18809590	18809944	354
LG2	18810027	18810269	242
LG2	18812514	18813234	720
LG2	18816819	18817570	751
LG2	18818941	18819761	820
LG2	18820981	18821480	499
LG2	18824621	18825001	380
LG2	18825675	18825962	287
LG2	18827914	18828264	350
LG2	18828337	18828448	111
LG2	18828595	18830270	1675
LG2	18830344	18831290	946
LG2	18832570	18832998	428
LG2	18833060	18833304	244
LG2	18833528	18833840	312
LG2	18834888	18835081	193
LG2	18835436	18836098	662
LG2	18836287	18836347	60
LG2	18836631	18837190	559
LG2	18844338	18844880	542
LG2	18844964	18845704	740
LG2	18845861	18847125	1264
LG2	18850419	18850694	275
LG2	18850803	18851501	698
LG2	18851656	18851931	275
LG2	18852069	18853122	1053
LG2	18855251	18855548	297
LG2	18856315	18856455	140
LG2	18856604	18857222	618
LG2	18858716	18859587	871
LG2	18859600	18859815	215
LG2	18859958	18860827	869
LG2	18860958	18861098	140
LG2	18861385	18861913	528
LG2	18861987	18862168	181
LG2	18864320	18865213	893
LG2	18866620	18867063	443
LG2	18868737	18869209	472
LG2	18869252	18870041	789
LG2	18870085	18871024	939
LG2	18871107	18872741	1634
LG2	18872752	18872999	247
LG2	18873136	18874356	1220
LG2	18879285	18879738	453
LG2	18879785	18879974	189
LG2	18881718	18882121	403
LG2	18884336	18884698	362
LG2	18885090	18885126	36
LG2	18885230	18885449	219
LG2	18885490	18886105	615
LG2	18888527	18888797	270
LG2	18889380	18889685	305
LG2	18890533	18891735	1202
LG2	18891950	18892560	610
LG2	18893488	18893891	403
LG2	18894061	18894259	198
LG2	18894325	18895526	1201
LG2	18897484	18898186	702
LG2	18899648	18900531	883
LG2	18900642	18901461	819
LG2	18902816	18903724	908
LG2	18905636	18905859	223
LG2	18905916	18906775	859
LG2	18907303	18907791	488
LG2	18909165	18909405	240
LG2	18909717	18910500	783
LG2	18910638	18911471	833
LG2	18911969	18912373	404
LG2	18914500	18914927	427
LG2	18917858	18918435	577
LG2	18918670	18919184	514
LG2	18919499	18919804	305
LG2	18919817	18920220	403
LG2	18921486	18921544	58
LG2	18922807	18923751	944
LG2	18926280	18928262	1982
LG2	18928545	18929454	909
LG2	18931410	18931657	247
LG2	18931699	18932305	606
LG2	18932392	18932511	119
LG2	18932588	18933443	855
LG2	18935417	18936043	626
LG2	18938596	18938852	256
LG2	18942051	18942926	875
LG2	18942951	18943686	735
LG2	18944004	18944128	124
LG2	18944389	18944841	452
LG2	18946284	18948064	1780
LG2	18948642	18949372	730
LG2	18949776	18949984	208
LG2	18950100	18950240	140
LG2	18952087	18952641	554
LG2	18952893	18954326	1433
LG2	18954760	18954808	48
LG2	18955689	18956059	370
LG2	18956178	18960613	4435
LG2	18962002	18964842	2840
LG2	18964867	18967825	2958
LG2	18969072	18969535	463
LG2	18969687	18970535	848
LG2	18974069	18974382	313
LG2	18974771	18974822	51
LG2	18975058	18975255	197
LG2	18976875	18977062	187
LG2	18980642	18981024	382
LG2	18981106	18981215	109
LG2	18981284	18981734	450
LG2	18982046	18982932	886
LG2	18983575	18983707	132
LG2	18989168	18989366	198
LG2	18991297	18991408	111
LG2	18991560	18991877	317
LG2	18995668	18996299	631
LG2	18996849	18997112	263
LG2	18997131	18997332	201
LG2	18997670	18997873	203
LG2	18998233	18998417	184
LG2	18998501	18998856	355
LG2	18999641	18999787	146
LG2	19000311	19001019	708
LG2	19001140	19001442	302
LG2	19002900	19003349	449
LG2	19003391	19003582	191
LG2	19003602	19003851	249
LG2	19004230	19004423	193
LG2	19005099	19005267	168
LG2	19005743	19005892	149
LG2	19007065	19007204	139
LG2	19007332	19007641	309
LG2	19007714	19009487	1773
LG2	19013068	19013466	398
LG2	19013661	19013937	276
LG2	19014092	19015560	1468
LG2	19017060	19018403	1343
LG2	19018755	19018931	176
LG2	19019064	19019089	25
LG2	19019468	19020401	933
LG2	19021042	19021222	180
LG2	19021248	19021843	595
LG2	19022162	19022431	269
LG2	19024590	19025803	1213
LG2	19026631	19026810	179
LG2	19026874	19028278	1404
LG2	19028785	19029864	1079
LG2	19032203	19035006	2803
LG2	19038386	19038744	358
LG2	19041240	19041396	156
LG2	19041811	19042039	228
LG2	19042381	19042795	414
LG2	19043178	19043355	177
LG2	19043428	19044438	1010
LG2	19044565	19044840	275
LG2	19046073	19047503	1430
LG2	19047510	19048537	1027
LG2	19050349	19051526	1177
LG2	19051543	19052077	534
LG2	19052159	19052711	552
LG2	19052718	19053129	411
LG2	19053180	19053563	383
LG2	19055132	19057740	2608
LG2	19058063	19058933	870
LG2	19060175	19060288	113
LG2	19060523	19061122	599
LG2	19062356	19063068	712
LG2	19063103	19063587	484
LG2	19065715	19066002	287
LG2	19066102	19067010	908
LG2	19067886	19069197	1311
LG2	19074036	19075213	1177
LG2	19076994	19077218	224
LG2	19077284	19077620	336
LG2	19077969	19078621	652
LG2	19082496	19084521	2025
LG2	19085248	19085560	312
LG2	19085778	19086521	743
LG2	19089189	19090485	1296
LG2	19092105	19092234	129
LG2	19092341	19093399	1058
LG2	19094964	19095795	831
LG2	19098456	19098608	152
LG2	19098797	19100668	1871
LG2	19102540	19102862	322
LG2	19102879	19102977	98
LG2	19103248	19103575	327
LG2	19103724	19104381	657
LG2	19105576	19105789	213
LG2	19106274	19106360	86
LG2	19107784	19109887	2103
LG2	19109893	19110181	288
LG2	19111538	19111650	112
LG2	19111798	19114062	2264
LG2	19114088	19114386	298
LG2	19115044	19116182	1138
LG2	19117675	19118209	534
LG2	19119008	19119265	257
LG2	19119643	19119749	106
LG2	19120019	19121037	1018
LG2	19121054	19121516	462
LG2	19124168	19124912	744
LG2	19125006	19125808	802
LG2	19125931	19126477	546
LG2	19129296	19130945	1649
LG2	19135157	19135636	479
LG2	19135843	19136325	482
LG2	19136528	19136613	85
LG2	19137057	19137529	472
LG2	19139782	19141185	1403
LG2	19142917	19142945	28
LG2	19143567	19145752	2185
LG2	19147666	19148014	348
LG2	19148119	19148251	132
LG2	19148732	19149534	802
LG2	19149577	19150619	1042
LG2	19151736	19152575	839
LG2	19154408	19154831	423
LG2	19154848	19155368	520
LG2	19156012	19156230	218
LG2	19159671	19160146	475
LG2	19164429	19165358	929
LG2	19165617	19165692	75
LG2	19165779	19166261	482
LG2	19166272	19167230	958
LG2	19168802	19169683	881
LG2	19169880	19170085	205
LG2	19170296	19170715	419
LG2	19172363	19173229	866
LG2	19173677	19175458	1781
LG2	19177098	19177934	836
LG2	19180399	19181815	1416
LG2	19183109	19183802	693
LG2	19185198	19185791	593
LG2	19187434	19187899	465
LG2	19188059	19189029	970
LG2	19189049	19189143	94
LG2	19189144	19189919	775
LG2	19190522	19191109	587
LG2	19192505	19195875	3370
LG2	19195949	19196036	87
LG2	19196656	19197253	597
LG2	19197385	19197591	206
LG2	19197648	19198476	828
LG2	19198599	19199756	1157
LG2	19199913	19200085	172
LG2	19200262	19200707	445
LG2	19200748	19202246	1498
LG2	19203630	19204935	1305
LG2	19205006	19205177	171
LG2	19205985	19207077	1092
LG2	19209919	19209944	25
LG2	19210007	19210555	548
LG2	19210722	19210909	187
LG2	19212082	19214019	1937
LG2	19214133	19214833	700
LG2	19214916	19215712	796
LG2	19216622	19217092	470
LG2	19218116	19219383	1267
LG2	19219435	19225001	5566
LG2	19225034	19226689	1655
LG2	19228249	19228866	617
LG2	19228896	19229337	441
LG2	19230251	19230437	186
LG2	19231231	19232022	791
LG2	19232461	19233237	776
LG2	19235141	19236210	1069
LG2	19238707	19240129	1422
LG2	19240134	19240162	28
LG2	19240181	19241723	1542
LG2	19242622	19243790	1168
LG2	19243793	19243968	175
LG2	19243978	19245145	1167
LG2	19246150	19247868	1718
LG2	19248459	19249300	841
LG2	19249418	19249443	25
LG2	19249447	19249525	78
LG2	19250190	19250756	566
LG2	19250769	19251241	472
LG2	19252442	19253134	692
LG2	19254041	19254246	205
LG2	19255237	19255517	280
LG2	19255572	19256040	468
LG2	19256052	19256312	260
LG2	19256592	19256769	177
LG2	19256829	19257738	909
LG2	19257794	19258194	400
LG2	19258253	19259733	1480
LG2	19260735	19260862	127
LG2	19261037	19262622	1585
LG2	19262786	19262881	95
LG2	19263260	19263470	210
LG2	19264084	19266035	1951
LG2	19266608	19266764	156
LG2	19266796	19267089	293
LG2	19268655	19269151	496
LG2	19269254	19269350	96
LG2	19269869	19270401	532
LG2	19270431	19270506	75
LG2	19270716	19270847	131
LG2	19270963	19273577	2614
LG2	19273692	19274470	778
LG2	19274475	19275075	600
LG2	19275370	19279081	3711
LG2	19279135	19279704	569
LG2	19279923	19281116	1193
LG2	19281313	19281582	269
LG2	19282648	19283351	703
LG2	19283725	19283952	227
LG2	19284042	19284150	108
LG2	19284954	19285303	349
LG2	19285400	19286773	1373
LG2	19286836	19291045	4209
LG2	19291420	19291822	402
LG2	19292123	19292266	143
LG2	19292364	19292708	344
LG2	19292934	19293474	540
LG2	19294814	19295016	202
LG2	19295145	19295386	241
LG2	19296858	19297176	318
LG2	19297502	19297679	177
LG2	19298983	19299947	964
LG2	19300115	19300277	162
LG2	19300541	19302615	2074
LG2	19303798	19304076	278
LG2	19304380	19304676	296
LG2	19305857	19305929	72
LG2	19306748	19308232	1484
LG2	19309594	19310827	1233
LG2	19311037	19312435	1398
LG2	19313316	19313602	286
LG2	19313715	19314464	749
LG2	19315180	19315556	376
LG2	19317315	19318761	1446
LG2	19318830	19320034	1204
LG2	19320288	19321112	824
LG2	19321156	19321781	625
LG2	19322287	19322626	339
LG2	19323265	19325462	2197
LG2	19325583	19327030	1447
LG2	19327838	19328701	863
LG2	19330595	19330936	341
LG2	19331996	19332447	451
LG2	19332469	19332529	60
LG2	19333905	19334957	1052
LG2	19335594	19335995	401
LG2	19336268	19336963	695
LG2	19337343	19337575	232
LG2	19338553	19338839	286
LG2	19339337	19339670	333
LG2	19340227	19340295	68
LG2	19341670	19342150	480
LG2	19342240	19343386	1146
LG2	19344225	19345630	1405
LG2	19345692	19346967	1275
LG2	19347469	19347563	94
LG2	19347679	19348239	560
LG2	19348382	19349341	959
LG2	19349642	19349761	119
LG2	19349854	19350643	789
LG2	19352115	19352749	634
LG2	19354098	19354328	230
LG2	19354641	19355301	660
LG2	19355588	19356464	876
LG2	19357714	19358385	671
LG2	19359066	19359738	672
LG2	19360038	19360349	311
LG2	19360424	19360759	335
LG2	19361816	19362553	737
LG2	19362724	19362944	220
LG2	19363744	19364232	488
LG2	19364523	19366209	1686
LG2	19367445	19367678	233
LG2	19367743	19368695	952
LG2	19368750	19370251	1501
LG2	19370377	19371521	1144
LG2	19371750	19371918	168
LG2	19372600	19375334	2734
LG2	19375398	19377103	1705
LG2	19377184	19377346	162
LG2	19377454	19377535	81
LG2	19384587	19385486	899
LG2	19386166	19387027	861
LG2	19388216	19389169	953
LG2	19389276	19390139	863
LG2	19390327	19391406	1079
LG2	19391469	19391686	217
LG2	19392626	19393661	1035
LG2	19393888	19395052	1164
LG2	19395282	19395309	27
LG2	19395488	19396639	1151
LG2	19396687	19399749	3062
LG2	19400229	19400275	46
LG2	19400312	19401127	815
LG2	19403119	19409903	6784
LG2	19409919	19415654	5735
LG2	19415721	19416962	1241
LG2	19417540	19419866	2326
LG2	19421793	19426890	5097
LG2	19429653	19429820	167
LG2	19429839	19430808	969
LG2	19431049	19431107	58
LG2	19431129	19431133	4
LG2	19431137	19432525	1388
LG2	19432659	19433843	1184
LG2	19434405	19435074	669
LG2	19436639	19437128	489
LG2	19438222	19438292	70
LG2	19438417	19443736	5319
LG2	19443754	19447126	3372
LG2	19447279	19453953	6674
LG2	19454054	19454956	902
LG2	19455004	19473914	18910
LG2	19474066	19482402	8336
LG2	19482718	19482882	164
LG2	19483043	19484016	973
LG2	19484273	19484510	237
LG2	19484907	19490652	5745
LG2	19492070	19493130	1060
LG2	19496685	19504931	8246
LG2	19505062	19506829	1767
LG2	19506923	19515540	8617
LG2	19516274	19517183	909
LG2	19517276	19518734	1458
LG2	19518955	19525484	6529
LG2	19527201	19528941	1740
LG2	19529287	19529993	706
LG2	19530973	19531183	210
LG2	19532072	19532190	118
LG2	19532662	19532760	98
LG2	19532841	19532944	103
LG2	19532947	19533240	293
LG2	19533252	19533554	302
LG2	19533614	19533913	299
LG2	19534350	19535268	918
LG2	19535348	19540475	5127
LG2	19540943	19541301	358
LG2	19542219	19547302	5083
LG2	19547349	19550642	3293
LG2	19551094	19551530	436
LG2	19551574	19552325	751
LG2	19552502	19554322	1820
LG2	19554860	19554944	84
LG2	19555848	19557234	1386
LG2	19557661	19558649	988
LG2	19558682	19559485	803
LG2	19559825	19560188	363
LG2	19560888	19561434	546
LG2	19561603	19562249	646
LG2	19564282	19564414	132
LG2	19571163	19572032	869
LG2	19572970	19573402	432
LG2	19573935	19573987	52
LG2	19574052	19574727	675
LG2	19576352	19577026	674
LG2	19580368	19580672	304
LG2	19582293	19583158	865
LG2	19583213	19583923	710
LG2	19584540	19584769	229
LG2	19585800	19586349	549
LG2	19586473	19586644	171
LG2	19586744	19586819	75
LG2	19587040	19588089	1049
LG2	19588101	19589239	1138
LG2	19589344	19589493	149
LG2	19590090	19592172	2082
LG2	19593247	19594199	952
LG2	19594231	19594639	408
LG2	19595388	19595698	310
LG2	19596293	19598619	2326
LG2	19598759	19599056	297
LG2	19599985	19601074	1089
LG2	19601203	19602534	1331
LG2	19602890	19604141	1251
LG2	19606819	19607484	665
LG2	19607723	19608704	981
LG2	19608928	19609179	251
LG2	19609808	19610514	706
LG2	19610618	19612059	1441
LG2	19612226	19613148	922
LG2	19613162	19613688	526
LG2	19613731	19616512	2781
LG2	19616564	19616834	270
LG2	19616945	19617883	938
LG2	19617915	19618091	176
LG2	19619943	19620350	407
LG2	19620539	19621465	926
LG2	19621698	19623481	1783
LG2	19623597	19624028	431
LG2	19624254	19624901	647
LG2	19625040	19625860	820
LG2	19626278	19626662	384
LG2	19627180	19627593	413
LG2	19627911	19628397	486
LG2	19631685	19632903	1218
LG2	19636001	19636498	497
LG2	19637338	19638194	856
LG2	19638237	19641061	2824
LG2	19642373	19642495	122
LG2	19643860	19643946	86
LG2	19644168	19645497	1329
LG2	19647255	19647864	609
LG2	19650221	19651707	1486
LG2	19652984	19653504	520
LG2	19653698	19654332	634
LG2	19654802	19656483	1681
LG2	19657542	19658983	1441
LG2	19659592	19659845	253
LG2	19660663	19661454	791
LG2	19661924	19662153	229
LG2	19662947	19663244	297
LG2	19663406	19663769	363
LG2	19664852	19665180	328
LG2	19665763	19666215	452
LG2	19666416	19667631	1215
LG2	19669979	19671382	1403
LG2	19671812	19672417	605
LG2	19672908	19674755	1847
LG2	19675248	19675560	312
LG2	19675835	19677924	2089
LG2	19678160	19678731	571
LG2	19679027	19679287	260
LG2	19679425	19681308	1883
LG2	19682094	19682508	414
LG2	19682911	19683247	336
LG2	19685486	19685922	436
LG2	19685966	19687521	1555
LG2	19688724	19688816	92
LG2	19688972	19690321	1349
LG2	19693985	19694037	52
LG2	19694514	19695242	728
LG2	19696490	19697147	657
LG2	19697300	19699288	1988
LG2	19699454	19702263	2809
LG2	19702673	19704667	1994
LG2	19704843	19704982	139
LG2	19705242	19705716	474
LG2	19705860	19706345	485
LG2	19706668	19707275	607
LG2	19707488	19708270	782
LG2	19708374	19710268	1894
LG2	19710443	19710679	236
LG2	19710792	19711366	574
LG2	19711467	19713510	2043
LG2	19713633	19715705	2072
LG2	19717366	19717829	463
LG2	19717955	19718174	219
LG2	19718329	19719253	924
LG2	19719534	19719690	156
LG2	19719887	19720213	326
LG2	19720268	19723254	2986
LG2	19723276	19724545	1269
LG2	19724573	19725205	632
LG2	19725233	19725748	515
LG2	19725782	19727227	1445
LG2	19727349	19727497	148
LG2	19727706	19729084	1378
LG2	19730454	19731368	914
LG2	19732188	19732873	685
LG2	19732984	19733363	379
LG2	19733397	19734239	842
LG2	19734324	19735198	874
LG2	19735284	19736506	1222
LG2	19736725	19739025	2300
LG2	19739090	19739761	671
LG2	19739800	19740678	878
LG2	19741194	19742945	1751
LG2	19743164	19743515	351
LG2	19743754	19745251	1497
LG2	19745717	19747718	2001
LG2	19748961	19749084	123
LG2	19750895	19752863	1968
LG2	19754073	19754550	477
LG2	19754591	19755150	559
LG2	19755895	19756338	443
LG2	19756573	19758820	2247
LG2	19760746	19760956	210
LG2	19762523	19765142	2619
LG2	19767373	19767909	536
LG2	19768555	19768626	71
LG2	19770742	19774938	4196
LG2	19775026	19778126	3100
LG2	19778489	19782826	4337
LG2	19782980	19783308	328
LG2	19784142	19786219	2077
LG2	19786350	19787153	803
LG2	19787589	19791774	4185
LG2	19791935	19793836	1901
LG2	19793890	19795515	1625
LG2	19799422	19799571	149
LG2	19800114	19800384	270
LG2	19800897	19801725	828
LG2	19801886	19802350	464
LG2	19802401	19804810	2409
LG2	19805014	19806293	1279
LG2	19807698	19809235	1537
LG2	19810456	19821027	10571
LG2	19821149	19821431	282
LG2	19821652	19826621	4969
LG2	19827774	19831371	3597
LG2	19831388	19831598	210
LG2	19831712	19832487	775
LG2	19832673	19833007	334
LG2	19833172	19833521	349
LG2	19834583	19834701	118
LG2	19835172	19835761	589
LG2	19835813	19837298	1485
LG2	19837923	19837991	68
LG2	19840300	19841059	759
LG2	19843129	19844046	917
LG2	19845330	19846350	1020
LG2	19847764	19848532	768
LG2	19848587	19849263	676
LG2	19849526	19849859	333
LG2	19850624	19851117	493
LG2	19851154	19851918	764
LG2	19852098	19852229	131
LG2	19852965	19854283	1318
LG2	19854445	19854759	314
LG2	19855247	19856012	765
LG2	19856128	19861333	5205
LG2	19863267	19863752	485
LG2	19864012	19864024	12
LG2	19865048	19865479	431
LG2	19865805	19866161	356
LG2	19866275	19867604	1329
LG2	19867666	19869712	2046
LG2	19869818	19870892	1074
LG2	19871742	19872020	278
LG2	19873115	19873389	274
LG2	19873392	19873628	236
LG2	19873875	19875155	1280
LG2	19875189	19875305	116
LG2	19876144	19878838	2694
LG2	19880081	19880250	169
LG2	19880332	19882640	2308
LG2	19883324	19884356	1032
LG2	19884466	19886007	1541
LG2	19886055	19886903	848
LG2	19887009	19887911	902
LG2	19888191	19888279	88
LG2	19888496	19888942	446
LG2	19889257	19889482	225
LG2	19891153	19891266	113
LG2	19891750	19892180	430
LG2	19894314	19894526	212
LG2	19894710	19895241	531
LG2	19901647	19902387	740
LG2	19902571	19903028	457
LG2	19903720	19904238	518
LG2	19904310	19905464	1154
LG2	19905522	19905657	135
LG2	19905990	19906208	218
LG2	19906388	19906785	397
LG2	19906958	19907981	1023
LG2	19908998	19909735	737
LG2	19910262	19910432	170
LG2	19913013	19914134	1121
LG2	19914360	19915755	1395
LG2	19918176	19919683	1507
LG2	19922323	19922423	100
LG2	19923580	19924097	517
LG2	19924344	19926486	2142
LG2	19926554	19926611	57
LG2	19929405	19929659	254
LG2	19929800	19930925	1125
LG2	19932098	19932355	257
LG2	19932391	19932446	55
LG2	19933636	19935876	2240
LG2	19936434	19942502	6068
LG2	19943753	19943958	205
LG2	19945704	19945889	185
LG2	19945892	19948867	2975
LG2	19950145	19950714	569
LG2	19953251	19954266	1015
LG2	19955251	19956657	1406
LG2	19956890	19957611	721
LG2	19958526	19961348	2822
LG2	19961756	19962823	1067
LG2	19964080	19964646	566
LG2	19964701	19964856	155
LG2	19964918	19965629	711
LG2	19965679	19967765	2086
LG2	19967793	19968443	650
LG2	19970326	19970781	455
LG2	19971023	19972170	1147
LG2	19972211	19972513	302
LG2	19972912	19972947	35
LG2	19973165	19975215	2050
LG2	19975282	19976187	905
LG2	19976740	19980175	3435
LG2	19980209	19980262	53
LG2	19980302	19980671	369
LG2	19981985	19984026	2041
LG2	19984076	19984693	617
LG2	19984742	19984929	187
LG2	19985034	19985685	651
LG2	19985784	19986778	994
LG2	19986856	19987340	484
LG2	19987494	19988225	731
LG2	19988298	19989005	707
LG2	19989865	19990171	306
LG2	19990175	19992016	1841
LG2	19992049	19993238	1189
LG2	19993281	19993475	194
LG2	19993506	19993652	146
LG2	19994074	19997786	3712
LG2	19998065	20000046	1981
LG2	20001066	20001936	870
LG2	20002382	20002585	203
LG2	20002766	20003749	983
LG2	20003921	20004117	196
LG2	20004132	20004637	505
LG2	20004757	20006337	1580
LG2	20006767	20006942	175
LG2	20007172	20007294	122
LG2	20008400	20008587	187
LG2	20009577	20009693	116
LG2	20009852	20009986	134
LG2	20013886	20014268	382
LG2	20014464	20015188	724
LG2	20015379	20015954	575
LG2	20015970	20017495	1525
LG2	20017580	20017830	250
LG2	20018171	20019587	1416
LG2	20019827	20020583	756
LG2	20021878	20022127	249
LG2	20022135	20022201	66
LG2	20022281	20022569	288
LG2	20022609	20023121	512
LG2	20023337	20024480	1143
LG2	20024539	20025218	679
LG2	20025515	20026345	830
LG2	20026425	20026692	267
LG2	20026809	20027761	952
LG2	20027856	20028025	169
LG2	20028080	20029080	1000
LG2	20029220	20029434	214
LG2	20029697	20030085	388
LG2	20031615	20032822	1207
LG2	20032829	20033027	198
LG2	20033159	20033430	271
LG2	20033517	20033792	275
LG2	20033967	20034999	1032
LG2	20035013	20036903	1890
LG2	20037005	20038402	1397
LG2	20038501	20038558	57
LG2	20038720	20038898	178
LG2	20039234	20039350	116
LG2	20039509	20039987	478
LG2	20040075	20040553	478
LG2	20040567	20041425	858
LG2	20041439	20041936	497
LG2	20042097	20043117	1020
LG2	20043242	20044026	784
LG2	20045226	20046269	1043
LG2	20047390	20049761	2371
LG2	20049825	20050224	399
LG2	20050359	20050710	351
LG2	20051512	20052290	778
LG2	20053658	20054513	855
LG2	20055209	20056619	1410
LG2	20056713	20057400	687
LG2	20057849	20058602	753
LG2	20058619	20060064	1445
LG2	20061125	20061586	461
LG2	20062275	20062740	465
LG2	20064563	20064797	234
LG2	20064821	20064937	116
LG2	20065956	20066252	296
LG2	20068148	20068198	50
LG2	20068941	20069193	252
LG2	20069308	20071191	1883
LG2	20071296	20071921	625
LG2	20072030	20072245	215
LG2	20072478	20073371	893
LG2	20074297	20074771	474
LG2	20075927	20078090	2163
LG2	20078505	20078604	99
LG2	20078870	20080867	1997
LG2	20080923	20081009	86
LG2	20081015	20081135	120
LG2	20081262	20081979	717
LG2	20082850	20083304	454
LG2	20083352	20083582	230
LG2	20083629	20084320	691
LG2	20084608	20084954	346
LG2	20085005	20085932	927
LG2	20086035	20086927	892
LG2	20088858	20088961	103
LG2	20089097	20089740	643
LG2	20092977	20093590	613
LG2	20094102	20094447	345
LG2	20095762	20097505	1743
LG2	20097529	20097843	314
LG2	20098427	20098913	486
LG2	20099284	20099700	416
LG2	20101079	20101833	754
LG2	20104474	20104711	237
LG2	20104900	20105770	870
LG2	20106236	20106617	381
LG2	20106790	20109786	2996
LG2	20109836	20110285	449
LG2	20112282	20113217	935
LG2	20113704	20113782	78
LG2	20113880	20114069	189
LG2	20114242	20114963	721
LG2	20115101	20115913	812
LG2	20116086	20116542	456
LG2	20116614	20116931	317
LG2	20116983	20117531	548
LG2	20117792	20121496	3704
LG2	20121791	20122117	326
LG2	20124326	20125660	1334
LG2	20127038	20127529	491
LG2	20127671	20128129	458
LG2	20129902	20130936	1034
LG2	20131182	20131904	722
LG2	20135629	20136072	443
LG2	20138390	20139127	737
LG2	20139169	20139417	248
LG2	20141310	20141851	541
LG2	20141946	20142697	751
LG2	20144552	20144813	261
LG2	20148959	20149099	140
LG2	20149139	20149187	48
LG2	20149358	20150000	642
LG2	20152551	20153904	1353
LG2	20154238	20154486	248
LG2	20162907	20163086	179
LG2	20163779	20163982	203
LG2	20172098	20172199	101
LG2	20173432	20178198	4766
LG2	20180847	20181436	589
LG2	20181470	20181864	394
LG2	20184885	20187020	2135
LG2	20187050	20187504	454
LG2	20187570	20187974	404
LG2	20188160	20191290	3130
LG2	20191332	20194588	3256
LG2	20196293	20201407	5114
LG2	20203121	20203741	620
LG2	20203867	20204196	329
LG2	20209478	20210163	685
LG2	20215389	20215774	385
LG2	20215821	20216448	627
LG2	20218232	20222951	4719
LG2	20223014	20224106	1092
LG2	20224142	20226150	2008
LG2	20226336	20226374	38
LG2	20226439	20226820	381
LG2	20227306	20227660	354
LG2	20227716	20227887	171
LG2	20229632	20230280	648
LG2	20232560	20233138	578
LG2	20235502	20236250	748
LG2	20236346	20236418	72
LG2	20237609	20239251	1642
LG2	20241106	20241889	783
LG2	20244539	20246606	2067
LG2	20246620	20247170	550
LG2	20248830	20249723	893
LG2	20250933	20251789	856
LG2	20251815	20252079	264
LG2	20252109	20252391	282
LG2	20253064	20253094	30
LG2	20253108	20253289	181
LG2	20253676	20253842	166
LG2	20253858	20256059	2201
LG2	20258070	20259108	1038
LG2	20259376	20259703	327
LG2	20260038	20261840	1802
LG2	20261999	20263005	1006
LG2	20263052	20263807	755
LG2	20264914	20265145	231
LG2	20265153	20265452	299
LG2	20265648	20266261	613
LG2	20268556	20269144	588
LG2	20270706	20274943	4237
LG2	20275889	20277529	1640
LG2	20277643	20278819	1176
LG2	20278847	20279514	667
LG2	20280888	20281042	154
LG2	20281444	20282361	917
LG2	20286080	20286706	626
LG2	20287904	20288221	317
LG2	20288684	20289118	434
LG2	20289168	20289225	57
LG2	20289500	20289671	171
LG2	20289734	20290463	729
LG2	20291592	20292373	781
LG2	20293500	20294240	740
LG2	20295643	20296333	690
LG2	20296440	20297127	687
LG2	20297270	20297417	147
LG2	20298360	20298738	378
LG2	20298768	20299994	1226
LG2	20301805	20302355	550
LG2	20302532	20302888	356
LG2	20304435	20304824	389
LG2	20304939	20305651	712
LG2	20306490	20306575	85
LG2	20306664	20306954	290
LG2	20307141	20308021	880
LG2	20308928	20309179	251
LG2	20309319	20309543	224
LG2	20309629	20309918	289
LG2	20314042	20314920	878
LG2	20315334	20315401	67
LG2	20315486	20316266	780
LG2	20318219	20318816	597
LG2	20318925	20319500	575
LG2	20319533	20319663	130
LG2	20319758	20320636	878
LG2	20320786	20320974	188
LG2	20321010	20321647	637
LG2	20321798	20321997	199
LG2	20323041	20323579	538
LG2	20324879	20325990	1111
LG2	20329896	20330402	506
LG2	20330449	20331662	1213
LG2	20331673	20332022	349
LG2	20332072	20332400	328
LG2	20333340	20333678	338
LG2	20335429	20336322	893
LG2	20337894	20338540	646
LG2	20339935	20340412	477
LG2	20340477	20342382	1905
LG2	20343845	20343997	152
LG2	20344867	20346220	1353
LG2	20346432	20346799	367
LG2	20349790	20350135	345
LG2	20351322	20351516	194
LG2	20351624	20351660	36
LG2	20351692	20352240	548
LG2	20352317	20352765	448
LG2	20352907	20353525	618
LG2	20354680	20355311	631
LG2	20356275	20356510	235
LG2	20358310	20358831	521
LG2	20359001	20359079	78
LG2	20360276	20361976	1700
LG2	20362703	20362825	122
LG2	20365889	20366307	418
LG2	20366972	20367746	774
LG2	20368257	20368334	77
LG2	20369036	20369795	759
LG2	20371028	20371233	205
LG2	20371299	20371769	470
LG2	20371835	20372232	397
LG2	20372925	20372980	55
LG2	20378704	20379442	738
LG2	20379535	20380863	1328
LG2	20382845	20387486	4641
LG2	20387614	20388359	745
LG2	20389604	20391626	2022
LG2	20392426	20392625	199
LG2	20392697	20392898	201
LG2	20393700	20393755	55
LG2	20394309	20396219	1910
LG2	20396436	20397841	1405
LG2	20399293	20401563	2270
LG2	20401738	20402475	737
LG2	20407898	20408006	108
LG2	20409771	20410220	449
LG2	20411428	20411465	37
LG2	20412601	20412804	203
LG2	20412851	20413023	172
LG2	20416238	20416519	281
LG2	20420807	20421075	268
LG2	20424749	20424877	128
LG2	20427354	20428751	1397
LG2	20432019	20432743	724
LG2	20433342	20433778	436
LG2	20433983	20434356	373
LG2	20436437	20437439	1002
LG2	20437501	20439003	1502
LG2	20440726	20441440	714
LG2	20441456	20442069	613
LG2	20442316	20443244	928
LG2	20445548	20446295	747
LG2	20449160	20449281	121
LG2	20451134	20451320	186
LG2	20451415	20451631	216
LG2	20451766	20452062	296
LG2	20453795	20455022	1227
LG2	20455115	20455516	401
LG2	20456966	20457224	258
LG2	20457797	20458841	1044
LG2	20460720	20462143	1423
LG2	20464094	20467181	3087
LG2	20469198	20469412	214
LG2	20470545	20471017	472
LG2	20471083	20471834	751
LG2	20471919	20473272	1353
LG2	20475446	20475905	459
LG2	20475987	20477029	1042
LG2	20477538	20477650	112
LG2	20478901	20479609	708
LG2	20479756	20479852	96
LG2	20481624	20481715	91
LG2	20491971	20492258	287
LG2	20493606	20494090	484
LG2	20496013	20496574	561
LG2	20498348	20498596	248
LG2	20498940	20498979	39
LG2	20499936	20500710	774
LG2	20501997	20502636	639
LG2	20503764	20504802	1038
LG2	20504875	20505006	131
LG2	20505142	20505562	420
LG2	20505948	20506222	274
LG2	20506442	20506691	249
LG2	20506694	20506738	44
LG2	20506786	20506929	143
LG2	20506978	20507079	101
LG2	20507126	20507340	214
LG2	20507843	20508040	197
LG2	20510596	20512002	1406
LG2	20512024	20512178	154
LG2	20517092	20517175	83
LG2	20517341	20517387	46
LG2	20517532	20517800	268
LG2	20518045	20518059	14
LG2	20518679	20519306	627
LG2	20520886	20522026	1140
LG2	20523351	20523585	234
LG2	20523702	20524560	858
LG2	20524876	20525663	787
LG2	20528082	20529568	1486
LG2	20531626	20532496	870
LG2	20532639	20533265	626
LG2	20533386	20533725	339
LG2	20534049	20534841	792
LG2	20536992	20537646	654
LG2	20540932	20541289	357
LG2	20541414	20542005	591
LG2	20542539	20545636	3097
LG2	20547430	20548668	1238
LG2	20548830	20549313	483
LG2	20549340	20549940	600
LG2	20550074	20550746	672
LG2	20553352	20554200	848
LG2	20554599	20554640	41
LG2	20555199	20555911	712
LG2	20555964	20556147	183
LG2	20556550	20556705	155
LG2	20556733	20557005	272
LG2	20557193	20558613	1420
LG2	20558941	20559183	242
LG2	20559236	20560592	1356
LG2	20562120	20562672	552
LG2	20563007	20563604	597
LG2	20563812	20564825	1013
LG2	20566707	20567298	591
LG2	20568957	20569499	542
LG2	20569728	20570202	474
LG2	20570870	20571193	323
LG2	20572672	20573250	578
LG2	20574340	20574888	548
LG2	20576999	20577305	306
LG2	20578125	20578391	266
LG2	20579476	20579616	140
LG2	20579683	20580536	853
LG2	20580642	20580902	260
LG2	20581044	20581099	55
LG2	20581173	20581304	131
LG2	20581359	20581720	361
LG2	20581728	20581805	77
LG2	20582346	20582594	248
LG2	20582682	20582910	228
LG2	20583194	20584815	1621
LG2	20585685	20586655	970
LG2	20586875	20586912	37
LG2	20587082	20587791	709
LG2	20587836	20587925	89
LG2	20588170	20588731	561
LG2	20589258	20589586	328
LG2	20590387	20591516	1129
LG2	20592909	20594549	1640
LG2	20595984	20596386	402
LG2	20596501	20596726	225
LG2	20596800	20597177	377
LG2	20598055	20598538	483
LG2	20599457	20599751	294
LG2	20599946	20600305	359
LG2	20600929	20601183	254
LG2	20601933	20602138	205
LG2	20602211	20603488	1277
LG2	20603942	20603989	47
LG2	20605638	20605891	253
LG2	20606984	20607927	943
LG2	20611270	20612969	1699
LG2	20613933	20614335	402
LG2	20615373	20616120	747
LG2	20616614	20616970	356
LG2	20616991	20617041	50
LG2	20617649	20618020	371
LG2	20618142	20618762	620
LG2	20620836	20622506	1670
LG2	20623612	20625028	1416
LG2	20625699	20625839	140
LG2	20626037	20626167	130
LG2	20626307	20626454	147
LG2	20629862	20630190	328
LG2	20631256	20632369	1113
LG2	20632422	20634313	1891
LG2	20634507	20635178	671
LG2	20635209	20635838	629
LG2	20635861	20636461	600
LG2	20636551	20636780	229
LG2	20637028	20637265	237
LG2	20637330	20637521	191
LG2	20638990	20639290	300
LG2	20640061	20640419	358
LG2	20640496	20640720	224
LG2	20641137	20641204	67
LG2	20642470	20642916	446
LG2	20642951	20643186	235
LG2	20643422	20644005	583
LG2	20644550	20645245	695
LG2	20645496	20645942	446
LG2	20646160	20646331	171
LG2	20647199	20647876	677
LG2	20647980	20648444	464
LG2	20649169	20649276	107
LG2	20649447	20649864	417
LG2	20650133	20650433	300
LG2	20650857	20650990	133
LG2	20651038	20651363	325
LG2	20651608	20652064	456
LG2	20652148	20652269	121
LG2	20654381	20654656	275
LG2	20658655	20658883	228
LG2	20659200	20660536	1336
LG2	20661322	20661807	485
LG2	20661841	20662246	405
LG2	20662533	20663911	1378
LG2	20664189	20665064	875
LG2	20665121	20666483	1362
LG2	20666632	20667873	1241
LG2	20668929	20669055	126
LG2	20669215	20669967	752
LG2	20671209	20672378	1169
LG2	20675413	20675473	60
LG2	20678501	20678667	166
LG2	20678702	20678966	264
LG2	20679053	20679208	155
LG2	20680420	20680854	434
LG2	20681481	20682492	1011
LG2	20682859	20684860	2001
LG2	20687019	20687349	330
LG2	20687355	20687666	311
LG2	20690135	20690313	178
LG2	20690378	20690546	168
LG2	20690900	20691430	530
LG2	20691531	20691541	10
LG2	20691692	20692230	538
LG2	20692329	20692642	313
LG2	20693756	20694036	280
LG2	20694858	20694984	126
LG2	20695661	20695871	210
LG2	20696309	20696716	407
LG2	20697130	20697220	90
LG2	20697277	20697648	371
LG2	20702457	20703577	1120
LG2	20703839	20704916	1077
LG2	20705035	20705252	217
LG2	20705533	20706531	998
LG2	20706540	20706667	127
LG2	20708779	20709087	308
LG2	20709229	20709651	422
LG2	20709762	20709985	223
LG2	20710045	20713965	3920
LG2	20716832	20717058	226
LG2	20717170	20717266	96
LG2	20717685	20717922	237
LG2	20718273	20718633	360
LG2	20720693	20720879	186
LG2	20721026	20721185	159
LG2	20721264	20721336	72
LG2	20723174	20723439	265
LG2	20727066	20728873	1807
LG2	20729338	20730216	878
LG2	20731283	20731601	318
LG2	20732869	20733460	591
LG2	20733678	20733729	51
LG2	20733788	20733914	126
LG2	20734634	20736061	1427
LG2	20736067	20737724	1657
LG2	20740064	20741457	1393
LG2	20741483	20741777	294
LG2	20743675	20744981	1306
LG2	20749748	20750648	900
LG2	20751801	20752151	350
LG2	20755681	20756702	1021
LG2	20758863	20758921	58
LG2	20759457	20761639	2182
LG2	20762530	20770395	7865
LG2	20771144	20772871	1727
LG2	20773885	20777062	3177
LG2	20777831	20777958	127
LG2	20778227	20779316	1089
LG2	20781164	20784808	3644
LG2	20786439	20786954	515
LG2	20788490	20788897	407
LG2	20789402	20790152	750
LG2	20790789	20794059	3270
LG2	20795964	20796626	662
LG2	20796686	20796834	148
LG2	20797000	20799959	2959
LG2	20800765	20800903	138
LG2	20800962	20801092	130
LG2	20801865	20801973	108
LG2	20803291	20804777	1486
LG2	20806897	20809284	2387
LG2	20810208	20812234	2026
LG2	20815558	20815998	440
LG2	20816338	20816529	191
LG2	20816690	20816965	275
LG2	20817112	20817551	439
LG2	20817680	20817871	191
LG2	20822280	20823180	900
LG2	20823447	20823543	96
LG2	20825731	20827560	1829
LG2	20831390	20833531	2141
LG2	20835643	20836094	451
LG2	20836118	20836348	230
LG2	20838719	20840328	1609
LG2	20842979	20843278	299
LG2	20843454	20843491	37
LG2	20843627	20843905	278
LG2	20844724	20844875	151
LG2	20844876	20845175	299
LG2	20847367	20847670	303
LG2	20850270	20850319	49
LG2	20850595	20850676	81
LG2	20855411	20856138	727
LG2	20856196	20856661	465
LG2	20857804	20857917	113
LG2	20859450	20859592	142
LG2	20859672	20860055	383
LG2	20860504	20860571	67
LG2	20862803	20864389	1586
LG2	20866238	20866987	749
LG2	20867054	20867612	558
LG2	20870482	20871524	1042
LG2	20871625	20872158	533
LG2	20874674	20875768	1094
LG2	20875775	20875941	166
LG2	20878474	20879731	1257
LG2	20879809	20879994	185
LG2	20882197	20882435	238
LG2	20884185	20884569	384
LG2	20892839	20894285	1446
LG2	20895547	20898280	2733
LG2	20898331	20898759	428
LG2	20901355	20902531	1176
LG2	20905031	20905895	864
LG2	20907251	20907631	380
LG2	20908053	20908189	136
LG2	20912526	20913043	517
LG2	20914022	20914205	183
LG2	20916416	20916758	342
LG2	20916860	20917145	285
LG2	20920349	20921470	1121
LG2	20924019	20924503	484
LG2	20924527	20924842	315
LG2	20925102	20925161	59
LG2	20925547	20925564	17
LG2	20925643	20926590	947
LG2	20928681	20929430	749
LG2	20930860	20931602	742
LG2	20932909	20934535	1626
LG2	20936008	20936820	812
LG2	20939076	20939245	169
LG2	20940268	20940876	608
LG2	20941010	20941223	213
LG2	20942354	20943513	1159
LG2	20944689	20945417	728
LG2	20945839	20945914	75
LG2	20946242	20946398	156
LG2	20947492	20948604	1112
LG2	20949186	20950131	945
LG2	20951165	20951592	427
LG2	20951636	20952661	1025
LG2	20952734	20954465	1731
LG2	20954583	20954795	212
LG2	20954815	20955065	250
LG2	20955236	20955388	152
LG2	20955438	20956207	769
LG2	20957285	20959495	2210
LG2	20961058	20962443	1385
LG2	20963261	20965669	2408
LG2	20965758	20965815	57
LG2	20965897	20967496	1599
LG2	20967612	20967883	271
LG2	20969165	20969278	113
LG2	20970732	20971529	797
LG2	20971986	20972794	808
LG2	20972823	20973659	836
LG2	20975431	20975813	382
LG2	20975878	20976139	261
LG2	20976308	20978038	1730
LG2	20978108	20978810	702
LG2	20979652	20980960	1308
LG2	20981054	20986648	5594
LG2	20989351	20989656	305
LG2	20989685	20990489	804
LG2	20990872	20991090	218
LG2	20991866	20992358	492
LG2	20992387	20992708	321
LG2	20993208	20993867	659
LG2	20993970	20994151	181
LG2	20994202	20994885	683
LG2	20994928	20995162	234
LG2	20996093	20996610	517
LG2	20997957	20998399	442
LG2	20998607	20998950	343
LG2	20999132	20999244	112
LG2	20999553	21001088	1535
LG2	21002900	21003327	427
LG2	21004709	21005164	455
LG2	21005175	21005643	468
LG2	21014045	21014370	325
LG2	21015600	21015945	345
LG2	21015988	21019357	3369
LG2	21020291	21021482	1191
LG2	21021484	21021714	230
LG2	21021857	21022203	346
LG2	21022632	21023628	996
LG2	21024562	21024970	408
LG2	21025037	21025179	142
LG2	21025241	21025962	721
LG2	21026676	21026944	268
LG2	21027008	21027350	342
LG2	21027605	21027851	246
LG2	21027992	21028941	949
LG2	21029343	21029505	162
LG2	21029527	21029792	265
LG2	21029995	21030259	264
LG2	21030917	21031013	96
LG2	21031175	21031288	113
LG2	21031353	21031878	525
LG2	21032063	21032198	135
LG2	21032856	21034113	1257
LG2	21035805	21036312	507
LG2	21036359	21036764	405
LG2	21037154	21037481	327
LG2	21037523	21039568	2045
LG2	21040412	21040575	163
LG2	21041365	21041919	554
LG2	21042674	21043453	779
LG2	21045116	21045720	604
LG2	21047228	21047838	610
LG2	21047944	21048153	209
LG2	21048487	21048801	314
LG2	21049836	21050995	1159
LG2	21051642	21051864	222
LG2	21051871	21052673	802
LG2	21052839	21052977	138
LG2	21053220	21053361	141
LG2	21053564	21055148	1584
LG2	21055366	21055510	144
LG2	21057706	21058541	835
LG2	21058610	21058961	351
LG2	21059001	21059201	200
LG2	21059280	21059455	175
LG2	21059610	21060238	628
LG2	21060368	21062464	2096
LG2	21062692	21063494	802
LG2	21063644	21064193	549
LG2	21064262	21065077	815
LG2	21065948	21066682	734
LG2	21067095	21067240	145
LG2	21067666	21068819	1153
LG2	21070136	21072734	2598
LG2	21074559	21075308	749
LG2	21075765	21077521	1756
LG2	21078602	21078666	64
LG2	21080983	21082675	1692
LG2	21082799	21083041	242
LG2	21083457	21084048	591
LG2	21084208	21084920	712
LG2	21084966	21085285	319
LG2	21085816	21086437	621
LG2	21086470	21087617	1147
LG2	21089602	21090366	764
LG2	21091401	21091541	140
LG2	21091793	21095538	3745
LG2	21095606	21096571	965
LG2	21097650	21098363	713
LG2	21099145	21099671	526
LG2	21099678	21099861	183
LG2	21099864	21100085	221
LG2	21101321	21102276	955
LG2	21102280	21102465	185
LG2	21104290	21104460	170
LG2	21104550	21105012	462
LG2	21105067	21105469	402
LG2	21105589	21106073	484
LG2	21106932	21107125	193
LG2	21107134	21107212	78
LG2	21117333	21118258	925
LG2	21118297	21118484	187
LG2	21119517	21119736	219
LG2	21119773	21119912	139
LG2	21119924	21120018	94
LG2	21120035	21120281	246
LG2	21120490	21120695	205
LG2	21121551	21121824	273
LG2	21122149	21122375	226
LG2	21129729	21130493	764
LG2	21131334	21131577	243
LG2	21131831	21132337	506
LG2	21132413	21132535	122
LG2	21133135	21134102	967
LG2	21134161	21135006	845
LG2	21136391	21136569	178
LG2	21136683	21138269	1586
LG2	21140279	21141107	828
LG2	21141293	21141401	108
LG2	21142336	21142480	144
LG2	21142537	21142992	455
LG2	21143044	21143111	67
LG2	21143314	21143563	249
LG2	21143680	21144563	883
LG2	21144715	21145387	672
LG2	21145399	21145907	508
LG2	21146227	21146909	682
LG2	21148008	21148687	679
LG2	21148729	21149018	289
LG2	21149135	21150197	1062
LG2	21150272	21151239	967
LG2	21151959	21152293	334
LG2	21152297	21152384	87
LG2	21152462	21152788	326
LG2	21154130	21154429	299
LG2	21154923	21155275	352
LG2	21156493	21156642	149
LG2	21157126	21157328	202
LG2	21157346	21157448	102
LG2	21161267	21162334	1067
LG2	21162978	21163438	460
LG2	21163913	21164666	753
LG2	21165462	21166504	1042
LG2	21167674	21167761	87
LG2	21167865	21168659	794
LG2	21169137	21171340	2203
LG2	21171395	21172023	628
LG2	21172137	21172292	155
LG2	21172651	21172802	151
LG2	21172907	21173388	481
LG2	21173489	21173822	333
LG2	21173837	21174189	352
LG2	21174254	21175084	830
LG2	21175225	21175669	444
LG2	21175753	21176491	738
LG2	21176529	21176965	436
LG2	21178819	21179456	637
LG2	21179489	21180166	677
LG2	21181516	21182056	540
LG2	21182152	21182384	232
LG2	21182436	21183119	683
LG2	21183145	21183457	312
LG2	21184639	21184846	207
LG2	21184880	21184955	75
LG2	21186628	21186903	275
LG2	21187017	21187552	535
LG2	21189219	21190330	1111
LG2	21191767	21192914	1147
LG2	21194477	21194877	400
LG2	21195697	21196373	676
LG2	21202436	21202511	75
LG2	21202579	21203218	639
LG2	21204933	21206106	1173
LG2	21206470	21206532	62
LG2	21206551	21206777	226
LG2	21206787	21206901	114
LG2	21207087	21207195	108
LG2	21207197	21207396	199
LG2	21210922	21212355	1433
LG2	21213197	21213666	469
LG2	21213737	21214702	965
LG2	21219202	21219444	242
LG2	21222453	21222594	141
LG2	21222639	21223252	613
LG2	21223417	21223686	269
LG2	21224016	21224561	545
LG2	21225250	21226121	871
LG2	21227088	21227705	617
LG2	21228330	21228582	252
LG2	21228599	21229259	660
LG2	21230953	21231247	294
LG2	21231274	21233616	2342
LG2	21234314	21235017	703
LG2	21236243	21237089	846
LG2	21240506	21240754	248
LG2	21242767	21243774	1007
LG2	21243833	21244166	333
LG2	21244350	21244677	327
LG2	21245816	21246008	192
LG2	21247038	21247464	426
LG2	21248497	21249574	1077
LG2	21249751	21250979	1228
LG2	21251229	21252304	1075
LG2	21252560	21253459	899
LG2	21253571	21253838	267
LG2	21253934	21254696	762
LG2	21254939	21256032	1093
LG2	21256256	21256390	134
LG2	21256424	21256854	430
LG2	21257047	21257626	579
LG2	21257862	21258250	388
LG2	21260357	21260630	273
LG2	21261270	21262024	754
LG2	21263443	21264002	559
LG2	21264209	21264251	42
LG2	21264270	21264698	428
LG2	21265430	21265786	356
LG2	21266818	21267073	255
LG2	21268746	21269584	838
LG2	21269825	21270197	372
LG2	21270702	21270905	203
LG2	21271651	21272365	714
LG2	21272481	21272765	284
LG2	21273162	21274148	986
LG2	21279201	21279740	539
LG2	21279865	21280848	983
LG2	21282995	21283543	548
LG2	21283635	21283895	260
LG2	21284592	21284861	269
LG2	21285164	21285377	213
LG2	21289420	21289518	98
LG2	21293750	21293969	219
LG2	21295078	21295589	511
LG2	21296701	21297202	501
LG2	21297975	21298231	256
LG2	21298883	21299894	1011
LG2	21302913	21303905	992
LG2	21304951	21305126	175
LG2	21306643	21306829	186
LG2	21306835	21307282	447
LG2	21308870	21309047	177
LG2	21309593	21309897	304
LG2	21310375	21310876	501
LG2	21312503	21312821	318
LG2	21313248	21313974	726
LG2	21315377	21316361	984
LG2	21318263	21319830	1567
LG2	21320184	21320853	669
LG2	21321281	21321423	142
LG2	21321840	21324820	2980
LG2	21326127	21327601	1474
LG2	21329091	21330247	1156
LG2	21330662	21330825	163
LG2	21331018	21332105	1087
LG2	21334386	21335202	816
LG2	21335749	21336277	528
LG2	21336278	21336677	399
LG2	21337225	21337479	254
LG2	21337592	21337741	149
LG2	21337959	21339344	1385
LG2	21340374	21340646	272
LG2	21343038	21344246	1208
LG2	21344546	21345933	1387
LG2	21346029	21346264	235
LG2	21346325	21346455	130
LG2	21347346	21348154	808
LG2	21348719	21348866	147
LG2	21348868	21349009	141
LG2	21351205	21351894	689
LG2	21354355	21354601	246
LG2	21355901	21356916	1015
LG2	21357039	21357443	404
LG2	21358031	21359266	1235
LG2	21359930	21361393	1463
LG2	21362894	21364046	1152
LG2	21364426	21364563	137
LG2	21366388	21366725	337
LG2	21368527	21368911	384
LG2	21371032	21371263	231
LG2	21371272	21371521	249
LG2	21372175	21372214	39
LG2	21372241	21372761	520
LG2	21372830	21375622	2792
LG2	21375871	21376024	153
LG2	21376227	21376268	41
LG2	21376453	21376662	209
LG2	21376822	21378734	1912
LG2	21379246	21381405	2159
LG2	21381407	21381652	245
LG2	21382773	21383483	710
LG2	21383773	21384391	618
LG2	21384505	21384743	238
LG2	21385892	21387369	1477
LG2	21387426	21387743	317
LG2	21387856	21387937	81
LG2	21387961	21388741	780
LG2	21389290	21391526	2236
LG2	21392444	21392524	80
LG2	21394785	21396080	1295
LG2	21396254	21398652	2398
LG2	21399901	21401367	1466
LG2	21402316	21404757	2441
LG2	21405161	21405299	138
LG2	21405491	21406293	802
LG2	21407615	21408348	733
LG2	21408468	21408812	344
LG2	21409121	21409471	350
LG2	21409895	21410944	1049
LG2	21411002	21411613	611
LG2	21411866	21411935	69
LG2	21412139	21412770	631
LG2	21412816	21414375	1559
LG2	21414406	21415290	884
LG2	21416020	21416924	904
LG2	21417121	21417361	240
LG2	21417477	21417622	145
LG2	21417632	21417718	86
LG2	21417731	21417923	192
LG2	21418306	21418667	361
LG2	21418992	21419091	99
LG2	21420059	21421304	1245
LG2	21421523	21421623	100
LG2	21421667	21423119	1452
LG2	21423165	21423269	104
LG2	21423482	21424130	648
LG2	21425493	21425900	407
LG2	21427383	21428347	964
LG2	21428679	21429979	1300
LG2	21430047	21431024	977
LG2	21431866	21431922	56
LG2	21432376	21433484	1108
LG2	21433595	21434403	808
LG2	21434717	21435921	1204
LG2	21436014	21437645	1631
LG2	21437738	21437779	41
LG2	21438718	21439131	413
LG2	21441454	21441600	146
LG2	21443057	21443388	331
LG2	21443390	21443399	9
LG2	21445467	21446233	766
LG2	21446770	21447072	302
LG2	21447591	21448805	1214
LG2	21448936	21449576	640
LG2	21450314	21451402	1088
LG2	21453395	21453936	541
LG2	21454209	21454245	36
LG2	21455693	21455859	166
LG2	21455910	21456540	630
LG2	21456562	21456897	335
LG2	21458002	21458933	931
LG2	21459025	21459303	278
LG2	21462015	21462334	319
LG2	21462562	21462923	361
LG2	21463160	21463733	573
LG2	21464445	21464536	91
LG2	21464583	21466076	1493
LG2	21467970	21469781	1811
LG2	21470136	21470642	506
LG2	21470891	21472084	1193
LG2	21472714	21473710	996
LG2	21474702	21474974	272
LG2	21475009	21475443	434
LG2	21476616	21476844	228
LG2	21479909	21480414	505
LG2	21482257	21482402	145
LG2	21482624	21482964	340
LG2	21483011	21483304	293
LG2	21484762	21485273	511
LG2	21485446	21485915	469
LG2	21486115	21488349	2234
LG2	21490826	21491044	218
LG2	21493131	21493941	810
LG2	21494059	21495340	1281
LG2	21495777	21496473	696
LG2	21496588	21497057	469
LG2	21498003	21499260	1257
LG2	21499425	21500033	608
LG2	21500622	21500681	59
LG2	21500956	21502350	1394
LG2	21502495	21503239	744
LG2	21503311	21503817	506
LG2	21503830	21504791	961
LG2	21505115	21506873	1758
LG2	21508152	21508884	732
LG2	21509012	21509914	902
LG2	21509966	21513323	3357
LG2	21513556	21513815	259
LG2	21513878	21515742	1864
LG2	21517228	21517366	138
LG2	21517437	21518132	695
LG2	21518150	21518186	36
LG2	21519043	21519181	138
LG2	21519360	21519471	111
LG2	21519491	21520683	1192
LG2	21520756	21521188	432
LG2	21521265	21527580	6315
LG2	21528207	21529759	1552
LG2	21531038	21531356	318
LG2	21533306	21533379	73
LG2	21533803	21533963	160
LG2	21534210	21534509	299
LG2	21538102	21538198	96
LG2	21539518	21540109	591
LG2	21540868	21541747	879
LG2	21542460	21542693	233
LG2	21542762	21542862	100
LG2	21542873	21543623	750
LG2	21543988	21544982	994
LG2	21545161	21545658	497
LG2	21545825	21546291	466
LG2	21546571	21546958	387
LG2	21547477	21547770	293
LG2	21547917	21548525	608
LG2	21548639	21548969	330
LG2	21549109	21549167	58
LG2	21549299	21549773	474
LG2	21549781	21550792	1011
LG2	21550932	21552176	1244
LG2	21554108	21555481	1373
LG2	21555974	21556248	274
LG2	21556302	21556631	329
LG2	21557066	21557218	152
LG2	21557968	21558040	72
LG2	21558106	21558443	337
LG2	21559167	21559288	121
LG2	21559778	21560377	599
LG2	21560625	21560943	318
LG2	21560972	21561054	82
LG2	21561076	21563052	1976
LG2	21563173	21564020	847
LG2	21565033	21566072	1039
LG2	21566887	21568848	1961
LG2	21569713	21569869	156
LG2	21570115	21573315	3200
LG2	21573388	21577605	4217
LG2	21580501	21582029	1528
LG2	21582125	21582212	87
LG2	21587283	21587854	571
LG2	21589969	21590197	228
LG2	21590220	21591062	842
LG2	21595970	21596093	123
LG2	21596194	21597420	1226
LG2	21598344	21599621	1277
LG2	21599694	21601060	1366
LG2	21603061	21604362	1301
LG2	21604424	21604471	47
LG2	21604695	21605994	1299
LG2	21606314	21606683	369
LG2	21608233	21610832	2599
LG2	21610955	21611449	494
LG2	21613229	21616761	3532
LG2	21618535	21619160	625
LG2	21619332	21619930	598
LG2	21619970	21622799	2829
LG2	21623310	21625487	2177
LG2	21626393	21626676	283
LG2	21627423	21628070	647
LG2	21628188	21628571	383
LG2	21629611	21630830	1219
LG2	21631063	21632893	1830
LG2	21632908	21632975	67
LG2	21633046	21633184	138
LG2	21634250	21636169	1919
LG2	21636589	21637691	1102
LG2	21638257	21638468	211
LG2	21640113	21644425	4312
LG2	21647875	21650594	2719
LG2	21650711	21651847	1136
LG2	21651950	21652017	67
LG2	21652074	21652660	586
LG2	21652667	21652800	133
LG2	21652979	21653293	314
LG2	21653355	21653672	317
LG2	21657674	21658282	608
LG2	21658508	21658624	116
LG2	21658716	21659467	751
LG2	21667065	21667385	320
LG2	21669422	21669595	173
LG2	21670762	21671393	631
LG2	21671559	21672762	1203
LG2	21673224	21674596	1372
LG2	21674630	21675648	1018
LG2	21676480	21678275	1795
LG2	21678322	21678384	62
LG2	21678801	21680716	1915
LG2	21680796	21681994	1198
LG2	21682038	21682530	492
LG2	21682648	21683134	486
LG2	21684167	21684748	581
LG2	21684830	21685201	371
LG2	21685281	21686007	726
LG2	21686008	21686128	120
LG2	21686556	21688894	2338
LG2	21688903	21689880	977
LG2	21691580	21692326	746
LG2	21692695	21693173	478
LG2	21693328	21693714	386
LG2	21693731	21693767	36
LG2	21694328	21696564	2236
LG2	21697442	21702207	4765
LG2	21702348	21702752	404
LG2	21703165	21703637	472
LG2	21705533	21705917	384
LG2	21706850	21706936	86
LG2	21706979	21707155	176
LG2	21707177	21707517	340
LG2	21709571	21709694	123
LG2	21711581	21711746	165
LG2	21714228	21715649	1421
LG2	21716000	21717094	1094
LG2	21717132	21717328	196
LG2	21717341	21718092	751
LG2	21718129	21720173	2044
LG2	21720976	21721419	443
LG2	21721473	21722634	1161
LG2	21722772	21722941	169
LG2	21723003	21725324	2321
LG2	21725330	21725406	76
LG2	21728602	21729443	841
LG2	21730201	21730926	725
LG2	21731182	21731504	322
LG2	21733200	21736944	3744
LG2	21736962	21737650	688
LG2	21737678	21737819	141
LG2	21737870	21738577	707
LG2	21740340	21740727	387
LG2	21740843	21741478	635
LG2	21744824	21749296	4472
LG2	21749343	21749778	435
LG2	21749879	21750045	166
LG2	21751658	21752839	1181
LG2	21753149	21753447	298
LG2	21753590	21755482	1892
LG2	21756778	21757229	451
LG2	21758148	21759953	1805
LG2	21766092	21766280	188
LG2	21768121	21769429	1308
LG2	21769507	21769597	90
LG2	21772492	21774219	1727
LG2	21774320	21776157	1837
LG2	21778894	21779656	762
LG2	21785501	21786887	1386
LG2	21787127	21789422	2295
LG2	21790753	21791986	1233
LG2	21793842	21795259	1417
LG2	21795287	21797073	1786
LG2	21797186	21797894	708
LG2	21798175	21798306	131
LG2	21798730	21800055	1325
LG2	21800175	21800454	279
LG2	21803958	21804289	331
LG2	21806350	21807040	690
LG2	21807215	21809878	2663
LG2	21811800	21812502	702
LG2	21812597	21814788	2191
LG2	21817154	21817778	624
LG2	21821540	21821733	193
LG2	21826424	21827411	987
LG2	21828811	21829026	215
LG2	21829278	21829610	332
LG2	21830346	21830453	107
LG2	21830760	21831138	378
LG2	21832567	21833294	727
LG2	21837800	21839786	1986
LG2	21843187	21843671	484
LG2	21843968	21844499	531
LG2	21845321	21846327	1006
LG2	21846493	21848063	1570
LG2	21849023	21849623	600
LG2	21849661	21849870	209
LG2	21850139	21852655	2516
LG2	21853544	21853744	200
LG2	21853758	21854308	550
LG2	21855487	21855945	458
LG2	21856893	21856991	98
LG2	21856992	21857240	248
LG2	21862388	21862902	514
LG2	21863874	21864838	964
LG2	21864981	21865595	614
LG2	21865807	21866216	409
LG2	21867072	21867879	807
LG2	21868157	21868388	231
LG2	21868712	21875183	6471
LG2	21875639	21876434	795
LG2	21876683	21882637	5954
LG2	21882648	21883568	920
LG2	21883704	21889642	5938
LG2	21890659	21896861	6202
LG2	21897331	21897388	57
LG2	21897395	21899440	2045
LG2	21899530	21899858	328
LG2	21899973	21900879	906
LG2	21900900	21902003	1103
LG2	21902119	21904192	2073
LG2	21904275	21907889	3614
LG2	21908012	21908935	923
LG2	21909016	21913412	4396
LG2	21913687	21916448	2761
LG2	21916628	21919080	2452
LG2	21920865	21921427	562
LG2	21921549	21923959	2410
LG2	21924090	21927605	3515
LG2	21929168	21931264	2096
LG2	21932412	21932478	66
LG2	21932514	21932679	165
LG2	21933111	21934087	976
LG2	21934481	21934532	51
LG2	21934779	21937935	3156
LG2	21937947	21938310	363
LG2	21940019	21941440	1421
LG2	21942551	21943564	1013
LG2	21944909	21944982	73
LG2	21945862	21949106	3244
LG2	21952086	21952152	66
LG2	21953019	21959031	6012
LG2	21959259	21959620	361
LG2	21959900	21960726	826
LG2	21962288	21963862	1574
LG2	21964045	21964774	729
LG2	21964775	21968272	3497
LG2	21968607	21969843	1236
LG2	21972401	21973579	1178
LG2	21973628	21975233	1605
LG2	21975813	21977645	1832
LG2	21977896	21979312	1416
LG2	21979502	21980428	926
LG2	21980847	21985042	4195
LG2	21986336	21990104	3768
LG2	21990122	21990231	109
LG2	21990889	21991061	172
LG2	21991181	21991670	489
LG2	21991794	21992220	426
LG2	21992366	21992972	606
LG2	22001988	22009661	7673
LG2	22010879	22012054	1175
LG2	22012156	22012444	288
LG2	22012495	22012899	404
LG2	22013207	22013688	481
LG2	22013821	22013958	137
LG2	22014279	22015363	1084
LG2	22015386	22015974	588
LG2	22019235	22021478	2243
LG2	22021482	22021761	279
LG2	22024629	22025798	1169
LG2	22026553	22028221	1668
LG2	22028347	22029470	1123
LG2	22029895	22030364	469
LG2	22032289	22032996	707
LG2	22033691	22035608	1917
LG2	22038159	22039674	1515
LG2	22040202	22040211	9
LG2	22040267	22041386	1119
LG2	22043870	22045143	1273
LG2	22045716	22045834	118
LG2	22045845	22045971	126
LG2	22046557	22046861	304
LG2	22047909	22048519	610
LG2	22050933	22051412	479
LG2	22051432	22052186	754
LG2	22054112	22054272	160
LG2	22058006	22058464	458
LG2	22062603	22064621	2018
LG2	22064746	22071679	6933
LG2	22072148	22075001	2853
LG2	22075600	22076449	849
LG2	22076477	22076972	495
LG2	22078430	22080149	1719
LG2	22084972	22086592	1620
LG2	22086743	22088896	2153
LG2	22090360	22091911	1551
LG2	22092037	22094086	2049
LG2	22094687	22097522	2835
LG2	22097567	22097892	325
LG2	22098348	22098558	210
LG2	22098628	22098706	78
LG2	22098853	22100033	1180
LG2	22100332	22101832	1500
LG2	22102439	22103017	578
LG2	22103186	22104033	847
LG2	22104173	22106167	1994
LG2	22106380	22108325	1945
LG2	22108498	22108834	336
LG2	22109019	22109116	97
LG2	22109141	22109928	787
LG2	22109929	22110889	960
LG2	22111052	22111553	501
LG2	22111724	22111960	236
LG2	22112044	22112859	815
LG2	22112927	22113035	108
LG2	22113087	22116790	3703
LG2	22118435	22118554	119
LG2	22119677	22120017	340
LG2	22121730	22122208	478
LG2	22123281	22123980	699
LG2	22126650	22132707	6057
LG2	22132708	22133360	652
LG2	22133375	22133485	110
LG2	22133489	22133628	139
LG2	22133659	22134471	812
LG2	22134475	22137346	2871
LG2	22137357	22138209	852
LG2	22138217	22138646	429
LG2	22138647	22139231	584
LG2	22139234	22140826	1592
LG2	22140837	22142913	2076
LG2	22142923	22143970	1047
LG2	22143974	22144117	143
LG2	22144300	22144801	501
LG2	22144802	22144989	187
LG2	22145008	22145559	551
LG2	22145652	22146079	427
LG2	22146181	22148874	2693
LG2	22149017	22149297	280
LG2	22149372	22149459	87
LG2	22149674	22149842	168
LG2	22150289	22151373	1084
LG2	22151484	22152579	1095
LG2	22152927	22153039	112
LG2	22153076	22159922	6846
LG2	22160032	22160481	449
LG2	22161167	22162645	1478
LG2	22162685	22163202	517
LG2	22163336	22163544	208
LG2	22169401	22172099	2698
LG2	22172211	22174275	2064
LG2	22174444	22176196	1752
LG2	22176891	22177139	248
LG2	22177512	22178283	771
LG2	22178669	22179225	556
LG2	22179277	22179493	216
LG2	22179839	22180018	179
LG2	22180188	22180493	305
LG2	22180600	22182050	1450
LG2	22183487	22183719	232
LG2	22184102	22184430	328
LG2	22185443	22185642	199
LG2	22185744	22186431	687
LG2	22186480	22186744	264
LG2	22186877	22187397	520
LG2	22188517	22189294	777
LG2	22189670	22190404	734
LG2	22191593	22192033	440
LG2	22194181	22194359	178
LG2	22194698	22194786	88
LG2	22195218	22195980	762
LG2	22198000	22198170	170
LG2	22200489	22200877	388
LG2	22200949	22201151	202
LG2	22201273	22203913	2640
LG2	22204946	22206015	1069
LG2	22206154	22206971	817
LG2	22207882	22208066	184
LG2	22208695	22209206	511
LG2	22209442	22209704	262
LG2	22209879	22210201	322
LG2	22210534	22210949	415
LG2	22211006	22211709	703
LG2	22213454	22214348	894
LG2	22214383	22214703	320
LG2	22215300	22215598	298
LG2	22215766	22215882	116
LG2	22217462	22217814	352
LG2	22217909	22218322	413
LG2	22218421	22218841	420
LG2	22218868	22218936	68
LG2	22220296	22220666	370
LG2	22220889	22221546	657
LG2	22225496	22225745	249
LG2	22226786	22227152	366
LG2	22227600	22227701	101
LG2	22228535	22229181	646
LG2	22231493	22231820	327
LG2	22231897	22232506	609
LG2	22234310	22234707	397
LG2	22234793	22235307	514
LG2	22236615	22237054	439
LG2	22238177	22239331	1154
LG2	22239471	22239661	190
LG2	22242793	22244305	1512
LG2	22244553	22245344	791
LG2	22246665	22247157	492
LG2	22247464	22247685	221
LG2	22247829	22248298	469
LG2	22248467	22249060	593
LG2	22250927	22252331	1404
LG2	22254176	22254502	326
LG2	22254503	22256051	1548
LG2	22257606	22257701	95
LG2	22257729	22257814	85
LG2	22258022	22258746	724
LG2	22260015	22260397	382
LG2	22263782	22264883	1101
LG2	22266581	22266804	223
LG2	22267083	22267619	536
LG2	22267738	22267789	51
LG2	22267992	22269064	1072
LG2	22270212	22270625	413
LG2	22270758	22271524	766
LG2	22272974	22273967	993
LG2	22274049	22274586	537
LG2	22276556	22278249	1693
LG2	22278415	22278582	167
LG2	22279279	22279634	355
LG2	22279741	22280127	386
LG2	22280415	22280954	539
LG2	22281076	22281681	605
LG2	22281812	22282347	535
LG2	22282611	22282702	91
LG2	22283267	22283324	57
LG2	22283912	22284089	177
LG2	22285350	22286152	802
LG2	22286439	22286838	399
LG2	22286878	22287128	250
LG2	22287690	22287777	87
LG2	22289251	22290296	1045
LG2	22292461	22292829	368
LG2	22292939	22294084	1145
LG2	22294625	22295192	567
LG2	22297903	22298275	372
LG2	22301206	22301597	391
LG2	22303241	22303663	422
LG2	22304420	22304523	103
LG2	22305253	22305534	281
LG2	22306240	22306650	410
LG2	22308087	22309097	1010
LG2	22309200	22309936	736
LG2	22310272	22310447	175
LG2	22310571	22312026	1455
LG2	22312931	22312982	51
LG2	22314856	22315385	529
LG2	22319967	22320282	315
LG2	22320341	22320574	233
LG2	22320903	22321016	113
LG2	22321052	22321241	189
LG2	22326404	22326918	514
LG2	22327865	22328336	471
LG2	22329020	22329286	266
LG2	22329353	22329967	614
LG2	22330217	22331783	1566
LG2	22331886	22332069	183
LG2	22332603	22332941	338
LG2	22333139	22333483	344
LG2	22334436	22335281	845
LG2	22335352	22335700	348
LG2	22337474	22337753	279
LG2	22338324	22338880	556
LG2	22339300	22341840	2540
LG2	22342101	22343386	1285
LG2	22344090	22346143	2053
LG2	22348166	22348679	513
LG2	22351134	22351743	609
LG2	22352037	22352818	781
LG2	22353878	22353999	121
LG2	22355400	22355991	591
LG2	22356095	22356359	264
LG2	22357442	22358063	621
LG2	22358886	22358990	104
LG2	22358991	22359565	574
LG2	22360456	22361703	1247
LG2	22364112	22364601	489
LG2	22366250	22366876	626
LG2	22367453	22367666	213
LG2	22367771	22367952	181
LG2	22368241	22368290	49
LG2	22368406	22368511	105
LG2	22370164	22370561	397
LG2	22370631	22370758	127
LG2	22371708	22372487	779
LG2	22374655	22374757	102
LG2	22374931	22375430	499
LG2	22376007	22376822	815
LG2	22377102	22377735	633
LG2	22378221	22378379	158
LG2	22378515	22379420	905
LG2	22379537	22379677	140
LG2	22379833	22381289	1456
LG2	22381389	22383638	2249
LG2	22384067	22384270	203
LG2	22385015	22386127	1112
LG2	22386207	22386991	784
LG2	22387019	22387259	240
LG2	22387478	22387995	517
LG2	22388048	22388825	777
LG2	22390139	22390685	546
LG2	22391390	22391858	468
LG2	22391956	22392524	568
LG2	22392631	22393067	436
LG2	22393161	22393329	168
LG2	22394868	22396606	1738
LG2	22397218	22399271	2053
LG2	22399548	22401114	1566
LG2	22402696	22403380	684
LG2	22403668	22403930	262
LG2	22403944	22404222	278
LG2	22404642	22405760	1118
LG2	22405806	22405970	164
LG2	22406025	22406376	351
LG2	22409002	22409497	495
LG2	22409847	22410525	678
LG2	22410876	22411074	198
LG2	22411736	22412214	478
LG2	22412785	22412837	52
LG2	22414309	22415255	946
LG2	22420127	22421423	1296
LG2	22421517	22422408	891
LG2	22422450	22422885	435
LG2	22423813	22424250	437
LG2	22424394	22424528	134
LG2	22426202	22426411	209
LG2	22427188	22427625	437
LG2	22429600	22429683	83
LG2	22430731	22431334	603
LG2	22432236	22432472	236
LG2	22432507	22432664	157
LG2	22432697	22432914	217
LG2	22433478	22433801	323
LG2	22433953	22434818	865
LG2	22434994	22435195	201
LG2	22435722	22436275	553
LG2	22436917	22439532	2615
LG2	22440571	22440849	278
LG2	22441545	22441819	274
LG2	22441960	22442132	172
LG2	22442210	22442342	132
LG2	22442470	22442762	292
LG2	22445204	22445406	202
LG2	22447644	22448576	932
LG2	22449053	22451314	2261
LG2	22454512	22454993	481
LG2	22455063	22455620	557
LG2	22455837	22456105	268
LG2	22456687	22456746	59
LG2	22458627	22459109	482
LG2	22459128	22460056	928
LG2	22461367	22461733	366
LG2	22461995	22462537	542
LG2	22465943	22466002	59
LG2	22467080	22467214	134
LG2	22467358	22467553	195
LG2	22467660	22467820	160
LG2	22467849	22468145	296
LG2	22470011	22470714	703
LG2	22471739	22471919	180
LG2	22473690	22473770	80
LG2	22473789	22474189	400
LG2	22474857	22475269	412
LG2	22475398	22476260	862
LG2	22477874	22478693	819
LG2	22481234	22482330	1096
LG2	22482738	22483215	477
LG2	22483362	22484323	961
LG2	22486148	22487454	1306
LG2	22489298	22489423	125
LG2	22489723	22490324	601
LG2	22490467	22491003	536
LG2	22491188	22491481	293
LG2	22491792	22492486	694
LG2	22492612	22493096	484
LG2	22493161	22494376	1215
LG2	22494900	22496418	1518
LG2	22497541	22499019	1478
LG2	22499352	22501239	1887
LG2	22501534	22501623	89
LG2	22503795	22506373	2578
LG2	22507778	22509439	1661
LG2	22512031	22513265	1234
LG2	22515794	22516861	1067
LG2	22517127	22517377	250
LG2	22517489	22518529	1040
LG2	22520076	22520096	20
LG2	22520777	22522524	1747
LG2	22523612	22524508	896
LG2	22528481	22528685	204
LG2	22530563	22531028	465
LG2	22532292	22532770	478
LG2	22539373	22539800	427
LG2	22544106	22545122	1016
LG2	22546193	22546504	311
LG2	22546540	22547118	578
LG2	22547906	22548101	195
LG2	22548643	22548912	269
LG2	22550264	22550393	129
LG2	22550887	22551371	484
LG2	22551467	22552553	1086
LG2	22552887	22552916	29
LG2	22552981	22553430	449
LG2	22554671	22554893	222
LG2	22555043	22555995	952
LG2	22556763	22557394	631
LG2	22557485	22557610	125
LG2	22557695	22557707	12
LG2	22557725	22558328	603
LG2	22558902	22559610	708
LG2	22559721	22559882	161
LG2	22559925	22560169	244
LG2	22560313	22560357	44
LG2	22560535	22560761	226
LG2	22561878	22562158	280
LG2	22562161	22562478	317
LG2	22563166	22563901	735
LG2	22563937	22564245	308
LG2	22564737	22564878	141
LG2	22564919	22565492	573
LG2	22566841	22567434	593
LG2	22568814	22568973	159
LG2	22569183	22569992	809
LG2	22570246	22571521	1275
LG2	22572633	22573299	666
LG2	22573334	22574245	911
LG2	22574747	22574993	246
LG2	22575016	22575364	348
LG2	22576867	22582458	5591
LG2	22582532	22582678	146
LG2	22584310	22586582	2272
LG2	22587509	22587714	205
LG2	22587777	22589653	1876
LG2	22589750	22591686	1936
LG2	22592362	22593613	1251
LG2	22595228	22595645	417
LG2	22595978	22597069	1091
LG2	22598850	22599735	885
LG2	22600361	22600600	239
LG2	22601830	22602242	412
LG2	22602338	22602523	185
LG2	22602567	22602723	156
LG2	22602968	22603156	188
LG2	22604441	22604573	132
LG2	22605463	22605997	534
LG2	22606169	22606350	181
LG2	22609573	22610496	923
LG2	22613117	22613788	671
LG2	22615323	22615400	77
LG2	22616626	22617000	374
LG2	22618006	22619637	1631
LG2	22621107	22622257	1150
LG2	22622778	22623956	1178
LG2	22624290	22624682	392
LG2	22625387	22625523	136
LG2	22630934	22631066	132
LG2	22631234	22631729	495
LG2	22631741	22631970	229
LG2	22632310	22632485	175
LG2	22636048	22636432	384
LG2	22636434	22636444	10
LG2	22637802	22638017	215
LG2	22638387	22638995	608
LG2	22639025	22639153	128
LG2	22640352	22640751	399
LG2	22642149	22642381	232
LG2	22642520	22642727	207
LG2	22643923	22644108	185
LG2	22644153	22645376	1223
LG2	22648502	22648825	323
LG2	22648872	22649104	232
LG2	22651883	22652053	170
LG2	22654699	22654851	152
LG2	22659666	22660324	658
LG2	22660400	22661449	1049
LG2	22664175	22664513	338
LG2	22664830	22665929	1099
LG2	22666481	22666716	235
LG2	22667378	22668430	1052
LG2	22669191	22671161	1970
LG2	22671950	22672431	481
LG2	22675629	22675946	317
LG2	22676223	22677175	952
LG2	22678315	22680123	1808
LG2	22680154	22681272	1118
LG2	22682209	22683761	1552
LG2	22683794	22685028	1234
LG2	22686176	22689304	3128
LG2	22689408	22689843	435
LG2	22689895	22690581	686
LG2	22690604	22691113	509
LG2	22691187	22691993	806
LG2	22692126	22692635	509
LG2	22692660	22692914	254
LG2	22693031	22694057	1026
LG2	22694106	22694246	140
LG2	22694588	22694745	157
LG2	22694865	22696199	1334
LG2	22696318	22696921	603
LG2	22696971	22697418	447
LG2	22698704	22698863	159
LG2	22698959	22699914	955
LG2	22702353	22704058	1705
LG2	22704217	22705110	893
LG2	22707029	22707128	99
LG2	22707183	22708086	903
LG2	22708651	22708808	157
LG2	22710084	22712906	2822
LG2	22712991	22715397	2406
LG2	22716730	22717423	693
LG2	22717964	22717981	17
LG2	22718424	22719546	1122
LG2	22719815	22720635	820
LG2	22721345	22722002	657
LG2	22725523	22725862	339
LG2	22727080	22729116	2036
LG2	22729153	22730244	1091
LG2	22730343	22731261	918
LG2	22733265	22733660	395
LG2	22733752	22734826	1074
LG2	22735041	22736008	967
LG2	22737011	22737381	370
LG2	22737489	22739442	1953
LG2	22740653	22740831	178
LG2	22743234	22744532	1298
LG2	22744626	22745394	768
LG2	22745429	22745540	111
LG2	22749211	22751065	1854
LG2	22751154	22754196	3042
LG2	22758487	22758851	364
LG2	22759184	22759812	628
LG2	22762596	22763029	433
LG2	22763431	22763628	197
LG2	22764261	22764466	205
LG2	22765928	22767016	1088
LG2	22767037	22767310	273
LG2	22768464	22769474	1010
LG2	22769614	22774322	4708
LG2	22774370	22774765	395
LG2	22775282	22775334	52
LG2	22778065	22778447	382
LG2	22780876	22784316	3440
LG2	22784642	22785827	1185
LG2	22785866	22788581	2715
LG2	22790425	22791445	1020
LG2	22792012	22792749	737
LG2	22792888	22794446	1558
LG2	22795151	22795235	84
LG2	22795884	22796605	721
LG2	22797362	22798289	927
LG2	22799440	22802689	3249
LG2	22803966	22804750	784
LG2	22804870	22806470	1600
LG2	22806554	22807043	489
LG2	22807872	22809064	1192
LG2	22810421	22811954	1533
LG2	22812626	22813379	753
LG2	22813490	22815134	1644
LG2	22815289	22815706	417
LG2	22815862	22817749	1887
LG2	22819994	22822571	2577
LG2	22823484	22823548	64
LG2	22824230	22824783	553
LG2	22825754	22826085	331
LG2	22827410	22829967	2557
LG2	22830339	22830732	393
LG2	22830914	22833456	2542
LG2	22833600	22834456	856
LG2	22834487	22834856	369
LG2	22835977	22837530	1553
LG2	22837686	22837842	156
LG2	22837945	22838380	435
LG2	22838448	22839102	654
LG2	22839806	22840853	1047
LG2	22840932	22841293	361
LG2	22841920	22845666	3746
LG2	22846502	22847419	917
LG2	22847792	22847920	128
LG2	22848424	22849224	800
LG2	22849873	22852032	2159
LG2	22852140	22852331	191
LG2	22853283	22853479	196
LG2	22853577	22853908	331
LG2	22853951	22856093	2142
LG2	22856219	22856894	675
LG2	22857668	22859529	1861
LG2	22860541	22863538	2997
LG2	22863893	22864104	211
LG2	22864184	22865772	1588
LG2	22865789	22866038	249
LG2	22866401	22866573	172
LG2	22866921	22867115	194
LG2	22869676	22870228	552
LG2	22870383	22871888	1505
LG2	22873475	22874585	1110
LG2	22875603	22875763	160
LG2	22877314	22880021	2707
LG2	22880031	22881118	1087
LG2	22883406	22885281	1875
LG2	22886169	22887893	1724
LG2	22887915	22888607	692
LG2	22890354	22890678	324
LG2	22890691	22895102	4411
LG2	22897929	22899609	1680
LG2	22899769	22899821	52
LG2	22900064	22900863	799
LG2	22900937	22901355	418
LG2	22902850	22903732	882
LG2	22904526	22904610	84
LG2	22904783	22905493	710
LG2	22906384	22910436	4052
LG2	22910550	22917637	7087
LG2	22917788	22922012	4224
LG2	22924110	22925401	1291
LG2	22925584	22926153	569
LG2	22926184	22926231	47
LG2	22926403	22926649	246
LG2	22928855	22930342	1487
LG2	22934617	22936904	2287
LG2	22936969	22937545	576
LG2	22937641	22938746	1105
LG2	22938857	22940660	1803
LG2	22941624	22942164	540
LG2	22942972	22943808	836
LG2	22946863	22947110	247
LG2	22948149	22949428	1279
LG2	22950166	22950440	274
LG2	22952040	22954014	1974
LG2	22954321	22955770	1449
LG2	22956161	22958076	1915
LG2	22958728	22960115	1387
LG2	22960226	22960727	501
LG2	22960884	22961111	227
LG2	22961113	22961485	372
LG2	22961487	22962464	977
LG2	22962516	22963530	1014
LG2	22964743	22966339	1596
LG2	22966348	22966397	49
LG2	22967317	22967791	474
LG2	22968692	22969398	706
LG2	22969402	22969510	108
LG2	22970272	22973368	3096
LG2	22973473	22974869	1396
LG2	22974978	22975845	867
LG2	22975893	22975938	45
LG2	22976340	22976356	16
LG2	22976363	22976613	250
LG2	22976749	22979011	2262
LG2	22979275	22979984	709
LG2	22980087	22981822	1735
LG2	22982459	22983214	755
LG2	22984014	22985142	1128
LG2	22986697	22987330	633
LG2	22987498	22987618	120
LG2	22987788	22988553	765
LG2	22988789	22989785	996
LG2	22990735	22993224	2489
LG2	22993309	22995559	2250
LG2	22995599	22997241	1642
LG2	22997293	22998786	1493
LG2	22998894	23003627	4733
LG2	23003728	23003843	115
LG2	23003872	23004149	277
LG2	23004274	23006382	2108
LG2	23006395	23006981	586
LG2	23008029	23008453	424
LG2	23008624	23008697	73
LG2	23009086	23010183	1097
LG2	23012001	23012706	705
LG2	23012764	23012957	193
LG2	23013013	23013517	504
LG2	23013542	23014265	723
LG2	23014364	23015151	787
LG2	23015263	23016018	755
LG2	23017578	23018164	586
LG2	23018176	23018275	99
LG2	23018372	23018420	48
LG2	23018534	23018618	84
LG2	23018902	23019085	183
LG2	23020126	23020595	469
LG2	23020721	23021740	1019
LG2	23021885	23022261	376
LG2	23022360	23022508	148
LG2	23022640	23024909	2269
LG2	23025331	23026727	1396
LG2	23027153	23027722	569
LG2	23027729	23028161	432
LG2	23029171	23033879	4708
LG2	23034105	23034662	557
LG2	23036079	23037010	931
LG2	23037108	23037277	169
LG2	23037403	23039708	2305
LG2	23041531	23042839	1308
LG2	23044117	23044540	423
LG2	23044595	23044769	174
LG2	23045626	23046118	492
LG2	23049453	23049872	419
LG2	23049904	23050092	188
LG2	23051707	23052372	665
LG2	23052382	23052838	456
LG2	23053057	23053703	646
LG2	23056466	23056763	297
LG2	23056825	23057049	224
LG2	23059166	23059329	163
LG2	23059501	23060220	719
LG2	23061159	23061528	369
LG2	23063156	23063674	518
LG2	23064090	23064887	797
LG2	23068661	23069338	677
LG2	23069770	23070646	876
LG2	23074548	23074792	244
LG2	23074944	23076405	1461
LG2	23077962	23078359	397
LG2	23080746	23081272	526
LG2	23082369	23082778	409
LG2	23084627	23084955	328
LG2	23085735	23085888	153
LG2	23086722	23087297	575
LG2	23087634	23087836	202
LG2	23089384	23089510	126
LG2	23089593	23089879	286
LG2	23090283	23091286	1003
LG2	23091389	23092353	964
LG2	23092681	23093218	537
LG2	23093273	23093734	461
LG2	23093843	23095474	1631
LG2	23095559	23095818	259
LG2	23095929	23097403	1474
LG2	23099915	23100295	380
LG2	23101757	23102674	917
LG2	23104118	23104332	214
LG2	23106132	23107331	1199
LG2	23110574	23110920	346
LG2	23113115	23113717	602
LG2	23113861	23114300	439
LG2	23114308	23114399	91
LG2	23114770	23114915	145
LG2	23117145	23118033	888
LG2	23118274	23118662	388
LG2	23118818	23119326	508
LG2	23119377	23120102	725
LG2	23121637	23123613	1976
LG2	23125114	23125615	501
LG2	23126769	23127011	242
LG2	23127027	23127452	425
LG2	23127555	23127763	208
LG2	23130678	23132628	1950
LG2	23133836	23134951	1115
LG2	23135090	23135202	112
LG2	23135370	23135402	32
LG2	23135415	23135958	543
LG2	23136041	23136852	811
LG2	23136893	23137163	270
LG2	23137789	23139765	1976
LG2	23140324	23140746	422
LG2	23141245	23141581	336
LG2	23141828	23141944	116
LG2	23142409	23143953	1544
LG2	23145299	23146333	1034
LG2	23146510	23146980	470
LG2	23148373	23149031	658
LG2	23149577	23150096	519
LG2	23151022	23152208	1186
LG2	23152327	23153394	1067
LG2	23153491	23154595	1104
LG2	23154609	23155674	1065
LG2	23155692	23155923	231
LG2	23156023	23157033	1010
LG2	23157070	23159377	2307
LG2	23159429	23159671	242
LG2	23159740	23160491	751
LG2	23160617	23160973	356
LG2	23164860	23166456	1596
LG2	23166573	23166592	19
LG2	23166619	23167248	629
LG2	23168763	23169248	485
LG2	23170602	23170880	278
LG2	23171453	23171864	411
LG2	23172018	23172129	111
LG2	23172655	23172772	117
LG2	23173465	23173757	292
LG2	23175032	23175250	218
LG2	23175979	23176078	99
LG2	23177013	23177214	201
LG2	23180054	23180470	416
LG2	23181018	23181074	56
LG2	23181254	23181358	104
LG2	23182720	23182943	223
LG2	23183449	23183790	341
LG2	23184684	23185298	614
LG2	23186827	23187234	407
LG2	23187487	23188515	1028
LG2	23189242	23189575	333
LG2	23189934	23190241	307
LG2	23191228	23191758	530
LG2	23193662	23193943	281
LG2	23194574	23195888	1314
LG2	23196600	23196693	93
LG2	23197444	23197803	359
LG2	23198056	23199932	1876
LG2	23200283	23200922	639
LG2	23202027	23203404	1377
LG2	23203472	23204241	769
LG2	23204306	23205265	959
LG2	23205290	23207203	1913
LG2	23207449	23208469	1020
LG2	23208523	23209693	1170
LG2	23209704	23209880	176
LG2	23209908	23210388	480
LG2	23211201	23213562	2361
LG2	23213966	23215367	1401
LG2	23215459	23219985	4526
LG2	23220531	23226972	6441
LG2	23228573	23228787	214
LG2	23229009	23231703	2694
LG2	23231803	23231895	92
LG2	23231964	23233986	2022
LG2	23235154	23237368	2214
LG2	23237380	23238069	689
LG2	23238344	23241863	3519
LG2	23241901	23243075	1174
LG2	23243359	23250506	7147
LG2	23250599	23251234	635
LG2	23251728	23252411	683
LG2	23253821	23255713	1892
LG2	23256142	23260810	4668
LG2	23261436	23262265	829
LG2	23264901	23265456	555
LG2	23266563	23268279	1716
LG2	23268988	23269130	142
LG2	23269900	23270129	229
LG2	23270489	23271967	1478
LG2	23271970	23272504	534
LG2	23272534	23272873	339
LG2	23273251	23274074	823
LG2	23274085	23276291	2206
LG2	23276358	23282645	6287
LG2	23283021	23283579	558
LG2	23283771	23284670	899
LG2	23284678	23285823	1145
LG2	23285989	23287173	1184
LG2	23288303	23289448	1145
LG2	23289529	23292927	3398
LG2	23293215	23293245	30
LG2	23293333	23296282	2949
LG2	23296288	23299578	3290
LG2	23299657	23300127	470
LG2	23300310	23300324	14
LG2	23300341	23303087	2746
LG2	23303773	23306865	3092
LG2	23307047	23310380	3333
LG2	23310577	23310774	197
LG2	23310775	23313568	2793
LG2	23313583	23313872	289
LG2	23313912	23317055	3143
LG2	23318032	23321456	3424
LG2	23321479	23322030	551
LG2	23323427	23323702	275
LG2	23324242	23327153	2911
LG2	23327209	23328053	844
LG2	23328588	23329718	1130
LG2	23329928	23335366	5438
LG2	23335492	23338027	2535
LG2	23338165	23341463	3298
LG2	23341579	23341691	112
LG2	23341723	23344534	2811
LG2	23344684	23347575	2891
LG2	23347583	23348140	557
LG2	23348147	23354145	5998
LG2	23354153	23354250	97
LG2	23354485	23354550	65
LG2	23354764	23354949	185
LG2	23354955	23354998	43
LG2	23355000	23360939	5939
LG2	23360940	23360976	36
LG2	23361002	23361351	349
LG2	23361358	23363779	2421
LG2	23365364	23365412	48
LG2	23365415	23370967	5552
LG2	23371107	23371354	247
LG2	23371421	23371538	117
LG2	23371607	23371735	128
LG2	23371779	23374474	2695
LG2	23374480	23374590	110
LG2	23374596	23374948	352
LG2	23375015	23375331	316
LG2	23375380	23375409	29
LG2	23375411	23378611	3200
LG2	23378641	23378851	210
LG2	23378889	23381392	2503
LG2	23381408	23381759	351
LG2	23381779	23381873	94
LG2	23382276	23382355	79
LG2	23382421	23385662	3241
LG2	23385685	23386049	364
LG2	23389743	23392496	2753
LG2	23392975	23396022	3047
LG2	23396277	23396409	132
LG2	23396410	23398794	2384
LG2	23398832	23399463	631
LG2	23399899	23402311	2412
LG2	23402502	23403195	693
LG2	23403221	23404784	1563
LG2	23404785	23405599	814
LG2	23405889	23406224	335
LG2	23406288	23412073	5785
LG2	23412114	23412379	265
LG2	23412519	23412828	309
LG2	23412863	23415593	2730
LG2	23417786	23418004	218
LG2	23418041	23420631	2590
LG2	23424147	23424506	359
LG2	23426291	23429352	3061
LG2	23429392	23429724	332
LG2	23429750	23432293	2543
LG2	23432298	23432354	56
LG2	23432357	23432547	190
LG2	23433676	23433807	131
LG2	23433834	23437013	3179
LG2	23437014	23440782	3768
LG2	23440783	23441071	288
LG2	23441164	23444269	3105
LG2	23444397	23447262	2865
LG2	23447265	23447768	503
LG2	23447803	23447875	72
LG2	23447918	23451030	3112
LG2	23451987	23454766	2779
LG2	23454983	23455748	765
LG2	23455808	23456097	289
LG2	23456608	23456690	82
LG2	23461711	23464607	2896
LG2	23466438	23469050	2612
LG2	23471948	23474736	2788
LG2	23476886	23479694	2808
LG2	23484649	23487225	2576
LG2	23489871	23492313	2442
LG2	23492322	23492508	186
LG2	23493907	23496644	2737
LG2	23496750	23497472	722
LG2	23497756	23497827	71
LG2	23497981	23498055	74
LG2	23498114	23498217	103
LG2	23498220	23500862	2642
LG2	23502824	23505548	2724
LG2	23505618	23506691	1073
LG2	23506872	23509836	2964
LG2	23511807	23514157	2350
LG2	23514349	23514422	73
LG2	23516036	23518656	2620
LG2	23521869	23524234	2365
LG2	23525600	23527988	2388
LG2	23529260	23531570	2310
LG2	23533552	23535395	1843
LG2	23535410	23535912	502
LG2	23535936	23536189	253
LG2	23537334	23539752	2418
LG2	23539754	23539880	126
LG2	23541191	23541289	98
LG2	23541337	23544046	2709
LG2	23545505	23545551	46
LG2	23545552	23548183	2631
LG2	23548224	23548431	207
LG2	23551452	23554130	2678
LG2	23556417	23556524	107
LG2	23556535	23559258	2723
LG2	23561052	23563738	2686
LG2	23573155	23573354	199
LG2	23573826	23575428	1602
LG2	23575624	23578786	3162
LG2	23579187	23579303	116
LG2	23579462	23579858	396
LG2	23581027	23581556	529
LG2	23581884	23582855	971
LG2	23582857	23583712	855
LG2	23584159	23585380	1221
LG2	23585427	23586058	631
LG2	23586232	23586270	38
LG2	23586544	23587028	484
LG2	23587554	23588269	715
LG2	23588779	23589398	619
LG2	23590112	23590385	273
LG2	23591345	23591812	467
LG2	23591988	23594665	2677
LG2	23594739	23598253	3514
LG2	23599371	23600399	1028
LG2	23600435	23601227	792
LG2	23601259	23601772	513
LG2	23601821	23603193	1372
LG2	23603219	23604202	983
LG2	23606014	23606052	38
LG2	23607163	23609820	2657
LG2	23610032	23612688	2656
LG2	23612730	23618866	6136
LG2	23618867	23618998	131
LG2	23621100	23623751	2651
LG2	23623752	23624111	359
LG2	23624116	23624128	12
LG2	23624170	23624324	154
LG2	23624331	23624497	166
LG2	23624514	23627207	2693
LG2	23627215	23627397	182
LG2	23627421	23627476	55
LG2	23627641	23634413	6772
LG2	23634414	23636733	2319
LG2	23636766	23637067	301
LG2	23637118	23637372	254
LG2	23637390	23637459	69
LG2	23637498	23640134	2636
LG2	23641264	23644486	3222
LG2	23644502	23644549	47
LG2	23644569	23647986	3417
LG2	23647997	23648050	53
LG2	23648053	23648087	34
LG2	23648110	23648154	44
LG2	23648155	23650995	2840
LG2	23651035	23651219	184
LG2	23651254	23651421	167
LG2	23651434	23654488	3054
LG2	23654489	23654581	92
LG2	23654586	23654675	89
LG2	23654684	23655291	607
LG2	23655292	23658156	2864
LG2	23658220	23661149	2929
LG2	23661839	23667650	5811
LG2	23667660	23667815	155
LG2	23667836	23667907	71
LG2	23667913	23668206	293
LG2	23668276	23671526	3250
LG2	23671550	23671716	166
LG2	23671723	23671916	193
LG2	23671963	23674765	2802
LG2	23674895	23675163	268
LG2	23675188	23678913	3725
LG2	23680360	23682168	1808
LG2	23682327	23683755	1428
LG2	23683758	23683913	155
LG2	23683924	23684514	590
LG2	23685423	23686225	802
LG2	23687288	23688301	1013
LG2	23688603	23690020	1417
LG2	23690196	23690561	365
LG2	23691335	23692419	1084
LG2	23692468	23694027	1559
LG2	23694346	23697046	2700
LG2	23698781	23701577	2796
LG2	23702240	23702396	156
LG2	23702423	23705059	2636
LG2	23705193	23705393	200
LG2	23705422	23708073	2651
LG2	23708083	23708127	44
LG2	23709098	23711791	2693
LG2	23711793	23712036	243
LG2	23712078	23712140	62
LG2	23712186	23712267	81
LG2	23712306	23715254	2948
LG2	23715278	23718286	3008
LG2	23718292	23718352	60
LG2	23718431	23718812	381
LG2	23718925	23721804	2879
LG2	23721820	23721865	45
LG2	23721882	23722100	218
LG2	23722215	23722314	99
LG2	23722327	23727885	5558
LG2	23727898	23728139	241
LG2	23728194	23728779	585
LG2	23728794	23731257	2463
LG2	23731780	23733146	1366
LG2	23738258	23739684	1426
LG2	23739721	23742295	2574
LG2	23742303	23742525	222
LG2	23742704	23742764	60
LG2	23742774	23745395	2621
LG2	23745401	23745506	105
LG2	23745694	23745800	106
LG2	23745801	23748824	3023
LG2	23748906	23749223	317
LG2	23749229	23751809	2580
LG2	23751903	23752144	241
LG2	23752147	23752286	139
LG2	23752326	23758231	5905
LG2	23758290	23758545	255
LG2	23758561	23758704	143
LG2	23758774	23758805	31
LG2	23758809	23764589	5780
LG2	23764651	23764760	109
LG2	23764853	23764929	76
LG2	23765065	23767840	2775
LG2	23768143	23768332	189
LG2	23768473	23770936	2463
LG2	23772151	23774850	2699
LG2	23774853	23775344	491
LG2	23775383	23775570	187
LG2	23775571	23778220	2649
LG2	23778628	23781277	2649
LG2	23782338	23782418	80
LG2	23783537	23786309	2772
LG2	23786666	23787499	833
LG2	23787593	23788493	900
LG2	23789426	23789996	570
LG2	23790311	23791659	1348
LG2	23792775	23793357	582
LG2	23793936	23796656	2720
LG2	23798278	23801359	3081
LG2	23801408	23801667	259
LG2	23801708	23804124	2416
LG2	23804600	23804657	57
LG2	23804692	23807081	2389
LG2	23807206	23807781	575
LG2	23807844	23810577	2733
LG2	23810587	23810818	231
LG2	23810839	23813574	2735
LG2	23814318	23820094	5776
LG2	23821052	23821087	35
LG2	23821088	23823760	2672
LG2	23823798	23826679	2881
LG2	23841301	23843540	2239
LG2	23843586	23845697	2111
LG2	23845723	23851715	5992
LG2	23852275	23852646	371
LG2	23853196	23853305	109
LG2	23853408	23859308	5900
LG2	23862721	23862937	216
LG2	23866408	23866814	406
LG2	23868351	23872959	4608
LG2	23873367	23874144	777
LG2	23874538	23875493	955
LG2	23875495	23878172	2677
LG2	23880210	23880428	218
LG2	23880484	23883471	2987
LG2	23883542	23885939	2397
LG2	23886419	23897273	10854
LG2	23898692	23899899	1207
LG2	23900517	23902297	1780
LG2	23902562	23902850	288
LG2	23903975	23904126	151
LG2	23904275	23905164	889
LG2	23905932	23906592	660
LG2	23906864	23908092	1228
LG2	23908400	23908744	344
LG2	23908798	23909008	210
LG2	23909199	23912397	3198
LG2	23912865	23913068	203
LG2	23913100	23916376	3276
LG2	23917850	23919061	1211
LG2	23919157	23920041	884
LG2	23920194	23922603	2409
LG2	23923521	23923709	188
LG2	23927130	23927311	181
LG2	23928217	23928975	758
LG2	23931547	23933479	1932
LG2	23939660	23939746	86
LG2	23940098	23940239	141
LG2	23940611	23940707	96
LG2	23946342	23946833	491
LG2	23948591	23948866	275
LG2	23949695	23949782	87
LG2	23951739	23951851	112
LG2	23952202	23952880	678
LG2	23954207	23954690	483
LG2	23956813	23957051	238
LG2	23957800	23958802	1002
LG2	23961210	23961426	216
LG2	23961509	23961854	345
LG2	23964430	23964818	388
LG2	23965021	23965155	134
LG2	23966760	23968275	1515
LG2	23968561	23969228	667
LG2	23970891	23971742	851
LG2	23972842	23972964	122
LG2	23975998	23976107	109
LG2	23976272	23976616	344
LG2	23977600	23978033	433
LG2	23978069	23978732	663
LG2	23979104	23979186	82
LG2	23981903	23982137	234
LG2	23985099	23985224	125
LG2	23993020	23993277	257
LG2	23993308	23993879	571
LG2	23996454	23996863	409
LG2	24007483	24007718	235
LG2	24008233	24008570	337
LG2	24009287	24010472	1185
LG2	24010887	24011544	657
LG2	24013595	24013986	391
LG2	24015492	24015971	479
LG2	24015986	24016086	100
LG2	24020041	24020332	291
LG2	24021086	24022650	1564
LG2	24024495	24024660	165
LG2	24024751	24024850	99
LG2	24025846	24026189	343
LG2	24027124	24027771	647
LG2	24027773	24028002	229
LG2	24028029	24028151	122
LG2	24028346	24028519	173
LG2	24029220	24029521	301
LG2	24032275	24032397	122
LG2	24035016	24035377	361
LG2	24035692	24035969	277
LG2	24038917	24039569	652
LG2	24040809	24040952	143
LG2	24046858	24047260	402
LG2	24048340	24048684	344
LG2	24049213	24049343	130
LG2	24051419	24051694	275
LG2	24051712	24051986	274
LG2	24053134	24053624	490
LG2	24056503	24057049	546
LG2	24058220	24058903	683
LG2	24058975	24059404	429
LG2	24061539	24061959	420
LG2	24062721	24063150	429
LG2	24063614	24064083	469
LG2	24067625	24068300	675
LG2	24071316	24071615	299
LG2	24073860	24074139	279
LG2	24074160	24074280	120
LG2	24074590	24075000	410
LG2	24075026	24075627	601
LG2	24076111	24076253	142
LG2	24076412	24076658	246
LG2	24077369	24077718	349
LG2	24078678	24080601	1923
LG2	24084479	24085070	591
LG2	24086256	24086835	579
LG2	24087028	24087153	125
LG2	24092559	24092747	188
LG2	24093072	24093656	584
LG2	24098621	24100133	1512
LG2	24102834	24103232	398
LG2	24105036	24105405	369
LG2	24107708	24107873	165
LG2	24109188	24111572	2384
LG2	24112056	24112557	501
LG2	24113152	24113396	244
LG2	24114485	24115774	1289
LG2	24115836	24116336	500
LG2	24118103	24119720	1617
LG2	24120290	24120959	669
LG2	24121078	24121141	63
LG2	24124688	24126636	1948
LG2	24126900	24129379	2479
LG2	24130085	24130303	218
LG2	24130374	24130619	245
LG2	24131758	24132608	850
LG2	24134252	24134376	124
LG2	24134539	24135013	474
LG2	24139297	24139533	236
LG2	24140801	24141193	392
LG2	24141376	24141519	143
LG2	24142473	24143068	595
LG2	24145175	24145692	517
LG2	24145946	24146165	219
LG2	24149481	24150475	994
LG2	24151438	24151977	539
LG2	24152415	24153133	718
LG2	24153143	24153347	204
LG2	24154550	24155365	815
LG2	24157907	24158109	202
LG2	24158429	24159403	974
LG2	24159528	24160112	584
LG2	24160764	24160872	108
LG2	24161182	24161516	334
LG2	24161555	24161692	137
LG2	24163654	24164096	442
LG2	24164340	24164503	163
LG2	24164536	24167148	2612
LG2	24168794	24169452	658
LG2	24169572	24169923	351
LG2	24171251	24171336	85
LG2	24171347	24172030	683
LG2	24173732	24174436	704
LG2	24176170	24176610	440
LG2	24177191	24177683	492
LG2	24177741	24179015	1274
LG2	24180200	24180827	627
LG2	24181337	24181800	463
LG2	24182017	24182375	358
LG2	24184268	24184678	410
LG2	24184850	24184960	110
LG2	24185045	24185506	461
LG2	24185951	24187849	1898
LG2	24187853	24188738	885
LG2	24188881	24189051	170
LG2	24189388	24189566	178
LG2	24189653	24190096	443
LG2	24190631	24190854	223
LG2	24191313	24191703	390
LG2	24192345	24193423	1078
LG2	24193424	24193487	63
LG2	24193601	24194160	559
LG2	24195274	24195616	342
LG2	24195879	24196711	832
LG2	24196946	24198066	1120
LG2	24198085	24198750	665
LG2	24199836	24200468	632
LG2	24200593	24200913	320
LG2	24202612	24203221	609
LG2	24203283	24203807	524
LG2	24204943	24206243	1300
LG2	24206675	24208058	1383
LG2	24208140	24208360	220
LG2	24212993	24213445	452
LG2	24213690	24214287	597
LG2	24214412	24214450	38
LG2	24214999	24216978	1979
LG2	24218512	24219625	1113
LG2	24219927	24222041	2114
LG2	24222145	24222760	615
LG2	24223001	24223911	910
LG2	24224545	24226794	2249
LG2	24227481	24227762	281
LG2	24228570	24230573	2003
LG2	24230637	24231310	673
LG2	24231529	24232351	822
LG2	24232494	24232573	79
LG2	24232578	24234409	1831
LG2	24234534	24235371	837
LG2	24235433	24236104	671
LG2	24236130	24236935	805
LG2	24237038	24239819	2781
LG2	24240709	24241271	562
LG2	24243123	24243259	136
LG2	24243803	24244383	580
LG2	24244573	24245009	436
LG2	24245387	24246652	1265
LG2	24246768	24247051	283
LG2	24247457	24247635	178
LG2	24247773	24247837	64
LG2	24247843	24250090	2247
LG2	24250109	24250205	96
LG2	24250322	24251923	1601
LG2	24252162	24252269	107
LG2	24252392	24253844	1452
LG2	24253925	24254591	666
LG2	24254930	24255308	378
LG2	24255380	24255722	342
LG2	24255944	24256090	146
LG2	24257121	24257530	409
LG2	24257801	24259550	1749
LG2	24259930	24260038	108
LG2	24260258	24262201	1943
LG2	24262237	24264159	1922
LG2	24265364	24265433	69
LG2	24265660	24266270	610
LG2	24266710	24266956	246
LG2	24266989	24267265	276
LG2	24268501	24268566	65
LG2	24268567	24269990	1423
LG2	24270652	24271106	454
LG2	24271995	24272325	330
LG2	24272586	24274488	1902
LG2	24275038	24275882	844
LG2	24275910	24276303	393
LG2	24277201	24277796	595
LG2	24278846	24280161	1315
LG2	24282287	24283233	946
LG2	24283346	24283974	628
LG2	24283995	24285878	1883
LG2	24286230	24287918	1688
LG2	24288189	24288260	71
LG2	24288378	24288834	456
LG2	24290622	24295751	5129
LG2	24296235	24302298	6063
LG2	24302613	24303340	727
LG2	24303791	24304269	478
LG2	24305552	24305808	256
LG2	24307885	24308569	684
LG2	24308798	24310777	1979
LG2	24311065	24311818	753
LG2	24311994	24312256	262
LG2	24312406	24312622	216
LG2	24313405	24313844	439
LG2	24314285	24315365	1080
LG2	24315947	24316753	806
LG2	24316789	24317241	452
LG2	24317598	24318557	959
LG2	24318721	24318851	130
LG2	24320963	24321106	143
LG2	24321324	24322931	1607
LG2	24324010	24324064	54
LG2	24325456	24326020	564
LG2	24326094	24329159	3065
LG2	24329204	24331957	2753
LG2	24332074	24332239	165
LG2	24335746	24338211	2465
LG2	24344148	24344249	101
LG2	24344251	24344353	102
LG2	24346328	24347143	815
LG2	24347156	24347954	798
LG2	24347957	24348736	779
LG2	24348752	24351139	2387
LG2	24351245	24351448	203
LG2	24351701	24352368	667
LG2	24352609	24353252	643
LG2	24353272	24353743	471
LG2	24354649	24356408	1759
LG2	24356644	24357339	695
LG2	24357686	24358027	341
LG2	24358061	24358127	66
LG2	24358166	24359802	1636
LG2	24359866	24360103	237
LG2	24360272	24360963	691
LG2	24361122	24361549	427
LG2	24362756	24369461	6705
LG2	24369542	24370097	555
LG2	24370597	24370844	247
LG2	24371374	24372162	788
LG2	24373512	24374350	838
LG2	24375247	24376917	1670
LG2	24378204	24380564	2360
LG2	24380575	24380656	81
LG2	24380714	24382908	2194
LG2	24382941	24382997	56
LG2	24383014	24383217	203
LG2	24383273	24383347	74
LG2	24383914	24383975	61
LG2	24384657	24385919	1262
LG2	24386056	24386502	446
LG2	24386563	24387609	1046
LG2	24388198	24388524	326
LG2	24389699	24390010	311
LG2	24390201	24394054	3853
LG2	24394938	24395680	742
LG2	24395893	24396166	273
LG2	24396185	24396253	68
LG2	24396278	24396646	368
LG2	24396755	24396999	244
LG2	24398215	24398719	504
LG2	24399489	24400693	1204
LG2	24400947	24401451	504
LG2	24402951	24403057	106
LG2	24403098	24403837	739
LG2	24404068	24404775	707
LG2	24405006	24405255	249
LG2	24405291	24406004	713
LG2	24408189	24409215	1026
LG2	24410220	24412338	2118
LG2	24414576	24415136	560
LG2	24415787	24415800	13
LG2	24415945	24417004	1059
LG2	24417228	24418972	1744
LG2	24419084	24419813	729
LG2	24420659	24420841	182
LG2	24420903	24421403	500
LG2	24421518	24422409	891
LG2	24422438	24422782	344
LG2	24422909	24423342	433
LG2	24424033	24424274	241
LG2	24425366	24425503	137
LG2	24425739	24428175	2436
LG2	24428194	24429312	1118
LG2	24430075	24430233	158
LG2	24430632	24431230	598
LG2	24432404	24433499	1095
LG2	24433548	24433691	143
LG2	24434704	24435446	742
LG2	24435456	24435819	363
LG2	24436654	24437244	590
LG2	24437740	24438029	289
LG2	24438079	24438451	372
LG2	24440033	24440099	66
LG2	24442372	24442903	531
LG2	24442948	24444084	1136
LG2	24444234	24444799	565
LG2	24451441	24451637	196
LG2	24451884	24452101	217
LG2	24457101	24457436	335
LG2	24457668	24457803	135
LG2	24457939	24458277	338
LG2	24458858	24459132	274
LG2	24460062	24460134	72
LG2	24460921	24461268	347
LG2	24461896	24463264	1368
LG2	24463319	24466261	2942
LG2	24467114	24467212	98
LG2	24468197	24468314	117
LG2	24469210	24469386	176
LG2	24470168	24471472	1304
LG2	24471713	24472382	669
LG2	24472462	24473219	757
LG2	24473378	24473530	152
LG2	24473618	24473944	326
LG2	24474089	24475918	1829
LG2	24478852	24479389	537
LG2	24479534	24482170	2636
LG2	24483764	24484101	337
LG2	24484111	24484294	183
LG2	24484413	24484573	160
LG2	24485125	24485196	71
LG2	24486867	24486965	98
LG2	24488353	24489036	683
LG2	24489237	24489967	730
LG2	24494837	24496139	1302
LG2	24496641	24496843	202
LG2	24496849	24497304	455
LG2	24497430	24498098	668
LG2	24498615	24498844	229
LG2	24500124	24500229	105
LG2	24501063	24503120	2057
LG2	24503963	24504394	431
LG2	24504675	24504862	187
LG2	24505903	24506221	318
LG2	24509609	24511102	1493
LG2	24511447	24513507	2060
LG2	24513650	24515088	1438
LG2	24515501	24517218	1717
LG2	24517250	24517487	237
LG2	24518862	24519699	837
LG2	24520760	24520904	144
LG2	24529826	24530181	355
LG2	24530390	24531595	1205
LG2	24533477	24533834	357
LG2	24534372	24535533	1161
LG2	24535781	24536020	239
LG2	24542897	24542968	71
LG2	24545739	24547638	1899
LG2	24554099	24554606	507
LG2	24554649	24554804	155
LG2	24554851	24555017	166
LG2	24555448	24555503	55
LG2	24556516	24556581	65
LG2	24557244	24557358	114
LG2	24559352	24559702	350
LG2	24559904	24560219	315
LG2	24563556	24563985	429
LG2	24568497	24568609	112
LG2	24569439	24569799	360
LG2	24577474	24577693	219
LG2	24577737	24577840	103
LG2	24579655	24579986	331
LG2	24580044	24580128	84
LG2	24581696	24581803	107
LG2	24583180	24583333	153
LG2	24583590	24583831	241
LG2	24590791	24591322	531
LG2	24594896	24595101	205
LG2	24597574	24598322	748
LG2	24601901	24602344	443
LG2	24602684	24602800	116
LG2	24602823	24603012	189
LG2	24604933	24605336	403
LG2	24605339	24606332	993
LG2	24606514	24606745	231
LG2	24620915	24621139	224
LG2	24623780	24624171	391
LG2	24624680	24625164	484
LG2	24625395	24625754	359
LG2	24625759	24626077	318
LG2	24626114	24626503	389
LG2	24627062	24627243	181
LG2	24628549	24628782	233
LG2	24642871	24643299	428
LG2	24643303	24643376	73
LG2	24643536	24643624	88
LG2	24643683	24644077	394
LG2	24644343	24644568	225
LG2	24651724	24651910	186
LG2	24652936	24653262	326
LG2	24653286	24653386	100
LG2	24653773	24654652	879
LG2	24664614	24664764	150
LG2	24666166	24666463	297
LG2	24672509	24672949	440
LG2	24672964	24673456	492
LG2	24676280	24676646	366
LG2	24678545	24679368	823
LG2	24679541	24679784	243
LG2	24684135	24684394	259
LG2	24706700	24706904	204
LG2	24710122	24710490	368
LG2	24710983	24711498	515
LG2	24714970	24716629	1659
LG2	24727276	24728687	1411
LG2	24730189	24730772	583
LG2	24730777	24731176	399
LG2	24732770	24733303	533
LG2	24739497	24739860	363
LG2	24740354	24740816	462
LG2	24740831	24741111	280
LG2	24741321	24741552	231
LG2	24764429	24764680	251
LG2	24764867	24765206	339
LG2	24766235	24766795	560
LG2	24767101	24767836	735
LG2	24768156	24768305	149
LG2	24774759	24775107	348
LG2	24775956	24776197	241
LG2	24784414	24785136	722
LG2	24785455	24786015	560
LG2	24786321	24787076	755
LG2	24787756	24788204	448
LG2	24789041	24789406	365
LG2	24789906	24790775	869
LG2	24804085	24804308	223
LG2	24826682	24826871	189
LG2	24826960	24827349	389
LG2	24827415	24827437	22
LG2	24827763	24828644	881
LG2	24830386	24830526	140
LG2	24831760	24831975	215
LG2	24840092	24840460	368
LG2	24841760	24841978	218
LG2	24842271	24842425	154
LG2	24842539	24842615	76
LG2	24842840	24843037	197
LG2	24850989	24851134	145
LG2	24852042	24853389	1347
LG2	24861875	24862569	694
LG2	24862978	24864283	1305
LG2	24868012	24868149	137
LG2	24869584	24869682	98
LG2	24870191	24870414	223
LG2	24871895	24872731	836
LG2	24875332	24876177	845
LG2	24879267	24879656	389
LG2	24880918	24881474	556
LG2	24882654	24883096	442
LG2	24883480	24883787	307
LG2	24885435	24885831	396
LG2	24885834	24886075	241
LG2	24886107	24886306	199
LG2	24891884	24892327	443
LG2	24893078	24893485	407
LG2	24893698	24894244	546
LG2	24894421	24894761	340
LG2	24899097	24899863	766
LG2	24900351	24900790	439
LG2	24903247	24903355	108
LG2	24903714	24904124	410
LG2	24904305	24904615	310
LG2	24905004	24905458	454
LG2	24905490	24906003	513
LG2	24906443	24906534	91
LG2	24909891	24910520	629
LG2	24910835	24911221	386
LG2	24911530	24912263	733
LG2	24912794	24913051	257
LG2	24915921	24916056	135
LG2	24916401	24916623	222
LG2	24919207	24919269	62
LG2	24919306	24919462	156
LG2	24920093	24920901	808
LG2	24923914	24926924	3010
LG2	24926927	24929442	2515
LG2	24930356	24931237	881
LG2	24931395	24931433	38
LG2	24933293	24933743	450
LG2	24934379	24934520	141
LG2	24945348	24945946	598
LG2	24951354	24951628	274
LG2	24960409	24960483	74
LG2	24965382	24965435	53
LG2	24966094	24966463	369
LG2	24966978	24967492	514
LG2	24967553	24967753	200
LG2	24971598	24971787	189
LG2	24971873	24972082	209
LG2	24972780	24973063	283
LG2	24974810	24975369	559
LG2	24975575	24976005	430
LG2	24976084	24976204	120
LG2	24980424	24980782	358
LG2	24982561	24982636	75
LG2	24982637	24982641	4
LG2	24982677	24982849	172
LG2	24983643	24985171	1528
LG2	24985538	24985769	231
LG2	24986654	24986731	77
LG2	24992479	24992577	98
LG2	25001927	25002033	106
LG2	25004473	25004818	345
LG2	25005336	25005850	514
LG2	25005911	25006297	386
LG2	25022345	25022708	363
LG2	25025170	25026490	1320
LG2	25026821	25027052	231
LG2	25058835	25058906	71
LG2	25059955	25061539	1584
LG2	25064942	25065052	110
LG2	25067333	25067411	78
LG2	25074503	25075367	864
LG2	25075370	25075444	74
LG2	25075560	25075626	66
LG2	25075871	25076132	261
LG2	25081624	25082027	403
LG2	25082051	25082348	297
LG2	25082370	25082801	431
LG2	25088959	25088966	7
LG2	25088976	25090326	1350
LG2	25090676	25090793	117
LG2	25092592	25092767	175
LG2	25094821	25095690	869
LG2	25095839	25096277	438
LG2	25096280	25096536	256
LG2	25096539	25096556	17
LG2	25097485	25097683	198
LG2	25097695	25098650	955
LG2	25099210	25100066	856
LG2	25100601	25100672	71
LG2	25112361	25112772	411
LG2	25130783	25130962	179
LG2	25132720	25133079	359
LG2	25133361	25134916	1555
LG2	25135359	25135753	394
LG2	25135936	25136296	360
LG2	25136747	25136866	119
LG2	25137759	25138093	334
LG2	25146075	25146199	124
LG2	25149364	25149714	350
LG2	25154050	25154229	179
LG2	25154235	25154266	31
LG2	25155998	25156388	390
LG2	25156825	25156983	158
LG2	25156995	25158341	1346
LG2	25158658	25158876	218
LG2	25160727	25160975	248
LG2	25161386	25161546	160
LG2	25162438	25162754	316
LG2	25165379	25166690	1311
LG2	25169878	25169971	93
LG2	25169990	25170059	69
LG2	25171901	25172269	368
LG2	25174028	25175303	1275
LG2	25183565	25183666	101
LG2	25183717	25184329	612
LG2	25188250	25189022	772
LG2	25189053	25189090	37
LG2	25189095	25190479	1384
LG2	25190783	25191014	231
LG2	25197261	25199548	2287
LG2	25200636	25200713	77
LG2	25202007	25202133	126
LG2	25204448	25204842	394
LG2	25205017	25205259	242
LG2	25206961	25207978	1017
LG2	25208140	25208984	844
LG2	25210677	25211399	722
LG2	25212573	25212799	226
LG2	25212803	25212993	190
LG2	25213067	25214853	1786
LG2	25214898	25216893	1995
LG2	25217359	25217472	113
LG2	25217910	25219039	1129
LG2	25221227	25223196	1969
LG2	25223317	25227160	3843
LG2	25227176	25228560	1384
LG2	25229727	25230973	1246
LG2	25231130	25232012	882
LG2	25232326	25232904	578
LG2	25233197	25234013	816
LG2	25234039	25234206	167
LG2	25235345	25235563	218
LG2	25235786	25236461	675
LG2	25236615	25236756	141
LG2	25236761	25237846	1085
LG2	25238044	25238427	383
LG2	25238686	25238783	97
LG2	25239279	25239804	525
LG2	25240260	25240441	181
LG2	25240523	25240831	308
LG2	25241185	25242163	978
LG2	25242236	25243121	885
LG2	25243172	25246251	3079
LG2	25246321	25248361	2040
LG2	25248440	25249027	587
LG2	25250073	25250629	556
LG2	25251140	25253369	2229
LG2	25253428	25253838	410
LG2	25256848	25256909	61
LG2	25257267	25257454	187
LG2	25257490	25258436	946
LG2	25258508	25259226	718
LG2	25259296	25259455	159
LG2	25260800	25260865	65
LG2	25260992	25261302	310
LG2	25261381	25261840	459
LG2	25262561	25262655	94
LG2	25263255	25263397	142
LG2	25264065	25265380	1315
LG2	25265431	25265850	419
LG2	25266366	25266397	31
LG2	25266429	25267932	1503
LG2	25268815	25269090	275
LG2	25269111	25269338	227
LG2	25269882	25270636	754
LG2	25270930	25271531	601
LG2	25272687	25275182	2495
LG2	25276514	25277449	935
LG2	25277681	25278170	489
LG2	25278186	25278478	292
LG2	25278500	25278696	196
LG2	25281212	25282975	1763
LG2	25285426	25285627	201
LG2	25285709	25287423	1714
LG2	25287518	25287827	309
LG2	25287935	25288357	422
LG2	25288985	25289088	103
LG2	25289916	25290246	330
LG2	25292817	25295022	2205
LG2	25295415	25295674	259
LG2	25296225	25296363	138
LG2	25296698	25297022	324
LG2	25297035	25298615	1580
LG2	25298829	25299249	420
LG2	25300864	25302694	1830
LG2	25303009	25305718	2709
LG2	25307275	25310303	3028
LG2	25312426	25319168	6742
LG2	25319216	25319904	688
LG2	25320028	25320533	505
LG2	25320705	25322788	2083
LG2	25322848	25324830	1982
LG2	25325714	25326508	794
LG2	25328931	25332758	3827
LG2	25333152	25333277	125
LG2	25334107	25337815	3708
LG2	25337952	25339016	1064
LG2	25339117	25339147	30
LG2	25339270	25340284	1014
LG2	25340598	25340730	132
LG2	25341232	25341518	286
LG2	25341629	25341849	220
LG2	25341999	25343136	1137
LG2	25343192	25343860	668
LG2	25344386	25344485	99
LG2	25344586	25344861	275
LG2	25345186	25345301	115
LG2	25346027	25346184	157
LG2	25346269	25349340	3071
LG2	25349564	25350152	588
LG2	25350156	25350550	394
LG2	25351369	25351494	125
LG2	25353293	25353705	412
LG2	25353759	25355393	1634
LG2	25356345	25356855	510
LG2	25356944	25357526	582
LG2	25357628	25359580	1952
LG2	25359718	25359723	5
LG2	25360142	25360506	364
LG2	25360875	25362419	1544
LG2	25362484	25365061	2577
LG2	25365173	25366319	1146
LG2	25366374	25366659	285
LG2	25366721	25367234	513
LG2	25367272	25368402	1130
LG2	25368785	25370288	1503
LG2	25370318	25370611	293
LG2	25370908	25372001	1093
LG2	25372055	25373297	1242
LG2	25374761	25375076	315
LG2	25375164	25376495	1331
LG2	25377933	25378242	309
LG2	25378464	25379045	581
LG2	25380382	25380873	491
LG2	25381942	25382282	340
LG2	25382409	25383564	1155
LG2	25384445	25385434	989
LG2	25386085	25386493	408
LG2	25388629	25389259	630
LG2	25389325	25391842	2517
LG2	25391857	25392016	159
LG2	25392128	25392966	838
LG2	25394064	25394186	122
LG2	25394487	25395021	534
LG2	25395035	25395645	610
LG2	25396829	25399678	2849
LG2	25399770	25400394	624
LG2	25402271	25403890	1619
LG2	25405153	25405519	366
LG2	25405877	25406071	194
LG2	25407762	25407920	158
LG2	25407970	25408067	97
LG2	25409013	25409247	234
LG2	25410572	25411233	661
LG2	25412620	25412779	159
LG2	25413339	25414096	757
LG2	25415458	25416572	1114
LG2	25417154	25417392	238
LG2	25419317	25420334	1017
LG2	25426423	25426875	452
LG2	25426988	25427195	207
LG2	25429428	25429495	67
LG2	25429519	25429721	202
LG2	25430971	25431240	269
LG2	25435264	25435939	675
LG2	25436945	25437433	488
LG2	25439131	25439710	579
LG2	25440497	25440769	272
LG2	25441922	25442467	545
LG2	25443338	25443485	147
LG2	25445630	25446447	817
LG2	25446530	25446969	439
LG2	25447324	25447424	100
LG2	25447491	25447582	91
LG2	25448151	25449453	1302
LG2	25451546	25451738	192
LG2	25452143	25452468	325
LG2	25452737	25453317	580
LG2	25454465	25456115	1650
LG2	25456374	25456553	179
LG2	25456659	25459174	2515
LG2	25459400	25461558	2158
LG2	25461748	25462125	377
LG2	25463016	25464141	1125
LG2	25464220	25464410	190
LG2	25465383	25465677	294
LG2	25466341	25466772	431
LG2	25468306	25468506	200
LG2	25469706	25470084	378
LG2	25470158	25470695	537
LG2	25470876	25470917	41
LG2	25471627	25472166	539
LG2	25472936	25473165	229
LG2	25473805	25474453	648
LG2	25479477	25481588	2111
LG2	25481989	25482086	97
LG2	25482441	25482892	451
LG2	25483125	25483538	413
LG2	25484224	25484757	533
LG2	25484783	25485147	364
LG2	25485277	25487511	2234
LG2	25487580	25487877	297
LG2	25488350	25488574	224
LG2	25488677	25488773	96
LG2	25489386	25489596	210
LG2	25490834	25491095	261
LG2	25492556	25492773	217
LG2	25492936	25493210	274
LG2	25496158	25497146	988
LG2	25497177	25501609	4432
LG2	25503110	25503586	476
LG2	25506577	25507505	928
LG2	25511548	25512037	489
LG2	25513629	25513992	363
LG2	25514036	25514957	921
LG2	25515670	25515974	304
LG2	25515999	25516308	309
LG2	25517434	25518629	1195
LG2	25518849	25519886	1037
LG2	25520598	25520850	252
LG2	25523586	25523707	121
LG2	25523941	25525537	1596
LG2	25526391	25526802	411
LG2	25528738	25529982	1244
LG2	25533386	25533488	102
LG2	25535316	25536283	967
LG2	25539541	25540149	608
LG2	25545266	25545985	719
LG2	25546706	25547468	762
LG2	25552618	25552850	232
LG2	25552955	25553458	503
LG2	25554493	25555283	790
LG2	25556606	25557250	644
LG2	25558272	25559394	1122
LG2	25563047	25563126	79
LG2	25563170	25563653	483
LG2	25563817	25564917	1100
LG2	25566609	25567158	549
LG2	25568864	25569475	611
LG2	25569675	25569727	52
LG2	25569761	25569896	135
LG2	25571126	25572121	995
LG2	25572972	25574807	1835
LG2	25578690	25582009	3319
LG2	25582055	25582962	907
LG2	25584088	25584149	61
LG2	25585040	25585522	482
LG2	25586637	25586747	110
LG2	25587407	25589738	2331
LG2	25590360	25591841	1481
LG2	25595626	25596633	1007
LG2	25596713	25596933	220
LG2	25597765	25598694	929
LG2	25598959	25600189	1230
LG2	25602851	25605404	2553
LG2	25605943	25606094	151
LG2	25606207	25606553	346
LG2	25608019	25608137	118
LG2	25608615	25609687	1072
LG2	25609865	25609993	128
LG2	25611060	25611406	346
LG2	25612270	25612317	47
LG2	25612411	25612791	380
LG2	25613223	25613282	59
LG2	25614525	25616347	1822
LG2	25616691	25616877	186
LG2	25617085	25617405	320
LG2	25618714	25620427	1713
LG2	25620830	25621174	344
LG2	25622305	25622834	529
LG2	25623380	25623682	302
LG2	25623731	25625006	1275
LG2	25626527	25627827	1300
LG2	25627838	25629671	1833
LG2	25634695	25635064	369
LG2	25638416	25639058	642
LG2	25640021	25641374	1353
LG2	25641385	25641809	424
LG2	25646699	25649275	2576
LG2	25650828	25652385	1557
LG2	25652946	25653388	442
LG2	25653504	25653671	167
LG2	25653679	25653952	273
LG2	25654019	25654471	452
LG2	25654510	25655083	573
LG2	25655657	25655786	129
LG2	25656636	25657149	513
LG2	25657161	25657508	347
LG2	25658604	25659039	435
LG2	25660817	25660885	68
LG2	25660895	25661737	842
LG2	25664259	25664963	704
LG2	25665095	25666965	1870
LG2	25667673	25667737	64
LG2	25670628	25672780	2152
LG2	25673622	25673929	307
LG2	25674693	25676857	2164
LG2	25677854	25679856	2002
LG2	25681055	25682046	991
LG2	25683367	25685045	1678
LG2	25685291	25685394	103
LG2	25687344	25687499	155
LG2	25688426	25689151	725
LG2	25689377	25689693	316
LG2	25689909	25690041	132
LG2	25690079	25690288	209
LG2	25690976	25691037	61
LG2	25692117	25692641	524
LG2	25692749	25693280	531
LG2	25695908	25697397	1489
LG2	25697548	25698414	866
LG2	25698723	25699028	305
LG2	25699131	25699346	215
LG2	25701140	25703281	2141
LG2	25703385	25704740	1355
LG2	25706484	25707583	1099
LG2	25707703	25708424	721
LG2	25708465	25708645	180
LG2	25708687	25709040	353
LG2	25710217	25710448	231
LG2	25711961	25716418	4457
LG2	25716549	25716860	311
LG2	25716879	25717063	184
LG2	25717086	25717328	242
LG2	25717337	25717531	194
LG2	25717635	25717690	55
LG2	25717693	25718581	888
LG2	25718685	25719184	499
LG2	25724158	25724492	334
LG2	25726490	25728756	2266
LG2	25728842	25730169	1327
LG2	25735240	25735782	542
LG2	25735792	25735947	155
LG2	25739073	25739375	302
LG2	25739457	25740399	942
LG2	25744315	25744630	315
LG2	25744700	25745637	937
LG2	25760290	25760510	220
LG2	25760594	25761260	666
LG2	25763286	25763483	197
LG2	25763719	25764014	295
LG2	25764943	25766051	1108
LG2	25766467	25767018	551
LG2	25767540	25767920	380
LG2	25768051	25768342	291
LG2	25768428	25768996	568
LG2	25769603	25770643	1040
LG2	25772718	25774524	1806
LG2	25774827	25775578	751
LG2	25775909	25776088	179
LG2	25776197	25776356	159
LG2	25777872	25778053	181
LG2	25779058	25779998	940
LG2	25780313	25780563	250
LG2	25783057	25783512	455
LG2	25784906	25785014	108
LG2	25785455	25786708	1253
LG2	25786766	25788341	1575
LG2	25788423	25788707	284
LG2	25791958	25792773	815
LG2	25792978	25794062	1084
LG2	25794132	25794318	186
LG2	25795696	25796261	565
LG2	25797101	25797250	149
LG2	25797263	25798164	901
LG2	25798425	25799336	911
LG2	25799418	25799729	311
LG2	25801531	25802379	848
LG2	25803273	25803806	533
LG2	25804106	25804273	167
LG2	25805927	25806340	413
LG2	25806563	25807789	1226
LG2	25808338	25808427	89
LG2	25808635	25809712	1077
LG2	25809815	25809994	179
LG2	25810225	25810898	673
LG2	25811115	25811414	299
LG2	25811446	25811603	157
LG2	25811679	25811815	136
LG2	25813105	25813309	204
LG2	25814062	25815155	1093
LG2	25815411	25816199	788
LG2	25817856	25819722	1866
LG2	25819749	25819970	221
LG2	25820122	25820313	191
LG2	25821021	25822469	1448
LG2	25825221	25825596	375
LG2	25825792	25827741	1949
LG2	25829271	25830151	880
LG2	25830791	25832123	1332
LG2	25833592	25834278	686
LG2	25834383	25834391	8
LG2	25834609	25834748	139
LG2	25834867	25835214	347
LG2	25835787	25836024	237
LG2	25837371	25837815	444
LG2	25837945	25838989	1044
LG2	25839021	25839149	128
LG2	25840858	25841125	267
LG2	25843594	25843772	178
LG2	25843903	25845170	1267
LG2	25845519	25846218	699
LG2	25846240	25846357	117
LG2	25846391	25847355	964
LG2	25847590	25848190	600
LG2	25849582	25850063	481
LG2	25850849	25851852	1003
LG2	25855192	25856176	984
LG2	25858201	25859142	941
LG2	25859189	25860089	900
LG2	25861393	25862023	630
LG2	25862252	25862338	86
LG2	25862398	25862562	164
LG2	25862767	25866043	3276
LG2	25867700	25870326	2626
LG2	25870994	25871203	209
LG2	25871682	25872520	838
LG2	25872581	25872746	165
LG2	25872970	25874418	1448
LG2	25874493	25875035	542
LG2	25875323	25875359	36
LG2	25875376	25876057	681
LG2	25876137	25876268	131
LG2	25876279	25876912	633
LG2	25876959	25878232	1273
LG2	25878430	25878539	109
LG2	25879251	25879774	523
LG2	25879847	25881117	1270
LG2	25881241	25881368	127
LG2	25881751	25881871	120
LG2	25881900	25883049	1149
LG2	25883156	25883937	781
LG2	25885941	25886796	855
LG2	25887231	25887627	396
LG2	25888645	25888877	232
LG2	25890607	25893941	3334
LG2	25893971	25894541	570
LG2	25894552	25895523	971
LG2	25895959	25899737	3778
LG2	25899841	25900498	657
LG2	25900927	25901482	555
LG2	25902087	25902293	206
LG2	25902401	25903244	843
LG2	25903348	25905020	1672
LG2	25905293	25905515	222
LG2	25905620	25906749	1129
LG2	25907147	25907211	64
LG2	25907329	25908295	966
LG2	25908336	25909156	820
LG2	25909718	25911190	1472
LG2	25912468	25912757	289
LG2	25912774	25913245	471
LG2	25913255	25914155	900
LG2	25914231	25914444	213
LG2	25914835	25915057	222
LG2	25915098	25917202	2104
LG2	25918282	25918707	425
LG2	25918748	25919238	490
LG2	25919308	25920227	919
LG2	25920253	25920599	346
LG2	25920782	25921492	710
LG2	25921890	25922648	758
LG2	25923682	25924236	554
LG2	25924460	25924496	36
LG2	25924518	25925183	665
LG2	25925344	25925960	616
LG2	25926665	25929858	3193
LG2	25929975	25930113	138
LG2	25931165	25932564	1399
LG2	25932813	25932931	118
LG2	25932958	25933495	537
LG2	25934416	25935230	814
LG2	25936476	25937847	1371
LG2	25939260	25939645	385
LG2	25941700	25941849	149
LG2	25941911	25942740	829
LG2	25943515	25943589	74
LG2	25943668	25944144	476
LG2	25944237	25944330	93
LG2	25944764	25946256	1492
LG2	25946672	25947063	391
LG2	25947185	25947412	227
LG2	25947444	25947805	361
LG2	25947843	25948504	661
LG2	25948671	25949552	881
LG2	25951379	25952713	1334
LG2	25953615	25953799	184
LG2	25953827	25954778	951
LG2	25955661	25957843	2182
LG2	25959513	25960590	1077
LG2	25961156	25961865	709
LG2	25964304	25967188	2884
LG2	25967230	25968086	856
LG2	25969205	25970432	1227
LG2	25970562	25972406	1844
LG2	25975054	25975225	171
LG2	25975345	25975881	536
LG2	25977069	25978002	933
LG2	25979534	25980275	741
LG2	25980456	25981010	554
LG2	25981158	25981463	305
LG2	25981940	25983394	1454
LG2	25985612	25986952	1340
LG2	25987116	25987523	407
LG2	25987620	25990943	3323
LG2	25991098	25991188	90
LG2	25992163	25993285	1122
LG2	25994679	25996015	1336
LG2	25996348	25998234	1886
LG2	25998319	25998398	79
LG2	25999428	26000346	918
LG2	26000680	26002787	2107
LG2	26003805	26004230	425
LG2	26004512	26006927	2415
LG2	26007199	26007446	247
LG2	26007633	26007719	86
LG2	26008209	26008384	175
LG2	26009207	26010274	1067
LG2	26010425	26010856	431
LG2	26011389	26013054	1665
LG2	26013155	26014191	1036
LG2	26014408	26014997	589
LG2	26015219	26016853	1634
LG2	26017991	26020103	2112
LG2	26021103	26021749	646
LG2	26023939	26024913	974
LG2	26025913	26026219	306
LG2	26026468	26027628	1160
LG2	26027648	26027989	341
LG2	26029437	26029654	217
LG2	26031120	26031362	242
LG2	26031704	26032295	591
LG2	26034114	26034591	477
LG2	26035135	26036807	1672
LG2	26036820	26039507	2687
LG2	26039669	26041050	1381
LG2	26041119	26042738	1619
LG2	26042794	26043024	230
LG2	26043087	26043948	861
LG2	26043991	26046614	2623
LG2	26046832	26049397	2565
LG2	26049440	26050061	621
LG2	26050227	26050528	301
LG2	26050841	26052233	1392
LG2	26053186	26053956	770
LG2	26054137	26054325	188
LG2	26054798	26054943	145
LG2	26055177	26055676	499
LG2	26055755	26057213	1458
LG2	26057798	26062502	4704
LG2	26064329	26064621	292
LG2	26066554	26068727	2173
LG2	26068738	26070409	1671
LG2	26072385	26073320	935
LG2	26073585	26075678	2093
LG2	26076439	26076826	387
LG2	26076868	26077904	1036
LG2	26080245	26081079	834
LG2	26081190	26082293	1103
LG2	26082752	26082846	94
LG2	26083155	26084234	1079
LG2	26089919	26090125	206
LG2	26093210	26093375	165
LG2	26093552	26093838	286
LG2	26094521	26094735	214
LG2	26094768	26100295	5527
LG2	26100386	26101001	615
LG2	26101660	26102118	458
LG2	26105218	26105459	241
LG2	26105490	26106069	579
LG2	26107273	26108362	1089
LG2	26109354	26110373	1019
LG2	26110462	26110607	145
LG2	26111151	26112100	949
LG2	26114312	26114637	325
LG2	26115006	26115952	946
LG2	26117250	26117956	706
LG2	26118079	26118245	166
LG2	26118651	26118876	225
LG2	26119863	26119977	114
LG2	26120446	26121785	1339
LG2	26122681	26123378	697
LG2	26131951	26132099	148
LG2	26132128	26132253	125
LG2	26132261	26132751	490
LG2	26134217	26134357	140
LG2	26136168	26136459	291
LG2	26136517	26136875	358
LG2	26165481	26166384	903
LG2	26166825	26167052	227
LG2	26174508	26174595	87
LG2	26179214	26179372	158
LG2	26182341	26182531	190
LG2	26187062	26187211	149
LG2	26205391	26205957	566
LG2	26206218	26207126	908
LG2	26209056	26210338	1282
LG2	26211212	26211545	333
LG2	26212173	26212761	588
LG2	26215364	26216510	1146
LG2	26218127	26218300	173
LG2	26218510	26218687	177
LG2	26218739	26221110	2371
LG2	26222851	26223041	190
LG2	26223249	26229660	6411
LG2	26230854	26231356	502
LG2	26231592	26234439	2847
LG2	26236283	26236906	623
LG2	26242235	26242984	749
LG2	26245040	26245113	73
LG2	26247823	26249381	1558
LG2	26250761	26253316	2555
LG2	26254046	26254481	435
LG2	26256169	26256967	798
LG2	26257017	26258060	1043
LG2	26260502	26264845	4343
LG2	26264895	26265038	143
LG2	26265466	26266601	1135
LG2	26268283	26269654	1371
LG2	26269792	26271777	1985
LG2	26271819	26272455	636
LG2	26272572	26272631	59
LG2	26272841	26275937	3096
LG2	26276925	26279658	2733
LG2	26279821	26280946	1125
LG2	26281837	26282177	340
LG2	26282362	26282973	611
LG2	26283087	26286834	3747
LG2	26286922	26289396	2474
LG2	26289405	26289912	507
LG2	26289967	26290475	508
LG2	26290728	26296966	6238
LG2	26297059	26299849	2790
LG2	26299976	26300023	47
LG2	26300052	26300883	831
LG2	26301060	26302129	1069
LG2	26302187	26302779	592
LG2	26302802	26303053	251
LG2	26303538	26304091	553
LG2	26310928	26311309	381
LG2	26311383	26313370	1987
LG2	26313467	26314796	1329
LG2	26314806	26315124	318
LG2	26315231	26316052	821
LG2	26316696	26316989	293
LG2	26321654	26326999	5345
LG2	26327000	26327004	4
LG2	26327008	26327821	813
LG2	26327975	26330538	2563
LG2	26330611	26331216	605
LG2	26331632	26332088	456
LG2	26332446	26332997	551
LG2	26333036	26333695	659
LG2	26333739	26334847	1108
LG2	26334860	26334996	136
LG2	26338743	26338820	77
LG2	26340250	26341110	860
LG2	26341906	26342878	972
LG2	26344726	26344947	221
LG2	26347066	26347587	521
LG2	26347618	26347887	269
LG2	26350282	26351752	1470
LG2	26354745	26355340	595
LG2	26356045	26357198	1153
LG2	26358942	26359211	269
LG2	26359356	26359874	518
LG2	26363724	26363973	249
LG2	26364725	26366307	1582
LG2	26369597	26370184	587
LG2	26374156	26374356	200
LG2	26374576	26374650	74
LG2	26375181	26375625	444
LG2	26375657	26376613	956
LG2	26376650	26376950	300
LG2	26378467	26379810	1343
LG2	26379909	26380541	632
LG2	26380677	26381987	1310
LG2	26381995	26382186	191
LG2	26384411	26384631	220
LG2	26384758	26385045	287
LG2	26385275	26385463	188
LG2	26385690	26389037	3347
LG2	26391491	26392007	516
LG2	26392370	26392890	520
LG2	26394997	26395142	145
LG2	26395410	26399249	3839
LG2	26400438	26401238	800
LG2	26401697	26402163	466
LG2	26402217	26403277	1060
LG2	26406485	26407761	1276
LG2	26409480	26410486	1006
LG2	26413531	26413838	307
LG2	26413943	26414019	76
LG2	26414422	26414952	530
LG2	26415179	26416534	1355
LG2	26416703	26418747	2044
LG2	26418795	26419416	621
LG2	26419609	26419912	303
LG2	26419939	26420334	395
LG2	26421127	26421806	679
LG2	26423314	26423859	545
LG2	26423988	26424064	76
LG2	26424150	26426878	2728
LG2	26426959	26427510	551
LG2	26427816	26429811	1995
LG2	26430583	26431128	545
LG2	26431574	26431930	356
LG2	26431979	26432846	867
LG2	26436434	26437425	991
LG2	26438567	26439514	947
LG2	26441201	26441973	772
LG2	26442024	26442631	607
LG2	26443464	26443623	159
LG2	26443836	26443992	156
LG2	26444062	26444413	351
LG2	26444901	26446012	1111
LG2	26446022	26446226	204
LG2	26446347	26446599	252
LG2	26447436	26449057	1621
LG2	26449097	26451428	2331
LG2	26451496	26452147	651
LG2	26452512	26452823	311
LG2	26453775	26454368	593
LG2	26454406	26455388	982
LG2	26456026	26456152	126
LG2	26456328	26464066	7738
LG2	26464112	26464755	643
LG2	26464942	26465101	159
LG2	26465103	26465260	157
LG2	26465417	26465854	437
LG2	26467003	26468103	1100
LG2	26469945	26470027	82
LG2	26470154	26470295	141
LG2	26472979	26473899	920
LG2	26473989	26474579	590
LG2	26474702	26475205	503
LG2	26475988	26478910	2922
LG2	26479546	26480013	467
LG2	26480277	26480957	680
LG2	26482749	26483318	569
LG2	26485456	26486661	1205
LG2	26487012	26489672	2660
LG2	26489733	26490068	335
LG2	26490408	26490661	253
LG2	26490799	26491241	442
LG2	26491275	26491521	246
LG2	26491589	26491780	191
LG2	26492900	26493697	797
LG2	26494066	26494258	192
LG2	26494480	26494653	173
LG2	26494834	26495796	962
LG2	26496751	26496899	148
LG2	26497740	26498541	801
LG2	26498608	26499747	1139
LG2	26501007	26503100	2093
LG2	26504299	26504660	361
LG2	26507722	26507968	246
LG2	26509389	26510510	1121
LG2	26511006	26511765	759
LG2	26514753	26514956	203
LG2	26515474	26516219	745
LG2	26516235	26518024	1789
LG2	26518623	26519690	1067
LG2	26521270	26521597	327
LG2	26521740	26522609	869
LG2	26524131	26525749	1618
LG2	26525780	26526280	500
LG2	26526302	26526689	387
LG2	26526817	26527057	240
LG2	26527378	26528301	923
LG2	26529576	26530708	1132
LG2	26531968	26532317	349
LG2	26533015	26533131	116
LG2	26533230	26534786	1556
LG2	26535053	26535277	224
LG2	26535411	26541330	5919
LG2	26542308	26542391	83
LG2	26542556	26543905	1349
LG2	26543949	26544546	597
LG2	26544798	26544890	92
LG2	26545116	26545170	54
LG2	26545248	26546053	805
LG2	26546151	26548015	1864
LG2	26548831	26549112	281
LG2	26549120	26549261	141
LG2	26550262	26552540	2278
LG2	26552645	26552739	94
LG2	26554854	26555731	877
LG2	26556379	26556625	246
LG2	26556690	26556954	264
LG2	26557160	26557784	624
LG2	26558155	26558242	87
LG2	26558528	26558690	162
LG2	26559170	26559238	68
LG2	26560389	26560496	107
LG2	26560608	26560946	338
LG2	26561064	26561648	584
LG2	26562607	26563837	1230
LG2	26564113	26565640	1527
LG2	26566878	26568210	1332
LG2	26568241	26572206	3965
LG2	26573144	26574138	994
LG2	26575709	26579515	3806
LG2	26579875	26579960	85
LG2	26580181	26580399	218
LG2	26582371	26584018	1647
LG2	26584368	26585922	1554
LG2	26585950	26586060	110
LG2	26586234	26589129	2895
LG2	26590997	26592268	1271
LG2	26592503	26595036	2533
LG2	26595445	26596568	1123
LG2	26597655	26599886	2231
LG2	26600091	26600387	296
LG2	26603471	26604071	600
LG2	26605966	26607718	1752
LG2	26608701	26608853	152
LG2	26609446	26609663	217
LG2	26609856	26610340	484
LG2	26611866	26612931	1065
LG2	26613089	26613668	579
LG2	26614416	26614586	170
LG2	26614847	26615857	1010
LG2	26615964	26616383	419
LG2	26617553	26617801	248
LG2	26617881	26619342	1461
LG2	26619355	26619988	633
LG2	26626661	26627415	754
LG2	26643332	26643449	117
LG2	26657840	26658594	754
LG2	26719301	26719552	251
LG2	26725492	26726442	950
LG2	26742284	26742538	254
LG2	26749754	26750508	754
LG2	26769261	26769390	129
LG2	26772576	26772779	203
LG2	26773071	26773189	118
LG2	26773257	26773379	122
LG2	26777019	26777083	64
LG2	26783819	26783958	139
LG2	26783990	26784248	258
LG2	26784305	26784690	385
LG2	26785640	26786151	511
LG2	26789030	26789527	497
LG2	26790042	26791093	1051
LG2	26791288	26791901	613
LG2	26794556	26794731	175
LG2	26795350	26795486	136
LG2	26796611	26797724	1113
LG2	26797792	26798249	457
LG2	26798334	26798505	171
LG2	26798967	26799498	531
LG2	26800019	26800170	151
LG2	26800604	26800966	362
LG2	26802392	26803091	699
LG2	26803975	26804040	65
LG2	26804206	26804525	319
LG2	26804887	26805090	203
LG2	26807103	26808492	1389
LG2	26809678	26809965	287
LG2	26811112	26811290	178
LG2	26811903	26812316	413
LG2	26813905	26815974	2069
LG2	26816173	26818005	1832
LG2	26819612	26819954	342
LG2	26820132	26820522	390
LG2	26822205	26822828	623
LG2	26824224	26825788	1564
LG2	26825845	26826341	496
LG2	26830072	26832492	2420
LG2	26832819	26832949	130
LG2	26833359	26833617	258
LG2	26835393	26835876	483
LG2	26836116	26836269	153
LG2	26836651	26836893	242
LG2	26837722	26837882	160
LG2	26838466	26840599	2133
LG2	26841318	26842541	1223
LG2	26842674	26845152	2478
LG2	26845270	26848180	2910
LG2	26848196	26848769	573
LG2	26849935	26850045	110
LG2	26850172	26850503	331
LG2	26850649	26850898	249
LG2	26851748	26856628	4880
LG2	26859226	26861615	2389
LG2	26861824	26863935	2111
LG2	26865725	26866930	1205
LG2	26867605	26867852	247
LG2	26867895	26867958	63
LG2	26870138	26870254	116
LG2	26871289	26872318	1029
LG2	26874497	26877792	3295
LG2	26877896	26879165	1269
LG2	26880858	26881290	432
LG2	26882903	26885303	2400
LG2	26886003	26886728	725
LG2	26890487	26890760	273
LG2	26890790	26891365	575
LG2	26892289	26892485	196
LG2	26893860	26895232	1372
LG2	26895411	26896453	1042
LG2	26899918	26899993	75
LG2	26901381	26901817	436
LG2	26901927	26902621	694
LG2	26906799	26907339	540
LG2	26907547	26908121	574
LG2	26908256	26908724	468
LG2	26909829	26910424	595
LG2	26911590	26913098	1508
LG2	26913180	26913405	225
LG2	26913596	26913737	141
LG2	26913890	26914083	193
LG2	26919698	26920213	515
LG2	26920261	26920380	119
LG2	26920551	26920820	269
LG2	26921038	26922087	1049
LG2	26924015	26925182	1167
LG2	26925304	26925484	180
LG2	26926542	26927761	1219
LG2	26928820	26929526	706
LG2	26930033	26930364	331
LG2	26930400	26931115	715
LG2	26931218	26932391	1173
LG2	26932938	26933033	95
LG2	26933376	26934776	1400
LG2	26936477	26937531	1054
LG2	26937860	26938520	660
LG2	26938760	26939569	809
LG2	26942078	26942956	878
LG2	26944583	26944912	329
LG2	26944929	26945227	298
LG2	26945355	26946321	966
LG2	26947653	26949213	1560
LG2	26949235	26950345	1110
LG2	26950746	26951967	1221
LG2	26952059	26952504	445
LG2	26952850	26953685	835
LG2	26955233	26956801	1568
LG2	26956969	26957008	39
LG2	26957048	26957475	427
LG2	26958221	26958643	422
LG2	26959450	26961297	1847
LG2	26962649	26962784	135
LG2	26962787	26963500	713
LG2	26963524	26969912	6388
LG2	26970054	26970067	13
LG2	26970085	26971810	1725
LG2	26972490	26972545	55
LG2	26972571	26974732	2161
LG2	26976473	26980588	4115
LG2	26980709	26981558	849
LG2	26983704	26983799	95
LG2	26984048	26984508	460
LG2	26985856	26985962	106
LG2	26989217	26991754	2537
LG2	26991884	26994946	3062
LG2	26996213	26997563	1350
LG2	27000438	27000866	428
LG2	27001158	27001878	720
LG2	27002495	27002643	148
LG2	27004368	27005675	1307
LG2	27006993	27007089	96
LG2	27007743	27009264	1521
LG2	27010794	27011225	431
LG2	27011230	27012162	932
LG2	27012213	27015675	3462
LG2	27018334	27019959	1625
LG2	27019977	27020868	891
LG2	27021210	27021550	340
LG2	27022523	27024881	2358
LG2	27026580	27026878	298
LG2	27027061	27029095	2034
LG2	27030883	27032150	1267
LG2	27032816	27033173	357
LG2	27035223	27036059	836
LG2	27038234	27039557	1323
LG2	27039562	27041903	2341
LG2	27041945	27042710	765
LG2	27043792	27043947	155
LG2	27045026	27045725	699
LG2	27045747	27048102	2355
LG2	27048540	27050771	2231
LG2	27052381	27056224	3843
LG2	27056424	27057076	652
LG2	27059019	27060485	1466
LG2	27060528	27060982	454
LG2	27061025	27061146	121
LG2	27061325	27061894	569
LG2	27063943	27064362	419
LG2	27067860	27074633	6773
LG2	27074696	27075180	484
LG2	27075291	27075733	442
LG2	27075759	27075879	120
LG2	27076013	27078306	2293
LG2	27078745	27081723	2978
LG2	27083747	27084188	441
LG2	27086733	27088326	1593
LG2	27090757	27091074	317
LG2	27091328	27091712	384
LG2	27092792	27094060	1268
LG2	27094117	27095297	1180
LG2	27095416	27100235	4819
LG2	27100534	27100739	205
LG2	27102555	27103087	532
LG2	27103295	27103589	294
LG2	27103816	27105447	1631
LG2	27105500	27107385	1885
LG2	27108750	27109503	753
LG2	27109544	27120017	10473
LG2	27120568	27121886	1318
LG2	27122544	27123147	603
LG2	27123195	27123783	588
LG2	27123910	27124249	339
LG2	27125594	27128475	2881
LG2	27128484	27129574	1090
LG2	27131057	27131180	123
LG2	27131527	27131786	259
LG2	27131801	27132372	571
LG2	27133854	27133957	103
LG2	27134716	27134839	123
LG2	27137777	27137881	104
LG2	27139308	27141153	1845
LG2	27141259	27141813	554
LG2	27141902	27143610	1708
LG2	27143668	27144201	533
LG2	27144241	27148012	3771
LG2	27156027	27156549	522
LG2	27156660	27156797	137
LG2	27166797	27167874	1077
LG2	27167894	27168090	196
LG2	27168156	27170044	1888
LG2	27170598	27171050	452
LG2	27171276	27171715	439
LG2	27171891	27173151	1260
LG2	27179807	27180408	601
LG2	27180489	27180944	455
LG2	27181010	27181454	444
LG2	27184668	27186167	1499
LG2	27186314	27187928	1614
LG2	27189316	27190100	784
LG2	27190640	27191653	1013
LG2	27193408	27193681	273
LG2	27194857	27195511	654
LG2	27195853	27196909	1056
LG2	27197058	27197801	743
LG2	27199096	27200281	1185
LG2	27202175	27202438	263
LG2	27203345	27206008	2663
LG2	27206163	27206222	59
LG2	27207434	27207795	361
LG2	27210069	27211062	993
LG2	27212033	27212334	301
LG2	27212905	27215084	2179
LG2	27218667	27219022	355
LG2	27222338	27222665	327
LG2	27223795	27224736	941
LG2	27225385	27225898	513
LG2	27227363	27227506	143
LG2	27227532	27228577	1045
LG2	27230423	27230807	384
LG2	27231337	27231692	355
LG2	27232085	27232192	107
LG2	27232229	27232942	713
LG2	27234941	27235001	60
LG2	27235978	27236636	658
LG2	27237794	27238914	1120
LG2	27240519	27242030	1511
LG2	27242202	27242842	640
LG2	27244146	27245023	877
LG2	27249385	27249699	314
LG2	27250553	27255386	4833
LG2	27269603	27269899	296
LG2	27269919	27270717	798
LG2	27275280	27275344	64
LG2	27282754	27282980	226
LG2	27283936	27284447	511
LG2	27291183	27291682	499
LG2	27292204	27292299	95
LG2	27324268	27325022	754
LG2	27327482	27327539	57
LG2	27327567	27327690	123
LG2	27327978	27328509	531
LG2	27328535	27328742	207
LG2	27331345	27331521	176
LG2	27345153	27345282	129
LG2	27346091	27346294	203
LG2	27346586	27346704	118
LG2	27346772	27346894	122
LG2	27350543	27350607	64
LG2	27357641	27357780	139
LG2	27357812	27358070	258
LG2	27358127	27358513	386
LG2	27359154	27359376	222
LG2	27359897	27360959	1062
LG2	27361130	27361754	624
LG2	27364393	27364568	175
LG2	27365180	27365316	136
LG2	27376848	27377647	799
LG2	27377667	27377963	296
LG2	27393509	27393645	136
LG2	27394254	27394429	175
LG2	27397096	27397708	612
LG2	27397892	27398953	1061
LG2	27399467	27399964	497
LG2	27418250	27418621	371
LG2	27421080	27421940	860
LG2	27428092	27429135	1043
LG2	27431125	27431975	850
LG2	27432234	27432536	302
LG2	27434388	27434837	449
LG2	27435564	27436164	600
LG2	27439354	27439424	70
LG2	27442068	27442610	542
LG2	27445132	27449046	3914
LG2	27449680	27450039	359
LG2	27451260	27451378	118
LG2	27451567	27452261	694
LG2	27452282	27452458	176
LG2	27453834	27454633	799
LG2	27454767	27455294	527
LG2	27456196	27456532	336
LG2	27456829	27457815	986
LG2	27462318	27463466	1148
LG2	27468158	27469760	1602
LG2	27471684	27472311	627
LG2	27475779	27476159	380
LG2	27476214	27476534	320
LG2	27477336	27477558	222
LG2	27477811	27478257	446
LG2	27480090	27480551	461
LG2	27483580	27484567	987
LG2	27484943	27485133	190
LG2	27485331	27485768	437
LG2	27486945	27487355	410
LG2	27489321	27490298	977
LG2	27490389	27490702	313
LG2	27490727	27490782	55
LG2	27490871	27493446	2575
LG2	27495765	27495946	181
LG2	27496464	27496842	378
LG2	27498359	27499069	710
LG2	27499184	27500078	894
LG2	27500099	27500912	813
LG2	27503674	27506155	2481
LG2	27507824	27508334	510
LG2	27510570	27511364	794
LG2	27512987	27513552	565
LG2	27513990	27514191	201
LG2	27514434	27514552	118
LG2	27514779	27517978	3199
LG2	27518051	27518747	696
LG2	27519068	27519316	248
LG2	27519570	27520974	1404
LG2	27521355	27522779	1424
LG2	27524216	27525806	1590
LG2	27525846	27528094	2248
LG2	27528096	27532816	4720
LG2	27534700	27535584	884
LG2	27543039	27545757	2718
LG2	27545855	27546984	1129
LG2	27548020	27548139	119
LG2	27550067	27551061	994
LG2	27553221	27553675	454
LG2	27554324	27554930	606
LG2	27556316	27556436	120
LG2	27556467	27556926	459
LG2	27556962	27557155	193
LG2	27557399	27558037	638
LG2	27560976	27561033	57
LG2	27561377	27562101	724
LG2	27562128	27564316	2188
LG2	27564340	27564890	550
LG2	27565104	27565728	624
LG2	27566807	27567102	295
LG2	27567279	27568386	1107
LG2	27568631	27568829	198
LG2	27568930	27569679	749
LG2	27570011	27570474	463
LG2	27570662	27573305	2643
LG2	27573340	27573756	416
LG2	27573793	27575375	1582
LG2	27575532	27578761	3229
LG2	27579070	27579454	384
LG2	27581414	27582703	1289
LG2	27583860	27584035	175
LG2	27584245	27588240	3995
LG2	27588390	27591458	3068
LG2	27592681	27592774	93
LG2	27592784	27593963	1179
LG2	27595937	27596952	1015
LG2	27599056	27599673	617
LG2	27600189	27601677	1488
LG2	27604004	27605544	1540
LG2	27605721	27608079	2358
LG2	27608395	27608684	289
LG2	27608814	27609572	758
LG2	27611802	27612595	793
LG2	27615150	27615923	773
LG2	27617153	27617371	218
LG2	27620336	27620996	660
LG2	27622700	27624726	2026
LG2	27627511	27629006	1495
LG2	27629787	27629905	118
LG2	27630670	27631655	985
LG2	27632170	27633281	1111
LG2	27634181	27634234	53
LG2	27634379	27634819	440
LG2	27634853	27636587	1734
LG2	27638211	27638842	631
LG2	27638895	27643451	4556
LG2	27643483	27643972	489
LG2	27644963	27645103	140
LG2	27645579	27645870	291
LG2	27647067	27647328	261
LG2	27648532	27648575	43
LG2	27648611	27652523	3912
LG2	27653200	27654511	1311
LG2	27654597	27656014	1417
LG2	27656023	27656453	430
LG2	27657322	27661874	4552
LG2	27662031	27662921	890
LG2	27663028	27663836	808
LG2	27665101	27665831	730
LG2	27665938	27666247	309
LG2	27666497	27667798	1301
LG2	27667879	27668302	423
LG2	27669227	27669463	236
LG2	27669521	27670521	1000
LG2	27671837	27673638	1801
LG2	27673642	27674388	746
LG2	27674722	27675483	761
LG2	27675551	27676665	1114
LG2	27678530	27679545	1015
LG2	27681476	27682219	743
LG2	27683214	27683896	682
LG2	27684102	27684574	472
LG2	27684635	27688537	3902
LG2	27688639	27689125	486
LG2	27689196	27689921	725
LG2	27690056	27690287	231
LG2	27690307	27690997	690
LG2	27691051	27692282	1231
LG2	27692424	27693123	699
LG2	27693199	27694627	1428
LG2	27695635	27695842	207
LG2	27695894	27696254	360
LG2	27701284	27701355	71
LG2	27701366	27702147	781
LG2	27702654	27703636	982
LG2	27704065	27705099	1034
LG2	27709529	27710134	605
LG2	27711332	27711465	133
LG2	27713378	27714661	1283
LG2	27715034	27715830	796
LG2	27717133	27717832	699
LG2	27717984	27718453	469
LG2	27720520	27720692	172
LG2	27722236	27722427	191
LG2	27722480	27723111	631
LG2	27724711	27729099	4388
LG2	27729108	27729656	548
LG2	27732511	27733712	1201
LG2	27733854	27735552	1698
LG2	27735759	27738195	2436
LG2	27739318	27739629	311
LG2	27740944	27742125	1181
LG2	27742167	27743946	1779
LG2	27743979	27744055	76
LG2	27744229	27745137	908
LG2	27745180	27745634	454
LG2	27747540	27749701	2161
LG2	27751797	27753579	1782
LG2	27753623	27754268	645
LG2	27754351	27756766	2415
LG2	27757075	27757168	93
LG2	27758375	27758450	75
LG2	27759116	27760293	1177
LG2	27760383	27760476	93
LG2	27760902	27762521	1619
LG2	27762545	27762611	66
LG2	27762657	27762882	225
LG2	27762926	27763500	574
LG2	27763547	27763734	187
LG2	27763762	27764057	295
LG2	27764150	27767290	3140
LG2	27767603	27767897	294
LG2	27768773	27769129	356
LG2	27769488	27772647	3159
LG2	27772821	27775225	2404
LG2	27776084	27776230	146
LG2	27776775	27777521	746
LG2	27777659	27779502	1843
LG2	27781214	27781955	741
LG2	27782069	27782143	74
LG2	27782381	27782836	455
LG2	27782887	27782904	17
LG2	27785151	27791165	6014
LG2	27791405	27796614	5209
LG2	27796650	27797105	455
LG2	27797325	27798551	1226
LG2	27798938	27803048	4110
LG2	27804395	27805508	1113
LG2	27805544	27811706	6162
LG2	27813287	27815116	1829
LG2	27815119	27815486	367
LG2	27817769	27817995	226
LG2	27818391	27822686	4295
LG2	27824022	27827157	3135
LG2	27827834	27828564	730
LG2	27828629	27835936	7307
LG2	27836168	27836319	151
LG2	27838540	27839663	1123
LG2	27839670	27848404	8734
LG2	27848786	27848956	170
LG2	27854971	27857101	2130
LG2	27857375	27857854	479
LG2	27857858	27858548	690
LG2	27860600	27861808	1208
LG2	27862485	27864150	1665
LG2	27864716	27865130	414
LG2	27865464	27866619	1155
LG2	27869088	27873636	4548
LG2	27875601	27881157	5556
LG2	27881323	27881694	371
LG2	27885452	27885949	497
LG2	27885993	27886672	679
LG2	27886991	27887087	96
LG2	27887119	27889039	1920
LG2	27889240	27893304	4064
LG2	27893317	27894471	1154
LG2	27895463	27896581	1118
LG2	27897041	27898558	1517
LG2	27899941	27903036	3095
LG2	27903176	27909954	6778
LG2	27910015	27911683	1668
LG2	27911724	27914536	2812
LG2	27914643	27916531	1888
LG2	27917324	27918478	1154
LG2	27918575	27918648	73
LG2	27918698	27918759	61
LG2	27918819	27919103	284
LG2	27921028	27921206	178
LG2	27924651	27925501	850
LG2	27927629	27928021	392
LG2	27928042	27929667	1625
LG2	27930125	27935931	5806
LG2	27936103	27937719	1616
LG2	27937918	27939587	1669
LG2	27941165	27943193	2028
LG2	27945423	27947212	1789
LG2	27947251	27948868	1617
LG2	27950027	27951011	984
LG2	27951134	27951229	95
LG2	27951694	27952002	308
LG2	27952612	27953927	1315
LG2	27955673	27957176	1503
LG2	27957285	27957440	155
LG2	27957488	27958033	545
LG2	27959611	27961205	1594
LG2	27963745	27963873	128
LG2	27964094	27965523	1429
LG2	27966043	27966119	76
LG2	27967068	27967498	430
LG2	27967612	27969280	1668
LG2	27970803	27971838	1035
LG2	27972028	27972614	586
LG2	27973844	27974728	884
LG2	27975502	27976056	554
LG2	27976095	27976577	482
LG2	27977513	27977770	257
LG2	27977833	27978822	989
LG2	27980691	27981551	860
LG2	27981787	27982544	757
LG2	27983611	27985064	1453
LG2	27986455	27986782	327
LG2	27990943	27992051	1108
LG2	27992474	27993142	668
LG2	27993423	27993808	385
LG2	27996523	27996884	361
LG2	27998859	27999254	395
LG2	28001258	28001723	465
LG2	28001999	28002866	867
LG2	28004710	28005772	1062
LG2	28007950	28008806	856
LG2	28009440	28009859	419
LG2	28011534	28011837	303
LG2	28012619	28013332	713
LG2	28018011	28020434	2423
LG2	28020539	28021572	1033
LG2	28021831	28023204	1373
LG2	28023325	28023673	348
LG2	28026611	28027669	1058
LG2	28027774	28028362	588
LG2	28028424	28032645	4221
LG2	28033013	28034357	1344
LG2	28034867	28039309	4442
LG2	28041128	28042673	1545
LG2	28042827	28043527	700
LG2	28043656	28044019	363
LG2	28044025	28044039	14
LG2	28044616	28044890	274
LG2	28045845	28046044	199
LG2	28046453	28048720	2267
LG2	28049558	28050187	629
LG2	28050197	28050424	227
LG2	28050529	28051212	683
LG2	28051684	28052014	330
LG2	28053113	28054141	1028
LG2	28054142	28055150	1008
LG2	28056342	28057076	734
LG2	28057108	28057522	414
LG2	28059105	28059247	142
LG2	28059255	28060397	1142
LG2	28061446	28062109	663
LG2	28062408	28062501	93
LG2	28062566	28064536	1970
LG2	28066369	28067509	1140
LG2	28067628	28067798	170
LG2	28068218	28069091	873
LG2	28069117	28069697	580
LG2	28069888	28070379	491
LG2	28071895	28073082	1187
LG2	28073698	28075336	1638
LG2	28076266	28078579	2313
LG2	28080720	28081551	831
LG2	28083969	28088451	4482
LG2	28088654	28094307	5653
LG2	28094395	28095084	689
LG2	28095133	28099641	4508
LG2	28100559	28102056	1497
LG2	28104388	28111285	6897
LG2	28114195	28114314	119
LG2	28114592	28119036	4444
LG2	28119306	28119579	273
LG2	28120136	28121098	962
LG2	28123781	28126447	2666
LG2	28128732	28129996	1264
LG2	28131257	28134318	3061
LG2	28135728	28136645	917
LG2	28138517	28139275	758
LG2	28141381	28141650	269
LG2	28141858	28141861	3
LG2	28141863	28142499	636
LG2	28143017	28145511	2494
LG2	28145658	28145956	298
LG2	28148491	28149662	1171
LG2	28150532	28150827	295
LG2	28151328	28152509	1181
LG2	28152680	28152788	108
LG2	28155188	28160253	5065
LG2	28160592	28160955	363
LG2	28161031	28165217	4186
LG2	28165318	28168239	2921
LG2	28168440	28170754	2314
LG2	28170916	28171266	350
LG2	28171268	28171686	418
LG2	28172716	28175819	3103
LG2	28175925	28177054	1129
LG2	28178655	28178855	200
LG2	28179000	28179188	188
LG2	28179392	28181533	2141
LG2	28182990	28183282	292
LG2	28183416	28184525	1109
LG2	28184536	28185836	1300
LG2	28185945	28187724	1779
LG2	28187787	28187827	40
LG2	28187891	28189427	1536
LG2	28189618	28191565	1947
LG2	28191731	28192615	884
LG2	28193505	28193801	296
LG2	28195453	28195727	274
LG2	28196393	28196931	538
LG2	28197195	28197308	113
LG2	28197585	28198636	1051
LG2	28199093	28199708	615
LG2	28200464	28201017	553
LG2	28202991	28203459	468
LG2	28205659	28206337	678
LG2	28213057	28214370	1313
LG2	28214678	28215830	1152
LG2	28217157	28218805	1648
LG2	28219738	28220447	709
LG2	28220490	28221431	941
LG2	28222347	28222433	86
LG2	28222489	28222708	219
LG2	28222912	28223542	630
LG2	28225683	28225781	98
LG2	28231075	28232114	1039
LG2	28232306	28232838	532
LG2	28235088	28235172	84
LG2	28235321	28236335	1014
LG2	28236505	28236708	203
LG2	28237154	28237458	304
LG2	28237530	28238578	1048
LG2	28238981	28240247	1266
LG2	28241154	28242014	860
LG2	28242053	28242245	192
LG2	28242376	28244384	2008
LG2	28246543	28247649	1106
LG2	28247716	28248257	541
LG2	28248327	28249652	1325
LG2	28252619	28253447	828
LG2	28254075	28254435	360
LG2	28254594	28254858	264
LG2	28255174	28256176	1002
LG2	28256649	28256844	195
LG2	28257075	28257791	716
LG2	28257878	28258243	365
LG2	28259553	28259703	150
LG2	28259772	28259919	147
LG2	28262571	28262887	316
LG2	28263878	28264831	953
LG2	28264859	28265008	149
LG2	28266402	28267265	863
LG2	28267353	28267801	448
LG2	28269620	28273147	3527
LG2	28273326	28274625	1299
LG2	28275205	28275693	488
LG2	28277547	28278352	805
LG2	28280216	28280885	669
LG2	28282956	28283068	112
LG2	28283133	28283580	447
LG2	28283708	28284169	461
LG2	28285715	28286797	1082
LG2	28286897	28288713	1816
LG2	28290059	28290702	643
LG2	28290708	28291376	668
LG2	28291447	28291498	51
LG2	28291673	28292026	353
LG2	28292052	28292664	612
LG2	28293767	28294742	975
LG2	28295948	28297605	1657
LG2	28297639	28298974	1335
LG2	28299299	28299341	42
LG2	28299354	28300231	877
LG2	28300560	28300706	146
LG2	28300770	28302017	1247
LG2	28305087	28305331	244
LG2	28305355	28306243	888
LG2	28306432	28306594	162
LG2	28306619	28307696	1077
LG2	28308065	28308120	55
LG2	28309799	28311205	1406
LG2	28312099	28313326	1227
LG2	28315173	28316286	1113
LG2	28316323	28316406	83
LG2	28317694	28318011	317
LG2	28318041	28318815	774
LG2	28318907	28319501	594
LG2	28321139	28321690	551
LG2	28321767	28322434	667
LG2	28324078	28326247	2169
LG2	28326409	28326757	348
LG2	28327124	28327304	180
LG2	28327426	28328784	1358
LG2	28330700	28330867	167
LG2	28330930	28331017	87
LG2	28331669	28332068	399
LG2	28333151	28334337	1186
LG2	28335907	28336959	1052
LG2	28337675	28340255	2580
LG2	28343530	28345851	2321
LG2	28345897	28346715	818
LG2	28346751	28348610	1859
LG2	28349505	28349596	91
LG2	28350705	28351805	1100
LG2	28351861	28353657	1796
LG2	28353664	28354182	518
LG2	28355982	28356721	739
LG2	28356848	28357323	475
LG2	28358655	28358742	87
LG2	28358807	28359274	467
LG2	28359851	28361362	1511
LG2	28361465	28362622	1157
LG2	28363359	28365569	2210
LG2	28365684	28365884	200
LG2	28365919	28365997	78
LG2	28366397	28367007	610
LG2	28367079	28367272	193
LG2	28368626	28369251	625
LG2	28369254	28369393	139
LG2	28369417	28369580	163
LG2	28370671	28371578	907
LG2	28371845	28372106	261
LG2	28372271	28373409	1138
LG2	28373518	28373751	233
LG2	28374194	28374881	687
LG2	28374926	28375652	726
LG2	28376555	28377834	1279
LG2	28378936	28379404	468
LG2	28381338	28382191	853
LG2	28383801	28384734	933
LG2	28385059	28386229	1170
LG2	28389215	28392293	3078
LG2	28392347	28392798	451
LG2	28394130	28395654	1524
LG2	28396767	28396960	193
LG2	28397173	28397358	185
LG2	28397816	28398339	523
LG2	28399124	28401050	1926
LG2	28401653	28402437	784
LG2	28403659	28404540	881
LG2	28404552	28404630	78
LG2	28404691	28408116	3425
LG2	28408268	28408894	626
LG2	28411283	28411498	215
LG2	28411579	28411740	161
LG2	28413025	28413552	527
LG2	28413817	28413940	123
LG2	28413970	28415019	1049
LG2	28415066	28416131	1065
LG2	28416138	28416758	620
LG2	28418572	28419453	881
LG2	28420940	28421949	1009
LG2	28423882	28424610	728
LG2	28426583	28428033	1450
LG2	28428117	28428268	151
LG2	28429701	28433644	3943
LG2	28435371	28436241	870
LG2	28436246	28438574	2328
LG2	28438669	28439393	724
LG2	28439937	28441886	1949
LG2	28441915	28442126	211
LG2	28446644	28446817	173
LG2	28446839	28447748	909
LG2	28449727	28450238	511
LG2	28450239	28450520	281
LG2	28450769	28453165	2396
LG2	28454744	28456366	1622
LG2	28460991	28461865	874
LG2	28461952	28461996	44
LG2	28465872	28467641	1769
LG2	28470832	28472493	1661
LG2	28472547	28472975	428
LG2	28476680	28477035	355
LG2	28477235	28478862	1627
LG2	28480759	28481110	351
LG2	28481610	28481986	376
LG2	28483077	28483146	69
LG2	28483147	28483373	226
LG2	28483530	28486636	3106
LG2	28486802	28487173	371
LG2	28487175	28487939	764
LG2	28489327	28491440	2113
LG2	28492847	28493333	486
LG2	28493660	28493857	197
LG2	28493886	28495427	1541
LG2	28495862	28498461	2599
LG2	28500465	28501735	1270
LG2	28501986	28502436	450
LG2	28503188	28503579	391
LG2	28503688	28503892	204
LG2	28505090	28508170	3080
LG2	28508286	28510488	2202
LG2	28510674	28513106	2432
LG2	28517928	28518903	975
LG2	28518910	28523377	4467
LG2	28525224	28528549	3325
LG2	28529912	28532756	2844
LG2	28540920	28541741	821
LG2	28543746	28544702	956
LG2	28546411	28546832	421
LG2	28546888	28547715	827
LG2	28549024	28549092	68
LG2	28550369	28551352	983
LG2	28552577	28552616	39
LG2	28552619	28553150	531
LG2	28553414	28554118	704
LG2	28555089	28555511	422
LG2	28556727	28556845	118
LG2	28557562	28558499	937
LG2	28558588	28559221	633
LG2	28559376	28559779	403
LG2	28559974	28560875	901
LG2	28562350	28571153	8803
LG2	28571468	28571703	235
LG2	28572271	28572764	493
LG2	28575677	28576744	1067
LG2	28576774	28576856	82
LG2	28577967	28578700	733
LG2	28581199	28581499	300
LG2	28581577	28581833	256
LG2	28582131	28588135	6004
LG2	28589107	28589827	720
LG2	28592863	28594346	1483
LG2	28595583	28597543	1960
LG2	28597630	28597904	274
LG2	28598333	28599737	1404
LG2	28599981	28600291	310
LG2	28600463	28600795	332
LG2	28600845	28600934	89
LG2	28600983	28601521	538
LG2	28604413	28605370	957
LG2	28607188	28607530	342
LG2	28608038	28608478	440
LG2	28608608	28610743	2135
LG2	28610784	28613318	2534
LG2	28615537	28615856	319
LG2	28616702	28617177	475
LG2	28617228	28618018	790
LG2	28619625	28619926	301
LG2	28619982	28620854	872
LG2	28621162	28622464	1302
LG2	28622830	28626300	3470
LG2	28629022	28629790	768
LG2	28630974	28631300	326
LG2	28632809	28634535	1726
LG2	28635873	28637420	1547
LG2	28638454	28638983	529
LG2	28639026	28639173	147
LG2	28639301	28639931	630
LG2	28640085	28645515	5430
LG2	28645642	28647533	1891
LG2	28647594	28648176	582
LG2	28648354	28648530	176
LG2	28648720	28650084	1364
LG2	28651357	28651687	330
LG2	28651804	28653703	1899
LG2	28653777	28656491	2714
LG2	28656604	28656948	344
LG2	28657606	28657832	226
LG2	28661562	28662827	1265
LG2	28666332	28668175	1843
LG2	28670261	28672769	2508
LG2	28672773	28677686	4913
LG2	28679022	28682710	3688
LG2	28682780	28686476	3696
LG2	28686538	28687961	1423
LG2	28688269	28694727	6458
LG2	28697330	28702883	5553
LG2	28702892	28704573	1681
LG2	28706783	28710538	3755
LG2	28710543	28710682	139
LG2	28710839	28716356	5517
LG2	28716469	28719342	2873
LG2	28721839	28724863	3024
LG2	28725742	28729161	3419
LG2	28731498	28732671	1173
LG2	28733950	28735258	1308
LG2	28735343	28736695	1352
LG2	28736845	28736964	119
LG2	28737392	28737518	126
LG2	28737569	28738872	1303
LG2	28739082	28740486	1404
LG2	28741322	28741393	71
LG2	28741486	28742361	875
LG2	28742368	28742485	117
LG2	28742635	28743007	372
LG2	28743760	28745150	1390
LG2	28746078	28747678	1600
LG2	28747749	28750607	2858
LG2	28750801	28752959	2158
LG2	28753012	28753523	511
LG2	28755626	28755823	197
LG2	28756589	28757362	773
LG2	28757409	28758074	665
LG2	28758232	28758532	300
LG2	28758668	28759537	869
LG2	28759906	28761169	1263
LG2	28761582	28761672	90
LG2	28761737	28762625	888
LG2	28762724	28763112	388
LG2	28763235	28763701	466
LG2	28764774	28766048	1274
LG2	28766096	28766701	605
LG2	28766837	28767076	239
LG2	28767085	28768742	1657
LG2	28769266	28769666	400
LG2	28769726	28771862	2136
LG2	28771893	28772222	329
LG2	28772988	28774163	1175
LG2	28774247	28776832	2585
LG2	28777001	28777473	472
LG2	28777552	28778378	826
LG2	28778731	28779056	325
LG2	28779184	28779741	557
LG2	28779827	28780651	824
LG2	28781661	28782305	644
LG2	28783292	28783379	87
LG2	28792731	28794321	1590
LG2	28794606	28794681	75
LG2	28794719	28797569	2850
LG2	28798990	28799242	252
LG2	28799268	28800017	749
LG2	28800361	28801475	1114
LG2	28801713	28803927	2214
LG2	28803953	28804095	142
LG2	28804781	28806151	1370
LG2	28806260	28806614	354
LG2	28806636	28807121	485
LG2	28809572	28809724	152
LG2	28809848	28810527	679
LG2	28810578	28811983	1405
LG2	28812058	28812403	345
LG2	28812481	28812980	499
LG2	28817069	28817570	501
LG2	28817646	28819371	1725
LG2	28819402	28819719	317
LG2	28819729	28820892	1163
LG2	28820931	28823615	2684
LG2	28826384	28826720	336
LG2	28826797	28827320	523
LG2	28827542	28828677	1135
LG2	28831187	28831353	166
LG2	28831359	28832467	1108
LG2	28833463	28834400	937
LG2	28835614	28837311	1697
LG2	28840255	28841122	867
LG2	28841506	28842151	645
LG2	28842363	28843137	774
LG2	28844913	28846626	1713
LG2	28846646	28846882	236
LG2	28847397	28848547	1150
LG2	28850491	28850841	350
LG2	28852495	28853271	776
LG2	28853391	28853716	325
LG2	28854407	28855013	606
LG2	28855201	28855519	318
LG2	28855912	28856088	176
LG2	28856614	28866269	9655
LG2	28866306	28866823	517
LG2	28867172	28867356	184
LG2	28868494	28868768	274
LG2	28868889	28869930	1041
LG2	28871517	28872229	712
LG2	28872349	28872817	468
LG2	28872843	28873711	868
LG2	28873779	28878042	4263
LG2	28878121	28878837	716
LG2	28878900	28879194	294
LG2	28879255	28881057	1802
LG2	28881355	28881974	619
LG2	28883100	28883691	591
LG2	28883710	28886789	3079
LG2	28887673	28888407	734
LG2	28891048	28891889	841
LG2	28894065	28896184	2119
LG2	28896233	28897506	1273
LG2	28901124	28901973	849
LG2	28902187	28902391	204
LG2	28902477	28903477	1000
LG2	28903728	28904973	1245
LG2	28906804	28907269	465
LG2	28907757	28907974	217
LG2	28908091	28909177	1086
LG2	28909760	28912349	2589
LG2	28912822	28912975	153
LG2	28914676	28914937	261
LG2	28916704	28917767	1063
LG2	28917793	28920051	2258
LG2	28923575	28923775	200
LG2	28924256	28924457	201
LG2	28925277	28925691	414
LG2	28925717	28926028	311
LG2	28927113	28927541	428
LG2	28928130	28928385	255
LG2	28928403	28928569	166
LG2	28928624	28929230	606
LG2	28930085	28930364	279
LG2	28930506	28934591	4085
LG2	28934634	28935266	632
LG2	28935294	28935392	98
LG2	28935506	28935513	7
LG2	28935631	28936312	681
LG2	28936346	28939092	2746
LG2	28939238	28939292	54
LG2	28939848	28941494	1646
LG2	28941593	28941628	35
LG2	28941713	28942046	333
LG2	28943529	28944338	809
LG2	28944484	28945443	959
LG2	28945679	28947586	1907
LG2	28947954	28950814	2860
LG2	28950983	28953376	2393
LG2	28953590	28953721	131
LG2	28953856	28954924	1068
LG2	28956350	28956475	125
LG2	28956476	28956523	47
LG2	28959073	28959576	503
LG2	28959644	28959739	95
LG2	28959900	28960386	486
LG2	28960418	28960828	410
LG2	28961083	28963113	2030
LG2	28963221	28963864	643
LG2	28963921	28964138	217
LG2	28964655	28964798	143
LG2	28965537	28965946	409
LG2	28966075	28966246	171
LG2	28966296	28967636	1340
LG2	28968781	28969507	726
LG2	28969577	28970919	1342
LG2	28972981	28973652	671
LG2	28974044	28974175	131
LG2	28974186	28976274	2088
LG2	28976321	28976579	258
LG2	28978984	28981583	2599
LG2	28983652	28984955	1303
LG2	28987315	28989523	2208
LG2	28991033	28991271	238
LG2	28991764	28992964	1200
LG2	28993340	28993580	240
LG2	28994647	28996186	1539
LG2	28996257	29000435	4178
LG2	29000436	29001052	616
LG2	29001234	29001587	353
LG2	29002108	29005323	3215
LG2	29005396	29011033	5637
LG2	29011098	29011794	696
LG2	29011835	29013481	1646
LG2	29013545	29014224	679
LG2	29016027	29016224	197
LG2	29016716	29019208	2492
LG2	29021382	29021855	473
LG2	29026052	29026282	230
LG2	29026348	29026594	246
LG2	29026685	29027996	1311
LG2	29028022	29028028	6
LG2	29028159	29028434	275
LG2	29029315	29031494	2179
LG2	29031640	29031711	71
LG2	29031813	29035434	3621
LG2	29035550	29035620	70
LG2	29035712	29038266	2554
LG2	29038458	29038853	395
LG2	29038958	29039265	307
LG2	29041434	29042757	1323
LG2	29042800	29042930	130
LG2	29044203	29044484	281
LG2	29045383	29045521	138
LG2	29045555	29046243	688
LG2	29047632	29047841	209
LG2	29048760	29050332	1572
LG2	29053704	29054100	396
LG2	29056025	29056111	86
LG2	29060220	29060696	476
LG2	29061970	29062047	77
LG2	29062756	29063262	506
LG2	29064889	29065753	864
LG2	29068989	29069212	223
LG2	29070667	29071729	1062
LG2	29071735	29071911	176
LG2	29072646	29073326	680
LG2	29073354	29074289	935
LG2	29078403	29078609	206
LG2	29078722	29078938	216
LG2	29082715	29083400	685
LG2	29090143	29090591	448
LG2	29090618	29091485	867
LG2	29091557	29091815	258
LG2	29092395	29094969	2574
LG2	29098961	29099415	454
LG2	29099555	29100106	551
LG2	29100295	29100492	197
LG2	29100865	29101254	389
LG2	29104870	29105813	943
LG2	29107894	29110716	2822
LG2	29111937	29113479	1542
LG2	29114909	29115317	408
LG2	29116202	29117332	1130
LG2	29117521	29118940	1419
LG2	29120262	29121275	1013
LG2	29121684	29121882	198
LG2	29122742	29123101	359
LG2	29123143	29123365	222
LG2	29124128	29125383	1255
LG2	29127050	29127943	893
LG2	29128342	29128991	649
LG2	29130306	29131170	864
LG2	29132685	29132756	71
LG2	29133606	29134057	451
LG2	29135899	29136288	389
LG2	29136293	29136645	352
LG2	29137356	29138126	770
LG2	29138189	29138223	34
LG2	29138346	29138609	263
LG2	29139811	29140247	436
LG2	29141512	29142528	1016
LG2	29142588	29148303	5715
LG2	29148927	29149995	1068
LG2	29150492	29150819	327
LG2	29151111	29152006	895
LG2	29152290	29153101	811
LG2	29154088	29154227	139
LG2	29154305	29154463	158
LG2	29155588	29157182	1594
LG2	29157851	29158019	168
LG2	29158182	29158811	629
LG2	29158917	29159428	511
LG2	29159613	29159913	300
LG2	29161234	29161847	613
LG2	29161940	29162010	70
LG2	29162114	29162353	239
LG2	29162576	29162757	181
LG2	29163019	29163489	470
LG2	29163693	29163901	208
LG2	29163903	29165193	1290
LG2	29165196	29165826	630
LG2	29166000	29166337	337
LG2	29167328	29168011	683
LG2	29168091	29168588	497
LG2	29169407	29169838	431
LG2	29170565	29170920	355
LG2	29171687	29171760	73
LG2	29171771	29172028	257
LG2	29172244	29172764	520
LG2	29176007	29176801	794
LG2	29177604	29178363	759
LG2	29178510	29178987	477
LG2	29179053	29180572	1519
LG2	29180694	29181317	623
LG2	29181950	29182336	386
LG2	29182458	29182707	249
LG2	29182819	29183703	884
LG2	29184086	29186996	2910
LG2	29187290	29187877	587
LG2	29188072	29189929	1857
LG2	29191110	29191865	755
LG2	29194380	29195317	937
LG2	29197321	29198927	1606
LG2	29201687	29202369	682
LG2	29202508	29202531	23
LG2	29202664	29204446	1782
LG2	29207194	29207871	677
LG2	29207982	29208124	142
LG2	29208128	29208326	198
LG2	29208441	29208503	62
LG2	29210769	29212317	1548
LG2	29212490	29214434	1944
LG2	29214453	29214759	306
LG2	29216517	29216708	191
LG2	29216851	29217495	644
LG2	29217628	29219615	1987
LG2	29219634	29220730	1096
LG2	29222466	29222645	179
LG2	29224755	29226930	2175
LG2	29227349	29229574	2225
LG2	29229585	29230650	1065
LG2	29230840	29231201	361
LG2	29234789	29234960	171
LG2	29235364	29235646	282
LG2	29235934	29236309	375
LG2	29238276	29238989	713
LG2	29239156	29241095	1939
LG2	29243339	29245532	2193
LG2	29245538	29245718	180
LG2	29246254	29246366	112
LG2	29246516	29246975	459
LG2	29248680	29249160	480
LG2	29249162	29250557	1395
LG2	29251626	29254156	2530
LG2	29254991	29256304	1313
LG2	29257158	29257433	275
LG2	29257786	29258635	849
LG2	29259122	29259413	291
LG2	29259556	29260796	1240
LG2	29263211	29263692	481
LG2	29263728	29265370	1642
LG2	29266871	29267588	717
LG2	29270167	29271943	1776
LG2	29272201	29272441	240
LG2	29276335	29277014	679
LG2	29279349	29280926	1577
LG2	29285694	29285772	78
LG2	29288242	29290714	2472
LG2	29292179	29292339	160
LG2	29292368	29293118	750
LG2	29293127	29293611	484
LG2	29295929	29296046	117
LG2	29296080	29296377	297
LG2	29297384	29298006	622
LG2	29298092	29298342	250
LG2	29301564	29301654	90
LG2	29302309	29302653	344
LG2	29302984	29303727	743
LG2	29304960	29305271	311
LG2	29307643	29307798	155
LG2	29308089	29308184	95
LG2	29308670	29308711	41
LG2	29309522	29310464	942
LG2	29312264	29312341	77
LG2	29313207	29313535	328
LG2	29313583	29314094	511
LG2	29316839	29317071	232
LG2	29317179	29317876	697
LG2	29318742	29321350	2608
LG2	29321874	29322125	251
LG2	29322202	29322270	68
LG2	29323157	29323340	183
LG2	29326663	29328076	1413
LG2	29328179	29328335	156
LG2	29328456	29328659	203
LG2	29331290	29331497	207
LG2	29332418	29333536	1118
LG2	29333576	29334479	903
LG2	29335330	29336648	1318
LG2	29337946	29338054	108
LG2	29339271	29340364	1093
LG2	29343366	29343431	65
LG2	29344188	29345005	817
LG2	29345202	29345526	324
LG2	29347215	29347609	394
LG2	29348846	29349148	302
LG2	29349276	29349387	111
LG2	29350491	29350970	479
LG2	29351167	29351957	790
LG2	29352284	29352504	220
LG2	29352686	29353285	599
LG2	29354398	29355442	1044
LG2	29357618	29357737	119
LG2	29358560	29359166	606
LG2	29359202	29359781	579
LG2	29359969	29361558	1589
LG2	29361561	29364881	3320
LG2	29364924	29366555	1631
LG2	29367691	29370197	2506
LG2	29370259	29370520	261
LG2	29371048	29371290	242
LG2	29371994	29374499	2505
LG2	29376946	29377102	156
LG2	29377160	29377679	519
LG2	29377806	29378290	484
LG2	29378806	29379291	485
LG2	29382494	29383904	1410
LG2	29386362	29386597	235
LG2	29388585	29390134	1549
LG2	29390161	29392728	2567
LG2	29394162	29394583	421
LG2	29395918	29396638	720
LG2	29396645	29396815	170
LG2	29397062	29397183	121
LG2	29397195	29397290	95
LG2	29397318	29397657	339
LG2	29397737	29398745	1008
LG2	29398894	29401316	2422
LG2	29402540	29403710	1170
LG2	29405456	29406427	971
LG2	29406437	29406807	370
LG2	29407125	29409228	2103
LG2	29409398	29409506	108
LG2	29411903	29414069	2166
LG2	29415431	29416177	746
LG2	29417782	29417976	194
LG2	29418147	29418678	531
LG2	29418751	29419882	1131
LG2	29421081	29423757	2676
LG2	29423793	29424330	537
LG2	29424363	29424984	621
LG2	29424987	29427263	2276
LG2	29427341	29427706	365
LG2	29428062	29428836	774
LG2	29431083	29431358	275
LG2	29433782	29434727	945
LG2	29435312	29438311	2999
LG2	29438878	29440061	1183
LG2	29440086	29441286	1200
LG2	29441338	29442771	1433
LG2	29444383	29447205	2822
LG2	29448389	29448636	247
LG2	29448858	29449031	173
LG2	29449136	29449476	340
LG2	29450293	29452054	1761
LG2	29452249	29452497	248
LG2	29452940	29453821	881
LG2	29453999	29454632	633
LG2	29455661	29456293	632
LG2	29456544	29456614	70
LG2	29456708	29458105	1397
LG2	29458137	29458321	184
LG2	29459769	29468500	8731
LG2	29468554	29469099	545
LG2	29469136	29469403	267
LG2	29469418	29470767	1349
LG2	29471667	29472586	919
LG2	29472663	29474433	1770
LG2	29475599	29477005	1406
LG2	29477188	29477230	42
LG2	29477756	29478470	714
LG2	29479590	29480027	437
LG2	29480298	29480856	558
LG2	29480921	29481146	225
LG2	29482009	29482747	738
LG2	29483871	29484055	184
LG2	29486216	29487375	1159
LG2	29487733	29488989	1256
LG2	29491020	29491228	208
LG2	29491406	29492913	1507
LG2	29494872	29495057	185
LG2	29495731	29495866	135
LG2	29496065	29500540	4475
LG2	29500665	29501983	1318
LG2	29502180	29502412	232
LG2	29502440	29502642	202
LG2	29503573	29503804	231
LG2	29504501	29505355	854
LG2	29505434	29505463	29
LG2	29505592	29505947	355
LG2	29505950	29506479	529
LG2	29506544	29506952	408
LG2	29508436	29508654	218
LG2	29510218	29510473	255
LG2	29511514	29511987	473
LG2	29512413	29513545	1132
LG2	29516116	29516469	353
LG2	29521075	29521288	213
LG2	29521693	29521941	248
LG2	29523220	29523339	119
LG2	29526754	29527235	481
LG2	29530308	29530641	333
LG2	29530705	29531298	593
LG2	29531383	29531428	45
LG2	29531566	29532175	609
LG2	29532703	29534931	2228
LG2	29538813	29538916	103
LG2	29538968	29540009	1041
LG2	29540107	29540478	371
LG2	29541620	29542214	594
LG2	29543143	29543253	110
LG2	29543906	29544285	379
LG2	29544706	29545605	899
LG2	29545940	29546105	165
LG2	29547476	29548491	1015
LG2	29548635	29548793	158
LG2	29549189	29549494	305
LG2	29550667	29551174	507
LG2	29552589	29553544	955
LG2	29554432	29556322	1890
LG2	29556367	29557743	1376
LG2	29561349	29561503	154
LG2	29564106	29564342	236
LG2	29564590	29564725	135
LG2	29565363	29565554	191
LG2	29565601	29565666	65
LG2	29567147	29567540	393
LG2	29568818	29568969	151
LG2	29571020	29571408	388
LG2	29571701	29572275	574
LG2	29572441	29576360	3919
LG2	29576572	29577740	1168
LG2	29577818	29578182	364
LG2	29579806	29580684	878
LG2	29580779	29584576	3797
LG2	29585197	29585737	540
LG2	29588444	29588993	549
LG2	29589111	29593783	4672
LG2	29593918	29595930	2012
LG2	29595940	29596808	868
LG2	29596925	29598014	1089
LG2	29598661	29599695	1034
LG2	29600186	29601678	1492
LG2	29601889	29601972	83
LG2	29602212	29602360	148
LG2	29602939	29603907	968
LG2	29607552	29608667	1115
LG2	29610272	29612571	2299
LG2	29613737	29616031	2294
LG2	29621099	29621692	593
LG2	29623760	29625146	1386
LG2	29627935	29628570	635
LG2	29628781	29629171	390
LG2	29629174	29629560	386
LG2	29633270	29635318	2048
LG2	29635489	29635739	250
LG2	29635966	29637574	1608
LG2	29637674	29638157	483
LG2	29638447	29639078	631
LG2	29639277	29639366	89
LG2	29640172	29640657	485
LG2	29640809	29640966	157
LG2	29643708	29647054	3346
LG2	29647096	29648117	1021
LG2	29648220	29649163	943
LG2	29649293	29650541	1248
LG2	29651809	29652171	362
LG2	29652600	29652814	214
LG2	29652941	29653943	1002
LG2	29654208	29655012	804
LG2	29657696	29657958	262
LG2	29660143	29660572	429
LG2	29660781	29661324	543
LG2	29661598	29661723	125
LG2	29661951	29662887	936
LG2	29663049	29663472	423
LG2	29664126	29665223	1097
LG2	29665313	29665763	450
LG2	29666896	29667956	1060
LG2	29669040	29669869	829
LG2	29670735	29672942	2207
LG2	29675116	29676209	1093
LG2	29676482	29678922	2440
LG2	29679417	29679629	212
LG2	29680180	29681648	1468
LG2	29681652	29684161	2509
LG2	29684328	29684402	74
LG2	29684623	29685559	936
LG2	29685685	29687602	1917
LG2	29687679	29691052	3373
LG2	29692247	29693511	1264
LG2	29693747	29693784	37
LG2	29693796	29693858	62
LG2	29694162	29695967	1805
LG2	29696215	29696416	201
LG2	29696699	29699381	2682
LG2	29700634	29702714	2080
LG2	29703978	29707052	3074
LG2	29707999	29708702	703
LG2	29710466	29710698	232
LG2	29710718	29711281	563
LG2	29711305	29711416	111
LG2	29711476	29712667	1191
LG2	29712722	29713129	407
LG2	29713171	29713994	823
LG2	29714753	29715816	1063
LG2	29715849	29716553	704
LG2	29716774	29717758	984
LG2	29718295	29718418	123
LG2	29718475	29718628	153
LG2	29719101	29719951	850
LG2	29719971	29720174	203
LG2	29720640	29721107	467
LG2	29722562	29724192	1630
LG2	29724783	29724871	88
LG2	29725002	29725591	589
LG2	29725711	29725820	109
LG2	29727222	29727838	616
LG2	29729377	29729439	62
LG2	29729855	29730928	1073
LG2	29732808	29732955	147
LG2	29733154	29733350	196
LG2	29734501	29736687	2186
LG2	29737025	29737635	610
LG2	29737785	29739242	1457
LG2	29740389	29742901	2512
LG2	29742930	29743418	488
LG2	29743442	29743727	285
LG2	29744014	29746094	2080
LG2	29746236	29747301	1065
LG2	29747325	29747774	449
LG2	29748413	29749033	620
LG2	29749102	29749315	213
LG2	29749628	29749973	345
LG2	29750140	29750684	544
LG2	29751052	29751414	362
LG2	29752069	29752899	830
LG2	29754521	29764755	10234
LG2	29766393	29768940	2547
LG2	29768944	29769872	928
LG2	29773829	29779052	5223
LG2	29779091	29784475	5384
LG2	29784693	29786135	1442
LG2	29786328	29786410	82
LG2	29786428	29799708	13280
LG2	29800620	29803342	2722
LG2	29804279	29804343	64
LG2	29805245	29807877	2632
LG2	29808226	29812150	3924
LG2	29812160	29830446	18286
LG2	29830453	29836608	6155
LG2	29836647	29837760	1113
LG2	29843144	29843338	194
LG2	29843829	29844152	323
LG2	29846426	29848210	1784
LG2	29851650	29851866	216
LG2	29855779	29856596	817
LG2	29861133	29862871	1738
LG2	29863016	29863153	137
LG2	29863659	29864303	644
LG2	29873001	29873117	116
LG2	29873223	29873692	469
LG2	29882740	29882943	203
LG2	29882990	29883297	307
LG2	29883456	29884287	831
LG2	29884382	29884433	51
LG2	29884454	29884479	25
LG2	29884706	29885039	333
LG2	29885236	29885447	211
LG2	29885539	29886418	879
LG2	29887762	29888379	617
LG2	29888546	29888982	436
LG2	29892903	29893333	430
LG2	29894140	29894977	837
LG2	29895549	29895779	230
LG2	29898016	29898455	439
LG2	29899049	29899339	290
LG2	29903097	29903256	159
LG2	29903394	29903751	357
LG2	29906816	29907128	312
LG2	29907403	29907810	407
LG2	29910601	29914113	3512
LG2	29914224	29916416	2192
LG2	29916825	29917588	763
LG2	29919989	29920513	524
LG2	29920630	29921136	506
LG2	29921324	29921645	321
LG2	29925874	29926884	1010
LG2	29931113	29932611	1498
LG2	29932787	29933071	284
LG2	29933159	29933546	387
LG2	29933760	29934206	446
LG2	29934397	29934975	578
LG2	29935069	29935948	879
LG2	29936230	29937160	930
LG2	29937266	29937915	649
LG2	29938012	29938119	107
LG2	29938133	29941260	3127
LG2	29941381	29942031	650
LG2	29942539	29944145	1606
LG2	29945725	29946212	487
LG2	29946252	29946648	396
LG2	29946746	29949291	2545
LG2	29951106	29951680	574
LG2	29952191	29954928	2737
LG2	29955303	29955403	100
LG2	29955729	29956542	813
LG2	29957991	29958068	77
LG2	29958975	29960814	1839
LG2	29961483	29962206	723
LG2	29962319	29962583	264
LG2	29964611	29967790	3179
LG2	29968156	29969605	1449
LG2	29969832	29971388	1556
LG2	29971637	29971784	147
LG2	29973788	29973886	98
LG2	29973933	29974439	506
LG2	29974635	29974931	296
LG2	29975793	29976392	599
LG2	29976622	29977709	1087
LG2	29977752	29978948	1196
LG2	29979694	29980164	470
LG2	29980762	29981183	421
LG2	29981622	29982857	1235
LG2	29982921	29983068	147
LG2	29983360	29984803	1443
LG2	29984879	29985230	351
LG2	29986891	29987917	1026
LG2	29988264	29988287	23
LG2	29988334	29988766	432
LG2	29989098	29991090	1992
LG2	29991112	29991424	312
LG2	29991426	29992048	622
LG2	29992585	29992797	212
LG2	29992839	29995128	2289
LG2	29995129	29995550	421
LG2	29995598	29996754	1156
LG2	29998680	29999063	383
LG2	29999164	30000250	1086
LG2	30000738	30001613	875
LG2	30001653	30002651	998
LG2	30004918	30005442	524
LG2	30005885	30007141	1256
LG2	30011022	30011793	771
LG2	30012002	30012179	177
LG2	30013370	30015145	1775
LG2	30015329	30016410	1081
LG2	30016464	30017194	730
LG2	30017352	30017883	531
LG2	30017901	30018953	1052
LG2	30018981	30019277	296
LG2	30019336	30020487	1151
LG2	30020604	30020805	201
LG2	30020846	30021086	240
LG2	30021854	30022901	1047
LG2	30023314	30024084	770
LG2	30024229	30024496	267
LG2	30024623	30025108	485
LG2	30025729	30026329	600
LG2	30027339	30027925	586
LG2	30028236	30028517	281
LG2	30028818	30029288	470
LG2	30029325	30029593	268
LG2	30031016	30031478	462
LG2	30031551	30034927	3376
LG2	30035187	30035815	628
LG2	30036307	30037691	1384
LG2	30039250	30039558	308
LG2	30039628	30039792	164
LG2	30041108	30041469	361
LG2	30041532	30041590	58
LG2	30041607	30043065	1458
LG2	30043139	30043684	545
LG2	30045084	30045328	244
LG2	30046800	30049488	2688
LG2	30049575	30049701	126
LG2	30049833	30052526	2693
LG2	30053278	30054931	1653
LG2	30055508	30057099	1591
LG2	30057172	30057652	480
LG2	30058145	30058423	278
LG2	30059214	30059990	776
LG2	30060217	30060932	715
LG2	30061194	30061364	170
LG2	30061503	30061599	96
LG2	30061752	30063625	1873
LG2	30063844	30063963	119
LG2	30064081	30065772	1691
LG2	30065841	30067216	1375
LG2	30067296	30067437	141
LG2	30067521	30068370	849
LG2	30068539	30068719	180
LG2	30071388	30073807	2419
LG2	30077302	30077528	226
LG2	30078482	30078697	215
LG2	30078777	30079695	918
LG2	30082062	30083453	1391
LG2	30085207	30085612	405
LG2	30086594	30086894	300
LG2	30086982	30087502	520
LG2	30087539	30089143	1604
LG2	30092621	30094171	1550
LG2	30096102	30097863	1761
LG2	30098722	30099333	611
LG2	30100759	30101415	656
LG2	30102041	30102928	887
LG2	30103299	30104430	1131
LG2	30104858	30105793	935
LG2	30107257	30107343	86
LG2	30107624	30107682	58
LG2	30108060	30109059	999
LG2	30110492	30111771	1279
LG2	30111807	30112214	407
LG2	30123636	30124268	632
LG2	30126241	30126685	444
LG2	30127496	30127733	237
LG2	30128104	30128423	319
LG2	30128500	30130146	1646
LG2	30130213	30130764	551
LG2	30132318	30133332	1014
LG2	30134494	30135455	961
LG2	30138292	30139232	940
LG2	30141393	30142363	970
LG2	30144469	30145797	1328
LG2	30147441	30147955	514
LG2	30148902	30150479	1577
LG2	30150704	30152423	1719
LG2	30152627	30153051	424
LG2	30155208	30155771	563
LG2	30156461	30156697	236
LG2	30156781	30157039	258
LG2	30159742	30160539	797
LG2	30162219	30163530	1311
LG2	30163846	30164208	362
LG2	30164337	30164804	467
LG2	30165537	30165660	123
LG2	30167474	30168142	668
LG2	30168473	30168556	83
LG2	30168686	30169581	895
LG2	30171384	30171547	163
LG2	30171646	30172710	1064
LG2	30174930	30175697	767
LG2	30175932	30178265	2333
LG2	30180855	30182537	1682
LG2	30183450	30184519	1069
LG2	30185992	30186097	105
LG2	30186194	30186648	454
LG2	30186660	30187510	850
LG2	30189692	30190536	844
LG2	30190748	30191377	629
LG2	30193619	30194800	1181
LG2	30196942	30199427	2485
LG2	30199750	30200934	1184
LG2	30200935	30201936	1001
LG2	30202036	30202189	153
LG2	30202482	30202858	376
LG2	30203034	30204727	1693
LG2	30208055	30209349	1294
LG2	30209658	30210024	366
LG2	30210718	30211447	729
LG2	30211527	30211856	329
LG2	30213699	30215217	1518
LG2	30215840	30216142	302
LG2	30216237	30217272	1035
LG2	30218164	30218746	582
LG2	30218771	30218899	128
LG2	30219105	30219177	72
LG2	30219775	30219936	161
LG2	30219977	30221899	1922
LG2	30223535	30223674	139
LG2	30223904	30225285	1381
LG2	30225562	30225893	331
LG2	30227037	30228726	1689
LG2	30229091	30229503	412
LG2	30229546	30231237	1691
LG2	30231378	30231896	518
LG2	30234998	30235466	468
LG2	30235645	30237105	1460
LG2	30237665	30238505	840
LG2	30238607	30238931	324
LG2	30239001	30239528	527
LG2	30239551	30240203	652
LG2	30241474	30242323	849
LG2	30242684	30243004	320
LG2	30243921	30246132	2211
LG2	30246488	30247127	639
LG2	30247832	30248729	897
LG2	30250817	30252034	1217
LG2	30253241	30255022	1781
LG2	30255240	30257553	2313
LG2	30259114	30259796	682
LG2	30261022	30261627	605
LG2	30264071	30264655	584
LG2	30264898	30267937	3039
LG2	30268938	30270839	1901
LG2	30273066	30274125	1059
LG2	30276289	30277030	741
LG2	30278770	30280574	1804
LG2	30280582	30280587	5
LG2	30281397	30282760	1363
LG2	30283217	30284164	947
LG2	30284175	30284777	602
LG2	30284810	30285772	962
LG2	30288129	30289734	1605
LG2	30289757	30289824	67
LG2	30290534	30293278	2744
LG2	30293849	30293973	124
LG2	30294268	30296104	1836
LG2	30296354	30296779	425
LG2	30297327	30298059	732
LG2	30299322	30300069	747
LG2	30300266	30300502	236
LG2	30301454	30301636	182
LG2	30302706	30303284	578
LG2	30304556	30304606	50
LG2	30304620	30305870	1250
LG2	30306683	30306851	168
LG2	30307683	30308516	833
LG2	30310965	30311912	947
LG2	30311989	30312534	545
LG2	30313112	30314261	1149
LG2	30314436	30314934	498
LG2	30315090	30315341	251
LG2	30315367	30315977	610
LG2	30317926	30318485	559
LG2	30321424	30322637	1213
LG2	30325434	30326159	725
LG2	30326220	30326256	36
LG2	30326264	30326559	295
LG2	30327077	30327148	71
LG2	30327608	30328202	594
LG2	30329094	30330123	1029
LG2	30331738	30331840	102
LG2	30333207	30333951	744
LG2	30334383	30335772	1389
LG2	30336026	30336412	386
LG2	30338319	30338504	185
LG2	30338708	30339051	343
LG2	30339528	30340090	562
LG2	30340163	30341056	893
LG2	30342769	30343372	603
LG2	30343448	30343879	431
LG2	30344068	30344433	365
LG2	30344521	30345308	787
LG2	30345788	30346062	274
LG2	30346325	30346689	364
LG2	30346750	30348912	2162
LG2	30351604	30353485	1881
LG2	30353581	30354918	1337
LG2	30355979	30357483	1504
LG2	30357579	30357637	58
LG2	30357986	30360866	2880
LG2	30360888	30362095	1207
LG2	30364966	30367093	2127
LG2	30370590	30371325	735
LG2	30371442	30372529	1087
LG2	30378817	30379781	964
LG2	30380482	30380812	330
LG2	30382452	30382503	51
LG2	30382754	30383157	403
LG2	30387670	30388250	580
LG2	30388805	30389336	531
LG2	30389676	30392411	2735
LG2	30393406	30394248	842
LG2	30394264	30394576	312
LG2	30395465	30397704	2239
LG2	30397749	30399318	1569
LG2	30400862	30401006	144
LG2	30402501	30404168	1667
LG2	30404186	30404917	731
LG2	30404949	30405013	64
LG2	30405130	30405743	613
LG2	30406746	30407342	596
LG2	30407397	30411500	4103
LG2	30415155	30416127	972
LG2	30418052	30419387	1335
LG2	30419451	30419955	504
LG2	30422261	30422466	205
LG2	30422529	30424502	1973
LG2	30424976	30425512	536
LG2	30425967	30426975	1008
LG2	30427057	30428781	1724
LG2	30430987	30431445	458
LG2	30433634	30435161	1527
LG2	30437075	30437335	260
LG2	30437430	30437653	223
LG2	30438978	30439862	884
LG2	30447716	30447906	190
LG2	30447940	30448462	522
LG2	30448573	30449024	451
LG2	30451133	30455414	4281
LG2	30455994	30456918	924
LG2	30457683	30458789	1106
LG2	30460557	30461082	525
LG2	30462385	30464001	1616
LG2	30464687	30465580	893
LG2	30465589	30469296	3707
LG2	30470733	30470924	191
LG2	30470936	30470960	24
LG2	30471377	30472621	1244
LG2	30473957	30475727	1770
LG2	30476673	30476812	139
LG2	30476893	30477740	847
LG2	30478043	30478593	550
LG2	30478647	30479185	538
LG2	30479370	30479904	534
LG2	30480669	30481325	656
LG2	30488105	30488898	793
LG2	30489035	30489206	171
LG2	30489409	30489535	126
LG2	30489680	30490815	1135
LG2	30493871	30494387	516
LG2	30494394	30498458	4064
LG2	30499345	30499416	71
LG2	30499517	30501358	1841
LG2	30501673	30502708	1035
LG2	30502825	30503027	202
LG2	30503355	30503981	626
LG2	30504092	30504241	149
LG2	30506267	30507068	801
LG2	30508178	30510722	2544
LG2	30511284	30513199	1915
LG2	30513287	30513741	454
LG2	30514972	30517865	2893
LG2	30519460	30521258	1798
LG2	30523904	30525482	1578
LG2	30529581	30530924	1343
LG2	30530972	30531767	795
LG2	30532476	30533444	968
LG2	30535006	30536346	1340
LG2	30537301	30538221	920
LG2	30538512	30539059	547
LG2	30541422	30542297	875
LG2	30542415	30543863	1448
LG2	30544398	30545149	751
LG2	30546497	30546882	385
LG2	30548415	30549003	588
LG2	30551255	30551772	517
LG2	30552725	30553930	1205
LG2	30553933	30556471	2538
LG2	30559674	30560008	334
LG2	30560222	30560422	200
LG2	30562751	30563089	338
LG2	30563807	30564615	808
LG2	30564760	30565656	896
LG2	30568004	30568621	617
LG2	30568696	30568936	240
LG2	30572410	30573453	1043
LG2	30574587	30575914	1327
LG2	30577184	30577670	486
LG2	30577736	30578155	419
LG2	30579137	30579181	44
LG2	30579193	30579669	476
LG2	30581971	30582469	498
LG2	30582481	30585947	3466
LG2	30586895	30587068	173
LG2	30587070	30590508	3438
LG2	30595842	30596990	1148
LG2	30600473	30601611	1138
LG2	30601683	30602154	471
LG2	30602378	30604240	1862
LG2	30605648	30606321	673
LG2	30607314	30610553	3239
LG2	30612599	30613206	607
LG2	30613845	30615998	2153
LG2	30617025	30617211	186
LG2	30617254	30617758	504
LG2	30625482	30626937	1455
LG2	30627001	30627107	106
LG2	30628715	30629131	416
LG2	30633310	30633631	321
LG2	30634506	30634778	272
LG2	30635231	30635303	72
LG2	30635621	30635997	376
LG2	30636529	30636874	345
LG2	30637649	30637810	161
LG2	30637831	30637919	88
LG2	30637972	30638020	48
LG2	30638293	30638693	400
LG2	30638841	30640121	1280
LG2	30641784	30644936	3152
LG2	30645526	30645660	134
LG2	30647036	30647617	581
LG2	30647693	30647706	13
LG2	30648157	30648761	604
LG2	30649899	30649963	64
LG2	30651709	30652414	705
LG2	30653636	30654799	1163
LG2	30655059	30657368	2309
LG2	30658037	30659422	1385
LG2	30661416	30662093	677
LG2	30662620	30663067	447
LG2	30663096	30663505	409
LG2	30664694	30667050	2356
LG2	30668536	30668666	130
LG2	30669644	30669993	349
LG2	30670075	30670402	327
LG2	30670452	30670483	31
LG2	30670499	30671100	601
LG2	30671157	30674126	2969
LG2	30674137	30674235	98
LG2	30674714	30675511	797
LG2	30676921	30677798	877
LG2	30678050	30678551	501
LG2	30679458	30679605	147
LG2	30683557	30685615	2058
LG2	30687506	30689250	1744
LG2	30690306	30695564	5258
LG2	30695650	30696545	895
LG2	30696899	30697585	686
LG2	30697700	30698273	573
LG2	30698825	30699339	514
LG2	30700167	30701566	1399
LG2	30703194	30703945	751
LG2	30703978	30704131	153
LG2	30705709	30706114	405
LG2	30706327	30709382	3055
LG2	30710066	30710161	95
LG2	30710472	30711448	976
LG2	30713316	30713446	130
LG2	30715362	30718357	2995
LG2	30718491	30720172	1681
LG2	30720561	30721039	478
LG2	30722894	30723962	1068
LG2	30724068	30725115	1047
LG2	30725124	30730185	5061
LG2	30730442	30731910	1468
LG2	30733209	30734038	829
LG2	30734230	30736261	2031
LG2	30736912	30738398	1486
LG2	30738715	30739251	536
LG2	30739509	30740231	722
LG2	30741285	30742410	1125
LG2	30742619	30742717	98
LG2	30743499	30744226	727
LG2	30744608	30744726	118
LG2	30744978	30746848	1870
LG2	30748587	30748880	293
LG2	30749106	30750296	1190
LG2	30750778	30752344	1566
LG2	30756196	30756555	359
LG2	30758584	30759615	1031
LG2	30760325	30760626	301
LG2	30760712	30761171	459
LG2	30763975	30769014	5039
LG2	30770534	30773005	2471
LG2	30773106	30773529	423
LG2	30773578	30773813	235
LG2	30775176	30775614	438
LG2	30775860	30776234	374
LG2	30776243	30776539	296
LG2	30776565	30776825	260
LG2	30779248	30780897	1649
LG2	30781365	30782206	841
LG2	30783578	30785754	2176
LG2	30786375	30788409	2034
LG2	30788410	30788929	519
LG2	30791468	30792078	610
LG2	30792215	30795170	2955
LG2	30795320	30795568	248
LG2	30795674	30796015	341
LG2	30796156	30799487	3331
LG2	30799830	30803171	3341
LG2	30803268	30803577	309
LG2	30803678	30804664	986
LG2	30804682	30805499	817
LG2	30805711	30806004	293
LG2	30806133	30808348	2215
LG2	30809030	30809684	654
LG2	30809758	30810555	797
LG2	30810675	30813091	2416
LG2	30814842	30815540	698
LG2	30815605	30817418	1813
LG2	30820092	30820177	85
LG2	30820452	30820573	121
LG2	30820748	30820864	116
LG2	30821519	30821706	187
LG2	30821713	30821806	93
LG2	30822457	30822604	147
LG2	30822668	30822800	132
LG2	30824182	30824616	434
LG2	30824632	30825198	566
LG2	30825315	30826577	1262
LG2	30826708	30826934	226
LG2	30829615	30830766	1151
LG2	30830783	30831815	1032
LG2	30831864	30833448	1584
LG2	30833906	30834266	360
LG2	30834639	30835493	854
LG2	30835501	30838898	3397
LG2	30839016	30839747	731
LG2	30839830	30840217	387
LG2	30840740	30841917	1177
LG2	30843022	30843277	255
LG2	30843391	30843920	529
LG2	30846230	30850124	3894
LG2	30850436	30850646	210
LG2	30850867	30854628	3761
LG2	30854660	30857507	2847
LG2	30857689	30859273	1584
LG2	30862578	30864813	2235
LG2	30865768	30867637	1869
LG2	30869488	30870786	1298
LG2	30870927	30872393	1466
LG2	30872483	30874795	2312
LG2	30875270	30875814	544
LG2	30875821	30880845	5024
LG2	30881192	30883296	2104
LG2	30883378	30883570	192
LG2	30883588	30887671	4083
LG2	30888029	30888167	138
LG2	30888286	30888717	431
LG2	30890090	30894086	3996
LG2	30894489	30894866	377
LG2	30894939	30895871	932
LG2	30895937	30897632	1695
LG2	30897787	30900672	2885
LG2	30900731	30901392	661
LG2	30901689	30905991	4302
LG2	30906078	30907854	1776
LG2	30909308	30909622	314
LG2	30909660	30911143	1483
LG2	30911216	30911902	686
LG2	30911951	30912290	339
LG2	30912379	30915460	3081
LG2	30918119	30918341	222
LG2	30918367	30918785	418
LG2	30918804	30920205	1401
LG2	30921479	30921853	374
LG2	30922080	30922910	830
LG2	30922996	30923720	724
LG2	30924024	30925259	1235
LG2	30926770	30927059	289
LG2	30928121	30928450	329
LG2	30928862	30929135	273
LG2	30929271	30929386	115
LG2	30930385	30930658	273
LG2	30931756	30932177	421
LG2	30932192	30932756	564
LG2	30933406	30934589	1183
LG2	30934840	30935543	703
LG2	30935671	30935794	123
LG2	30940465	30941108	643
LG2	30941129	30941307	178
LG2	30941352	30941496	144
LG2	30941741	30942305	564
LG2	30942359	30943493	1134
LG2	30943794	30944245	451
LG2	30944332	30944652	320
LG2	30945098	30945726	628
LG2	30945944	30946392	448
LG2	30946411	30946713	302
LG2	30948698	30948907	209
LG2	30948952	30950927	1975
LG2	30952877	30953724	847
LG2	30953765	30953890	125
LG2	30954025	30954230	205
LG2	30957823	30958116	293
LG2	30958272	30958748	476
LG2	30960533	30961016	483
LG2	30962447	30962536	89
LG2	30962689	30963056	367
LG2	30963104	30963686	582
LG2	30963763	30964123	360
LG2	30964564	30964626	62
LG2	30964684	30965441	757
LG2	30966061	30968705	2644
LG2	30968761	30969816	1055
LG2	30970875	30971093	218
LG2	30973175	30973279	104
LG2	30973287	30973639	352
LG2	30973671	30974578	907
LG2	30974628	30975273	645
LG2	30975572	30975822	250
LG2	30976065	30976722	657
LG2	30977047	30978240	1193
LG2	30978261	30979190	929
LG2	30980335	30980541	206
LG2	30980979	30981705	726
LG2	30981832	30981888	56
LG2	30981915	30981957	42
LG2	30982605	30982983	378
LG2	30983614	30984466	852
LG2	30984551	30985130	579
LG2	30985247	30985365	118
LG2	30985428	30986064	636
LG2	30986136	30988133	1997
LG2	30989075	30989777	702
LG2	30989778	30990368	590
LG2	30990392	30991006	614
LG2	30991100	30992150	1050
LG2	30992190	30992528	338
LG2	30992584	30996944	4360
LG2	30998417	31002571	4154
LG2	31002584	31005800	3216
LG2	31006746	31007842	1096
LG2	31008212	31011523	3311
LG2	31011542	31016908	5366
LG2	31017246	31018422	1176
LG2	31018429	31019835	1406
LG2	31019838	31025290	5452
LG2	31026218	31026420	202
LG2	31026991	31027122	131
LG2	31027647	31027707	60
LG2	31027812	31027919	107
LG2	31028027	31028091	64
LG2	31028395	31029755	1360
LG2	31029968	31031532	1564
LG2	31031594	31036585	4991
LG2	31036637	31037662	1025
LG2	31038368	31041717	3349
LG2	31041723	31046342	4619
LG2	31046356	31049562	3206
LG2	31050263	31054399	4136
LG2	31054520	31060137	5617
LG2	31060296	31062895	2599
LG2	31066161	31067309	1148
LG2	31067328	31070601	3273
LG2	31070625	31071932	1307
LG2	31071942	31072622	680
LG2	31074566	31079033	4467
LG2	31080800	31080871	71
LG2	31081004	31084295	3291
LG2	31085230	31090430	5200
LG2	31090442	31091631	1189
LG2	31091759	31093596	1837
LG2	31093656	31094089	433
LG2	31097579	31099135	1556
LG2	31099674	31102968	3294
LG2	31104704	31105806	1102
LG2	31109440	31109802	362
LG2	31110478	31112050	1572
LG2	31112179	31112380	201
LG2	31112710	31113491	781
LG2	31113676	31114603	927
LG2	31115187	31116113	926
LG2	31117487	31118931	1444
LG2	31124645	31125288	643
LG2	31126936	31129108	2172
LG2	31129685	31130012	327
LG2	31130114	31130481	367
LG2	31130561	31131032	471
LG2	31131765	31132348	583
LG2	31133016	31140087	7071
LG2	31142614	31143168	554
LG2	31145189	31145590	401
LG2	31145827	31145880	53
LG2	31146158	31146679	521
LG2	31146819	31147555	736
LG2	31149329	31150980	1651
LG2	31150985	31151402	417
LG2	31151863	31151987	124
LG2	31154114	31156064	1950
LG2	31156449	31156744	295
LG2	31156854	31162945	6091
LG2	31164394	31164577	183
LG2	31165816	31166713	897
LG2	31166719	31166880	161
LG2	31168874	31169906	1032
LG2	31170245	31170705	460
LG2	31170760	31171638	878
LG2	31171954	31172392	438
LG2	31172396	31173005	609
LG2	31173088	31174322	1234
LG2	31175442	31175980	538
LG2	31176001	31177042	1041
LG2	31177157	31177688	531
LG2	31177727	31177867	140
LG2	31178735	31182426	3691
LG2	31182448	31182527	79
LG2	31182584	31183004	420
LG2	31183173	31185024	1851
LG2	31185056	31185109	53
LG2	31185123	31186425	1302
LG2	31186722	31189523	2801
LG2	31191124	31192241	1117
LG2	31193240	31193449	209
LG2	31196769	31200557	3788
LG2	31200562	31200931	369
LG2	31201450	31202502	1052
LG2	31204592	31205211	619
LG2	31205850	31206759	909
LG2	31210123	31211532	1409
LG2	31211569	31211633	64
LG2	31214677	31215078	401
LG2	31215302	31217948	2646
LG2	31218960	31219135	175
LG2	31221353	31222703	1350
LG2	31225818	31225938	120
LG2	31228482	31230211	1729
LG2	31234572	31236288	1716
LG2	31236318	31236357	39
LG2	31236421	31238149	1728
LG2	31243994	31244612	618
LG2	31248406	31255663	7257
LG2	31255702	31256716	1014
LG2	31256741	31257558	817
LG2	31261998	31262783	785
LG2	31266930	31270345	3415
LG2	31272452	31272540	88
LG2	31272834	31273901	1067
LG2	31273914	31274245	331
LG2	31277915	31278286	371
LG2	31279032	31279380	348
LG2	31279385	31279463	78
LG2	31279513	31283148	3635
LG2	31283159	31284695	1536
LG2	31284919	31287424	2505
LG2	31287475	31288846	1371
LG2	31288911	31289404	493
LG2	31289881	31290131	250
LG2	31290320	31295174	4854
LG2	31297714	31300305	2591
LG2	31300324	31301676	1352
LG2	31302660	31304359	1699
LG2	31304462	31306674	2212
LG2	31309076	31310466	1390
LG2	31310675	31313685	3010
LG2	31313764	31315438	1674
LG2	31318075	31320636	2561
LG2	31320795	31321041	246
LG2	31321589	31322035	446
LG2	31322383	31325411	3028
LG2	31325425	31328010	2585
LG2	31328011	31328592	581
LG2	31330517	31332952	2435
LG2	31333068	31333259	191
LG2	31334921	31335116	195
LG2	31335143	31336765	1622
LG2	31339014	31340256	1242
LG2	31342011	31342269	258
LG2	31342346	31345465	3119
LG2	31345530	31345585	55
LG2	31345586	31345750	164
LG2	31345751	31346362	611
LG2	31346445	31347193	748
LG2	31348413	31349371	958
LG2	31349383	31350397	1014
LG2	31351408	31352246	838
LG2	31353453	31353838	385
LG2	31353878	31354634	756
LG2	31354937	31355252	315
LG2	31355330	31357130	1800
LG2	31358405	31358549	144
LG2	31361665	31361802	137
LG2	31362131	31362345	214
LG2	31362462	31362701	239
LG2	31362713	31363089	376
LG2	31363488	31366192	2704
LG2	31367344	31369912	2568
LG2	31369926	31370303	377
LG2	31371448	31374067	2619
LG2	31376088	31378544	2456
LG2	31379656	31380832	1176
LG2	31381378	31381774	396
LG2	31381864	31382769	905
LG2	31382826	31384503	1677
LG2	31384533	31385454	921
LG2	31385533	31385564	31
LG2	31385570	31386323	753
LG2	31386445	31386937	492
LG2	31388510	31389915	1405
LG2	31391522	31392304	782
LG2	31392324	31394530	2206
LG2	31394603	31395894	1291
LG2	31398995	31402455	3460
LG2	31402598	31403185	587
LG2	31404213	31404729	516
LG2	31406654	31407153	499
LG2	31407311	31408319	1008
LG2	31408355	31409542	1187
LG2	31412890	31413667	777
LG2	31414209	31415932	1723
LG2	31415955	31416259	304
LG2	31416795	31417649	854
LG2	31420207	31420272	65
LG2	31420989	31421330	341
LG2	31424079	31424321	242
LG2	31424407	31424707	300
LG2	31424872	31425166	294
LG2	31425727	31426590	863
LG2	31426655	31426767	112
LG2	31427298	31427300	2
LG2	31427302	31427414	112
LG2	31427878	31428324	446
LG2	31429021	31431371	2350
LG2	31431373	31431403	30
LG2	31432778	31433745	967
LG2	31436946	31442205	5259
LG2	31442218	31442454	236
LG2	31444056	31445262	1206
LG2	31445323	31445730	407
LG2	31447331	31448124	793
LG2	31448180	31448801	621
LG2	31450168	31451539	1371
LG2	31453268	31456037	2769
LG2	31456537	31459587	3050
LG2	31459832	31460606	774
LG2	31460609	31462467	1858
LG2	31462553	31463754	1201
LG2	31463805	31464636	831
LG2	31464707	31464805	98
LG2	31465079	31465403	324
LG2	31466243	31467789	1546
LG2	31469859	31472073	2214
LG2	31472177	31475171	2994
LG2	31475284	31475403	119
LG2	31475428	31476193	765
LG2	31477773	31477825	52
LG2	31477844	31479108	1264
LG2	31479329	31479930	601
LG2	31479960	31480019	59
LG2	31480103	31480182	79
LG2	31480210	31481932	1722
LG2	31482056	31483416	1360
LG2	31483615	31483755	140
LG2	31485945	31487488	1543
LG2	31489677	31490392	715
LG2	31492253	31492837	584
LG2	31493061	31493164	103
LG2	31493167	31493485	318
LG2	31495616	31495752	136
LG2	31496612	31497537	925
LG2	31497946	31498412	466
LG2	31499205	31502241	3036
LG2	31503760	31504062	302
LG2	31505934	31507971	2037
LG2	31509113	31510111	998
LG2	31510364	31510598	234
LG2	31510714	31510922	208
LG2	31511194	31511469	275
LG2	31514401	31515103	702
LG2	31517008	31517752	744
LG2	31520471	31521780	1309
LG2	31523159	31524059	900
LG2	31524069	31525433	1364
LG2	31526777	31526875	98
LG2	31526896	31528493	1597
LG2	31528602	31529212	610
LG2	31529405	31529678	273
LG2	31530807	31531207	400
LG2	31531774	31533651	1877
LG2	31533668	31533846	178
LG2	31535811	31537113	1302
LG2	31537438	31538094	656
LG2	31538107	31538163	56
LG2	31539397	31540148	751
LG2	31540433	31541217	784
LG2	31541641	31541827	186
LG2	31541968	31542192	224
LG2	31543402	31544552	1150
LG2	31544792	31544827	35
LG2	31546648	31547010	362
LG2	31547333	31547889	556
LG2	31549116	31550693	1577
LG2	31552649	31553262	613
LG2	31553511	31553653	142
LG2	31553680	31554524	844
LG2	31555846	31556821	975
LG2	31557722	31558450	728
LG2	31558525	31559338	813
LG2	31559858	31560304	446
LG2	31560820	31563198	2378
LG2	31564067	31564954	887
LG2	31566812	31568961	2149
LG2	31569030	31569589	559
LG2	31569778	31570224	446
LG2	31571335	31572157	822
LG2	31572904	31576792	3888
LG2	31579161	31580181	1020
LG2	31581304	31581387	83
LG2	31582115	31582272	157
LG2	31582374	31582660	286
LG2	31582665	31583754	1089
LG2	31584440	31584679	239
LG2	31584988	31585052	64
LG2	31585293	31586010	717
LG2	31586029	31586154	125
LG2	31586222	31586763	541
LG2	31589288	31590693	1405
LG2	31592260	31593638	1378
LG2	31594820	31596643	1823
LG2	31596831	31601897	5066
LG2	31601958	31602570	612
LG2	31602715	31602981	266
LG2	31603138	31603276	138
LG2	31603425	31603604	179
LG2	31603797	31603932	135
LG2	31604002	31604801	799
LG2	31604930	31607195	2265
LG2	31609486	31611127	1641
LG2	31612639	31612716	77
LG2	31614945	31616057	1112
LG2	31618004	31620567	2563
LG2	31620751	31620925	174
LG2	31621263	31621380	117
LG2	31622480	31622666	186
LG2	31622773	31623357	584
LG2	31626947	31627856	909
LG2	31629249	31629535	286
LG2	31632443	31632875	432
LG2	31635234	31636420	1186
LG2	31639481	31640559	1078
LG2	31641968	31642861	893
LG2	31644742	31646249	1507
LG2	31649234	31649955	721
LG2	31650072	31650535	463
LG2	31650547	31650671	124
LG2	31650684	31650871	187
LG2	31652968	31654241	1273
LG2	31655938	31657309	1371
LG2	31658522	31658630	108
LG2	31659076	31659418	342
LG2	31659483	31659917	434
LG2	31660162	31660295	133
LG2	31660337	31660884	547
LG2	31660916	31661546	630
LG2	31663237	31663588	351
LG2	31663695	31664413	718
LG2	31669024	31669757	733
LG2	31669826	31670178	352
LG2	31670338	31670460	122
LG2	31670636	31671225	589
LG2	31672425	31674035	1610
LG2	31674107	31674282	175
LG2	31676549	31677196	647
LG2	31677272	31678428	1156
LG2	31680302	31681212	910
LG2	31681435	31681520	85
LG2	31682978	31683531	553
LG2	31683604	31684083	479
LG2	31684316	31689720	5404
LG2	31689809	31690728	919
LG2	31690836	31691067	231
LG2	31691457	31692335	878
LG2	31692396	31692923	527
LG2	31693856	31696193	2337
LG2	31696194	31696384	190
LG2	31696422	31696711	289
LG2	31696832	31701797	4965
LG2	31701909	31705189	3280
LG2	31705395	31707452	2057
LG2	31707864	31708669	805
LG2	31708762	31708845	83
LG2	31709018	31709127	109
LG2	31711056	31711331	275
LG2	31711337	31711471	134
LG2	31711665	31712985	1320
LG2	31713389	31714128	739
LG2	31715484	31715630	146
LG2	31715783	31716844	1061
LG2	31716954	31718112	1158
LG2	31720417	31722575	2158
LG2	31722586	31723674	1088
LG2	31723786	31723999	213
LG2	31725382	31727412	2030
LG2	31727454	31728856	1402
LG2	31729053	31729094	41
LG2	31729265	31731206	1941
LG2	31731234	31731430	196
LG2	31733752	31735571	1819
LG2	31737675	31739073	1398
LG2	31739078	31739264	186
LG2	31739399	31739449	50
LG2	31739541	31740487	946
LG2	31741565	31744790	3225
LG2	31748288	31748342	54
LG2	31748487	31748677	190
LG2	31748733	31749222	489
LG2	31749599	31749970	371
LG2	31751353	31752597	1244
LG2	31752980	31753846	866
LG2	31753977	31754050	73
LG2	31754265	31754698	433
LG2	31755174	31755380	206
LG2	31757577	31758538	961
LG2	31758610	31759046	436
LG2	31759053	31759179	126
LG2	31759190	31760740	1550
LG2	31762054	31762826	772
LG2	31765353	31766821	1468
LG2	31766851	31767702	851
LG2	31770699	31771042	343
LG2	31771770	31772362	592
LG2	31773023	31773426	403
LG2	31775622	31776259	637
LG2	31776443	31777243	800
LG2	31783099	31783368	269
LG2	31783386	31783576	190
LG2	31785568	31786825	1257
LG2	31787097	31787461	364
LG2	31790253	31790396	143
LG2	31795720	31796356	636
LG2	31797384	31797491	107
LG2	31797978	31798146	168
LG2	31798793	31799040	247
LG2	31799523	31800845	1322
LG2	31800930	31801112	182
LG2	31802387	31802832	445
LG2	31808210	31808264	54
LG2	31818680	31819493	813
LG2	31819792	31820597	805
LG2	31830857	31831271	414
LG2	31831431	31832148	717
LG2	31836935	31837165	230
LG2	31838327	31838648	321
LG2	31839803	31840811	1008
LG2	31841762	31842451	689
LG2	31842593	31842964	371
LG2	31843251	31844036	785
LG2	31845888	31846144	256
LG2	31847371	31847527	156
LG2	31847632	31848868	1236
LG2	31848882	31849123	241
LG2	31850648	31851012	364
LG2	31851091	31851240	149
LG2	31854101	31854946	845
LG2	31856861	31857061	200
LG2	31860988	31861734	746
LG2	31862071	31862230	159
LG2	31863609	31864199	590
LG2	31864357	31865296	939
LG2	31865466	31865706	240
LG2	31865782	31866262	480
LG2	31866459	31866788	329
LG2	31866864	31867927	1063
LG2	31868171	31868433	262
LG2	31869039	31869175	136
LG2	31869519	31871469	1950
LG2	31871513	31871955	442
LG2	31872317	31874464	2147
LG2	31877283	31877800	517
LG2	31877981	31878833	852
LG2	31878952	31879726	774
LG2	31880051	31880202	151
LG2	31880403	31880770	367
LG2	31881290	31883277	1987
LG2	31883518	31883623	105
LG2	31884669	31885041	372
LG2	31885286	31885594	308
LG2	31885834	31885991	157
LG2	31886599	31886777	178
LG2	31887581	31888399	818
LG2	31888642	31889651	1009
LG2	31889869	31890068	199
LG2	31890308	31891099	791
LG2	31891214	31892025	811
LG2	31892076	31892335	259
LG2	31892423	31893034	611
LG2	31893528	31893861	333
LG2	31895441	31896077	636
LG2	31896161	31896519	358
LG2	31896678	31897029	351
LG2	31897485	31897736	251
LG2	31898249	31898407	158
LG2	31898765	31899386	621
LG2	31901041	31901581	540
LG2	31901872	31902836	964
LG2	31904483	31904862	379
LG2	31904888	31905249	361
LG2	31905397	31905953	556
LG2	31906485	31906910	425
LG2	31906981	31907203	222
LG2	31907339	31907863	524
LG2	31907912	31908160	248
LG2	31909010	31909116	106
LG2	31909481	31910450	969
LG2	31910511	31913262	2751
LG2	31913543	31914094	551
LG2	31914295	31915540	1245
LG2	31915601	31916864	1263
LG2	31916914	31917126	212
LG2	31917144	31917178	34
LG2	31920684	31921779	1095
LG2	31921846	31922286	440
LG2	31924243	31925008	765
LG2	31925232	31925524	292
LG2	31926833	31927765	932
LG2	31927917	31928476	559
LG2	31930319	31931424	1105
LG2	31931523	31931680	157
LG2	31932658	31933112	454
LG2	31933575	31934350	775
LG2	31936415	31937666	1251
LG2	31938488	31938613	125
LG2	31939571	31939768	197
LG2	31940716	31941195	479
LG2	31944736	31945436	700
LG2	31945499	31946234	735
LG2	31946250	31947632	1382
LG2	31947765	31947932	167
LG2	31948073	31948778	705
LG2	31949299	31949479	180
LG2	31949749	31949920	171
LG2	31949953	31950884	931
LG2	31950979	31951326	347
LG2	31952465	31952744	279
LG2	31952820	31953131	311
LG2	31953256	31953973	717
LG2	31955239	31955364	125
LG2	31955745	31956262	517
LG2	31956284	31956537	253
LG2	31956708	31958179	1471
LG2	31960425	31961678	1253
LG2	31961722	31961807	85
LG2	31962456	31963419	963
LG2	31963982	31963990	8
LG2	31964587	31965523	936
LG2	31966971	31968256	1285
LG2	31968277	31968611	334
LG2	31968624	31970455	1831
LG2	31970641	31970730	89
LG2	31971850	31973707	1857
LG2	31976965	31977545	580
LG2	31977550	31977752	202
LG2	31977927	31978347	420
LG2	31979612	31980404	792
LG2	31982305	31982526	221
LG2	31982620	31986598	3978
LG2	31986642	31988099	1457
LG2	31988518	31989770	1252
LG2	31990025	31990816	791
LG2	31992696	31993524	828
LG2	31993972	31994159	187
LG2	31996253	31997369	1116
LG2	31997588	31997775	187
LG2	31997944	31998459	515
LG2	32000040	32001981	1941
LG2	32006564	32007019	455
LG2	32009217	32010214	997
LG2	32011993	32012772	779
LG2	32014309	32015488	1179
LG2	32015679	32015919	240
LG2	32016116	32016284	168
LG2	32016451	32016805	354
LG2	32016917	32017162	245
LG2	32018841	32019917	1076
LG2	32020150	32020526	376
LG2	32022428	32022637	209
LG2	32023932	32024146	214
LG2	32024196	32024579	383
LG2	32024909	32024981	72
LG2	32026493	32027299	806
LG2	32027339	32027731	392
LG2	32027780	32027987	207
LG2	32028040	32028337	297
LG2	32028550	32028638	88
LG2	32029200	32030172	972
LG2	32030294	32030418	124
LG2	32031813	32032288	475
LG2	32033076	32033646	570
LG2	32034038	32034165	127
LG2	32036219	32036620	401
LG2	32036634	32037189	555
LG2	32037276	32037761	485
LG2	32038313	32038716	403
LG2	32038745	32039142	397
LG2	32039227	32039599	372
LG2	32039759	32040003	244
LG2	32040435	32040502	67
LG2	32040578	32040734	156
LG2	32040821	32041046	225
LG2	32041157	32041418	261
LG2	32041639	32041939	300
LG2	32044685	32045421	736
LG2	32045491	32045924	433
LG2	32049606	32051378	1772
LG2	32051831	32052987	1156
LG2	32053272	32053940	668
LG2	32053956	32054275	319
LG2	32054324	32054339	15
LG2	32054446	32055656	1210
LG2	32058578	32059536	958
LG2	32059674	32060385	711
LG2	32060750	32060955	205
LG2	32063614	32063728	114
LG2	32063835	32063991	156
LG2	32065293	32066013	720
LG2	32066351	32067581	1230
LG2	32067624	32067802	178
LG2	32067837	32068003	166
LG2	32070674	32071482	808
LG2	32073202	32073840	638
LG2	32074159	32074277	118
LG2	32075183	32075935	752
LG2	32076228	32076575	347
LG2	32078509	32078678	169
LG2	32078775	32079110	335
LG2	32083521	32084725	1204
LG2	32085873	32086703	830
LG2	32086885	32087295	410
LG2	32087579	32088392	813
LG2	32088621	32089297	676
LG2	32089524	32091476	1952
LG2	32093766	32096021	2255
LG2	32096710	32096834	124
LG2	32097790	32098060	270
LG2	32098463	32099070	607
LG2	32099113	32099285	172
LG2	32099538	32099669	131
LG2	32099868	32101104	1236
LG2	32101282	32102963	1681
LG2	32105078	32106171	1093
LG2	32106820	32107135	315
LG2	32108167	32110021	1854
LG2	32110190	32111246	1056
LG2	32112548	32112838	290
LG2	32112866	32113658	792
LG2	32113696	32115990	2294
LG2	32117749	32119231	1482
LG2	32120549	32121958	1409
LG2	32123432	32125632	2200
LG2	32125832	32126075	243
LG2	32129839	32130579	740
LG2	32130624	32132538	1914
LG2	32133727	32135399	1672
LG2	32135529	32136255	726
LG2	32141646	32142000	354
LG2	32144808	32146425	1617
LG2	32146772	32147023	251
LG2	32149120	32149401	281
LG2	32149465	32150028	563
LG2	32151365	32151428	63
LG2	32151950	32152229	279
LG2	32153716	32153889	173
LG2	32154052	32154236	184
LG2	32155784	32155878	94
LG2	32156086	32156548	462
LG2	32161486	32162470	984
LG2	32165833	32167804	1971
LG2	32167824	32168552	728
LG2	32170190	32170977	787
LG2	32172201	32173876	1675
LG2	32173907	32174445	538
LG2	32174463	32175177	714
LG2	32177539	32178263	724
LG2	32178347	32179847	1500
LG2	32180740	32182526	1786
LG2	32183541	32184365	824
LG2	32186223	32187316	1093
LG2	32189847	32190038	191
LG2	32190092	32190281	189
LG2	32190439	32190553	114
LG2	32208731	32209129	398
LG2	32221769	32221867	98
LG2	32236467	32236587	120
LG2	32265510	32265631	121
LG2	32269979	32272440	2461
LG2	32272444	32274081	1637
LG2	32276465	32277151	686
LG2	32277322	32279316	1994
LG2	32279555	32280490	935
LG2	32281726	32281990	264
LG2	32282099	32282847	748
LG2	32282892	32283393	501
LG2	32283462	32284821	1359
LG2	32284933	32286720	1787
LG2	32288656	32289949	1293
LG2	32291399	32291551	152
LG2	32293755	32295494	1739
LG2	32295757	32297762	2005
LG2	32298852	32299107	255
LG2	32299243	32300333	1090
LG2	32303226	32305581	2355
LG2	32305614	32307028	1414
LG2	32307055	32308135	1080
LG2	32308608	32309571	963
LG2	32313339	32315031	1692
LG2	32315155	32315389	234
LG2	32317567	32318746	1179
LG2	32318762	32319191	429
LG2	32319264	32319382	118
LG2	32319549	32321252	1703
LG2	32321337	32322525	1188
LG2	32322544	32322942	398
LG2	32323135	32323702	567
LG2	32323712	32324384	672
LG2	32325371	32325707	336
LG2	32325753	32325870	117
LG2	32325871	32325917	46
LG2	32326145	32327824	1679
LG2	32328957	32331384	2427
LG2	32331506	32332704	1198
LG2	32333138	32333377	239
LG2	32333643	32333991	348
LG2	32334115	32337239	3124
LG2	32337370	32337863	493
LG2	32337980	32339192	1212
LG2	32339262	32340396	1134
LG2	32340723	32342532	1809
LG2	32342579	32343459	880
LG2	32343549	32345590	2041
LG2	32346787	32350592	3805
LG2	32353355	32353671	316
LG2	32355119	32355266	147
LG2	32355757	32356547	790
LG2	32356852	32356927	75
LG2	32357710	32358615	905
LG2	32358841	32359598	757
LG2	32361650	32362232	582
LG2	32362290	32362515	225
LG2	32362725	32363001	276
LG2	32363180	32363333	153
LG2	32363373	32363741	368
LG2	32365496	32365991	495
LG2	32367326	32368380	1054
LG2	32369008	32369178	170
LG2	32369340	32369572	232
LG2	32369786	32370265	479
LG2	32370363	32370607	244
LG2	32370713	32371181	468
LG2	32372654	32372827	173
LG2	32373857	32374031	174
LG2	32377719	32377969	250
LG2	32378357	32378870	513
LG2	32378962	32379052	90
LG2	32379275	32379822	547
LG2	32379913	32380203	290
LG2	32380436	32380942	506
LG2	32385061	32385312	251
LG2	32385738	32386062	324
LG2	32386740	32386895	155
LG2	32393422	32395276	1854
LG2	32395286	32396080	794
LG2	32396139	32396281	142
LG2	32397698	32397826	128
LG2	32398145	32398910	765
LG2	32399345	32399907	562
LG2	32400116	32400240	124
LG2	32400253	32400393	140
LG2	32401327	32401834	507
LG2	32401932	32402563	631
LG2	32403551	32403863	312
LG2	32403930	32404614	684
LG2	32404801	32405593	792
LG2	32406704	32407092	388
LG2	32407109	32407263	154
LG2	32407994	32409566	1572
LG2	32410440	32410703	263
LG2	32411738	32412372	634
LG2	32412440	32414533	2093
LG2	32415724	32416796	1072
LG2	32416835	32416972	137
LG2	32417340	32418526	1186
LG2	32422598	32424599	2001
LG2	32424872	32425149	277
LG2	32426041	32428433	2392
LG2	32428802	32428858	56
LG2	32428929	32429186	257
LG2	32433312	32433543	231
LG2	32435225	32435448	223
LG2	32436846	32437126	280
LG2	32437182	32437466	284
LG2	32438721	32439763	1042
LG2	32439853	32440548	695
LG2	32441446	32441624	178
LG2	32443647	32444612	965
LG2	32444676	32445068	392
LG2	32446391	32447974	1583
LG2	32448188	32448247	59
LG2	32448399	32448772	373
LG2	32448919	32449102	183
LG2	32449403	32449625	222
LG2	32449919	32451626	1707
LG2	32451832	32454974	3142
LG2	32455012	32457563	2551
LG2	32461717	32462714	997
LG2	32464695	32465561	866
LG2	32465849	32465899	50
LG2	32466395	32466999	604
LG2	32467147	32467521	374
LG2	32467618	32467896	278
LG2	32468142	32468788	646
LG2	32469049	32469106	57
LG2	32469998	32471300	1302
LG2	32472035	32473460	1425
LG2	32474238	32474360	122
LG2	32474682	32474781	99
LG2	32475970	32476238	268
LG2	32477335	32477429	94
LG2	32477842	32478377	535
LG2	32480850	32482891	2041
LG2	32483540	32485150	1610
LG2	32485289	32485650	361
LG2	32486421	32487549	1128
LG2	32489152	32489741	589
LG2	32489776	32490404	628
LG2	32490555	32491030	475
LG2	32491063	32491198	135
LG2	32491584	32491872	288
LG2	32492116	32492255	139
LG2	32493741	32494667	926
LG2	32494799	32495838	1039
LG2	32496035	32496724	689
LG2	32497390	32497593	203
LG2	32497679	32498551	872
LG2	32501323	32501507	184
LG2	32502198	32503817	1619
LG2	32505732	32506441	709
LG2	32506517	32507908	1391
LG2	32508079	32509350	1271
LG2	32509426	32509630	204
LG2	32510279	32511354	1075
LG2	32511733	32512198	465
LG2	32512530	32512700	170
LG2	32512967	32513137	170
LG2	32513730	32514213	483
LG2	32514382	32515733	1351
LG2	32515740	32515891	151
LG2	32517812	32518007	195
LG2	32518500	32518853	353
LG2	32518929	32519279	350
LG2	32519410	32521049	1639
LG2	32521195	32522503	1308
LG2	32525223	32525487	264
LG2	32527690	32534876	7186
LG2	32536491	32539479	2988
LG2	32540587	32541272	685
LG2	32542212	32542489	277
LG2	32543566	32544149	583
LG2	32544568	32544616	48
LG2	32546269	32546652	383
LG2	32546782	32547600	818
LG2	32547605	32548678	1073
LG2	32549566	32549736	170
LG2	32551435	32552268	833
LG2	32552551	32552634	83
LG2	32554070	32556704	2634
LG2	32557745	32558017	272
LG2	32558275	32559070	795
LG2	32562254	32563240	986
LG2	32566434	32566721	287
LG2	32569091	32569594	503
LG2	32569699	32570175	476
LG2	32571534	32571619	85
LG2	32572808	32573018	210
LG2	32573414	32573918	504
LG2	32574215	32574435	220
LG2	32575824	32575882	58
LG2	32576255	32576652	397
LG2	32578851	32580729	1878
LG2	32580829	32581203	374
LG2	32583999	32585018	1019
LG2	32585410	32585520	110
LG2	32585541	32585568	27
LG2	32585654	32585732	78
LG2	32588492	32590825	2333
LG2	32591117	32592107	990
LG2	32593770	32593978	208
LG2	32594184	32594886	702
LG2	32596240	32596280	40
LG2	32596287	32596581	294
LG2	32599037	32599247	210
LG2	32600186	32602219	2033
LG2	32602302	32603628	1326
LG2	32605274	32605398	124
LG2	32606148	32606443	295
LG2	32606461	32607531	1070
LG2	32607783	32607866	83
LG2	32608845	32608906	61
LG2	32608907	32609023	116
LG2	32609060	32609174	114
LG2	32611081	32611232	151
LG2	32611258	32611352	94
LG2	32611370	32611762	392
LG2	32611774	32612433	659
LG2	32617693	32618300	607
LG2	32618664	32618813	149
LG2	32619488	32619664	176
LG2	32619834	32620026	192
LG2	32620051	32620351	300
LG2	32621056	32621326	270
LG2	32621402	32622133	731
LG2	32623532	32623667	135
LG2	32623797	32623933	136
LG2	32624031	32624678	647
LG2	32624679	32624830	151
LG2	32625968	32626222	254
LG2	32626301	32626441	140
LG2	32627061	32627300	239
LG2	32627377	32627419	42
LG2	32627427	32628851	1424
LG2	32629342	32629815	473
LG2	32629875	32630346	471
LG2	32630469	32630641	172
LG2	32632567	32633427	860
LG2	32634446	32634673	227
LG2	32635253	32635473	220
LG2	32635496	32635648	152
LG2	32635785	32636096	311
LG2	32636220	32636866	646
LG2	32637639	32637845	206
LG2	32639231	32639879	648
LG2	32640512	32640912	400
LG2	32641338	32641673	335
LG2	32642148	32642368	220
LG2	32642481	32642649	168
LG2	32642746	32643312	566
LG2	32644617	32644740	123
LG2	32645102	32645380	278
LG2	32647066	32647205	139
LG2	32647343	32647631	288
LG2	32647682	32647795	113
LG2	32648589	32648799	210
LG2	32653413	32653617	204
LG2	32654803	32655293	490
LG2	32655444	32655867	423
LG2	32655930	32656466	536
LG2	32656905	32657073	168
LG2	32657218	32659344	2126
LG2	32660066	32660126	60
LG2	32660221	32661153	932
LG2	32661251	32661273	22
LG2	32661361	32661828	467
LG2	32663116	32663272	156
LG2	32666319	32666905	586
LG2	32666939	32667181	242
LG2	32673699	32674081	382
LG2	32678755	32679807	1052
LG2	32681758	32681979	221
LG2	32682149	32683089	940
LG2	32684785	32685956	1171
LG2	32688568	32688630	62
LG2	32689784	32690530	746
LG2	32692471	32693180	709
LG2	32693361	32694300	939
LG2	32694365	32694961	596
LG2	32697080	32697597	517
LG2	32697623	32698053	430
LG2	32700530	32700609	79
LG2	32704509	32705126	617
LG2	32705302	32705721	419
LG2	32708624	32708817	193
LG2	32709161	32709630	469
LG2	32709673	32709762	89
LG2	32711067	32711176	109
LG2	32711229	32711870	641
LG2	32711981	32713015	1034
LG2	32713064	32714152	1088
LG2	32714194	32714284	90
LG2	32715953	32716007	54
LG2	32716042	32716898	856
LG2	32718378	32720147	1769
LG2	32720270	32720622	352
LG2	32720633	32721728	1095
LG2	32722465	32722969	504
LG2	32723390	32723526	136
LG2	32723559	32724309	750
LG2	32727656	32727858	202
LG2	32727880	32728145	265
LG2	32729663	32730294	631
LG2	32732146	32733092	946
LG2	32734837	32735244	407
LG2	32735481	32736857	1376
LG2	32742417	32743356	939
LG2	32743689	32744208	519
LG2	32744920	32745656	736
LG2	32746673	32746747	74
LG2	32747957	32748248	291
LG2	32748889	32748933	44
LG2	32748938	32749060	122
LG2	32749067	32749303	236
LG2	32751452	32751716	264
LG2	32751737	32751762	25
LG2	32751763	32752954	1191
LG2	32754007	32755358	1351
LG2	32755394	32755537	143
LG2	32757771	32758104	333
LG2	32758310	32759422	1112
LG2	32760906	32761738	832
LG2	32761832	32762081	249
LG2	32762208	32762441	233
LG2	32762653	32763293	640
LG2	32765304	32765767	463
LG2	32768325	32769121	796
LG2	32771411	32772045	634
LG2	32774031	32774618	587
LG2	32774858	32775221	363
LG2	32775307	32775547	240
LG2	32776638	32776949	311
LG2	32778788	32779034	246
LG2	32779162	32779393	231
LG2	32783187	32783932	745
LG2	32783987	32784089	102
LG2	32784987	32785159	172
LG2	32785893	32786077	184
LG2	32786323	32786547	224
LG2	32786626	32786802	176
LG2	32787039	32787291	252
LG2	32788436	32788728	292
LG2	32791811	32792227	416
LG2	32793073	32793299	226
LG2	32794117	32795099	982
LG2	32797338	32797737	399
LG2	32797767	32798119	352
LG2	32798178	32798346	168
LG2	32799753	32800283	530
LG2	32800312	32800551	239
LG2	32803691	32804782	1091
LG2	32805048	32805387	339
LG2	32806078	32807077	999
LG2	32808775	32809217	442
LG2	32809433	32810650	1217
LG2	32812137	32812881	744
LG2	32814199	32814788	589
LG2	32814789	32815068	279
LG2	32815258	32815377	119
LG2	32815631	32815738	107
LG2	32816612	32816928	316
LG2	32817233	32817426	193
LG2	32819285	32819691	406
LG2	32821509	32822025	516
LG2	32822061	32822564	503
LG2	32822828	32823339	511
LG2	32823506	32823737	231
LG2	32823796	32824475	679
LG2	32825823	32827085	1262
LG2	32828520	32828557	37
LG2	32828999	32830003	1004
LG2	32830035	32830912	877
LG2	32834666	32835324	658
LG2	32836992	32837160	168
LG2	32839530	32839807	277
LG2	32840729	32840942	213
LG2	32841944	32843303	1359
LG2	32846829	32848454	1625
LG2	32849866	32850937	1071
LG2	32851016	32851835	819
LG2	32854411	32854714	303
LG2	32856427	32856963	536
LG2	32861814	32862987	1173
LG2	32865412	32866246	834
LG2	32867826	32867952	126
LG2	32867970	32868075	105
LG2	32868152	32868679	527
LG2	32868839	32869496	657
LG2	32869556	32869609	53
LG2	32870199	32870266	67
LG2	32870937	32872411	1474
LG2	32872429	32873415	986
LG2	32873848	32873973	125
LG2	32874094	32874411	317
LG2	32875601	32875952	351
LG2	32878032	32878261	229
LG2	32879654	32879952	298
LG2	32879993	32880621	628
LG2	32885169	32885418	249
LG2	32885567	32886515	948
LG2	32887037	32887695	658
LG2	32890280	32890766	486
LG2	32890790	32891005	215
LG2	32891205	32891721	516
LG2	32895773	32896193	420
LG2	32901914	32902016	102
LG2	32902177	32902476	299
LG2	32902527	32902645	118
LG2	32902814	32902971	157
LG2	32903955	32905036	1081
LG2	32905223	32905293	70
LG2	32905477	32905704	227
LG2	32906035	32906167	132
LG2	32906314	32906535	221
LG2	32906598	32906773	175
LG2	32907165	32907550	385
LG2	32907667	32908109	442
LG2	32908320	32908775	455
LG2	32909859	32910693	834
LG2	32912388	32912590	202
LG2	32912696	32913513	817
LG2	32916024	32916355	331
LG2	32916754	32916831	77
LG2	32918157	32918299	142
LG2	32918525	32919138	613
LG2	32919378	32919439	61
LG2	32925135	32926615	1480
LG2	32927613	32928574	961
LG2	32928752	32930997	2245
LG2	32931050	32931640	590
LG2	32931884	32932282	398
LG2	32933377	32933652	275
LG2	32933674	32934272	598
LG2	32934315	32935469	1154
LG2	32936491	32937186	695
LG2	32937546	32937803	257
LG2	32937848	32938253	405
LG2	32938622	32938868	246
LG2	32939644	32939787	143
LG2	32940163	32940303	140
LG2	32940353	32940504	151
LG2	32941767	32941921	154
LG2	32942010	32942065	55
LG2	32942110	32942640	530
LG2	32942828	32943255	427
LG2	32944922	32945418	496
LG2	32945494	32946514	1020
LG2	32947830	32948113	283
LG2	32948331	32948827	496
LG2	32948905	32949057	152
LG2	32949621	32950015	394
LG2	32950769	32951213	444
LG2	32951588	32952230	642
LG2	32953050	32953549	499
LG2	32953584	32954140	556
LG2	32954238	32954629	391
LG2	32957534	32959180	1646
LG2	32959278	32959686	408
LG2	32959767	32959899	132
LG2	32960399	32960739	340
LG2	32961684	32961895	211
LG2	32962204	32962634	430
LG2	32963076	32963488	412
LG2	32966738	32966893	155
LG2	32967049	32967416	367
LG2	32968573	32968615	42
LG2	32968778	32970138	1360
LG2	32970587	32970800	213
LG2	32970913	32971417	504
LG2	32972977	32973151	174
LG2	32973244	32973724	480
LG2	32974118	32974308	190
LG2	32974450	32974736	286
LG2	32976680	32976915	235
LG2	32978377	32978904	527
LG2	32979161	32979384	223
LG2	32979437	32979644	207
LG2	32979705	32979845	140
LG2	32980062	32980233	171
LG2	32981455	32981619	164
LG2	32982441	32983230	789
LG2	32983992	32984364	372
LG2	32984632	32984805	173
LG2	32987205	32988758	1553
LG2	32989954	32990119	165
LG2	32990836	32991226	390
LG2	32991269	32992268	999
LG2	32993918	32994916	998
LG2	32995464	32995632	168
LG2	32995732	32996026	294
LG2	32996136	32996372	236
LG2	32996795	32996938	143
LG2	32997154	32997764	610
LG2	32999177	32999662	485
LG2	33003076	33003243	167
LG2	33008119	33008557	438
LG2	33010218	33010353	135
LG2	33010453	33010716	263
LG2	33010773	33011825	1052
LG2	33012248	33012424	176
LG2	33012472	33013070	598
LG2	33013158	33013308	150
LG2	33013442	33014863	1421
LG2	33015222	33015812	590
LG2	33015839	33016196	357
LG2	33016211	33016266	55
LG2	33016686	33016911	225
LG2	33017297	33017506	209
LG2	33017674	33017901	227
LG2	33019819	33020465	646
LG2	33020698	33021014	316
LG2	33021329	33021487	158
LG2	33022766	33024172	1406
LG2	33025415	33025999	584
LG2	33026185	33026244	59
LG2	33026599	33026739	140
LG2	33026954	33027805	851
LG2	33028157	33028326	169
LG2	33028894	33029811	917
LG2	33030932	33031344	412
LG2	33031924	33032420	496
LG2	33034422	33034735	313
LG2	33034831	33035629	798
LG2	33035832	33035930	98
LG2	33036839	33037503	664
LG2	33041203	33041496	293
LG2	33044112	33044817	705
LG2	33044988	33045945	957
LG2	33048056	33049025	969
LG2	33051563	33051729	166
LG2	33052014	33052792	778
LG2	33055276	33055833	557
LG2	33055834	33056960	1126
LG2	33057720	33057855	135
LG2	33061085	33061367	282
LG2	33061426	33061586	160
LG2	33062658	33063339	681
LG2	33067235	33067332	97
LG2	33098020	33098170	150
LG2	33099991	33100110	119
LG2	33101198	33101270	72
LG2	33108697	33108798	101
LG2	33109589	33109734	145
LG2	33109893	33110686	793
LG2	33110947	33111044	97
LG2	33112706	33112952	246
LG2	33113553	33113812	259
LG2	33114212	33114838	626
LG2	33117877	33118326	449
LG2	33121344	33122683	1339
LG2	33125820	33126247	427
LG2	33129372	33130026	654
LG2	33131119	33131894	775
LG2	33134041	33134185	144
LG2	33136585	33137150	565
LG2	33137988	33138181	193
LG2	33139108	33140079	971
LG2	33140198	33140635	437
LG2	33144465	33145104	639
LG2	33145266	33145718	452
LG2	33147360	33148345	985
LG2	33150507	33150985	478
LG2	33151138	33151206	68
LG2	33152426	33154190	1764
LG2	33156467	33156931	464
LG2	33156947	33157454	507
LG2	33159702	33160232	530
LG2	33163622	33165196	1574
LG2	33166498	33167322	824
LG2	33170750	33171684	934
LG2	33172216	33172392	176
LG2	33173278	33174086	808
LG2	33175494	33175806	312
LG2	33175888	33176539	651
LG2	33176773	33177141	368
LG2	33180240	33180613	373
LG2	33180775	33181300	525
LG2	33184080	33184428	348
LG2	33184541	33184977	436
LG2	33188268	33188977	709
LG2	33190363	33191611	1248
LG2	33195364	33195775	411
LG2	33197596	33198111	515
LG2	33198158	33198258	100
LG2	33201051	33202124	1073
LG2	33205148	33205377	229
LG2	33205523	33207068	1545
LG2	33207860	33208221	361
LG2	33208557	33208662	105
LG2	33209271	33210003	732
LG2	33210105	33211029	924
LG2	33213073	33213205	132
LG2	33214628	33215312	684
LG2	33216040	33216150	110
LG2	33216603	33217836	1233
LG2	33219689	33220400	711
LG2	33221356	33223026	1670
LG2	33224677	33225213	536
LG2	33227746	33228508	762
LG2	33229964	33230709	745
LG2	33231540	33233178	1638
LG2	33235204	33235733	529
LG2	33235880	33236203	323
LG2	33237647	33238706	1059
LG2	33239951	33240982	1031
LG2	33244535	33245678	1143
LG2	33245725	33245759	34
LG2	33245761	33246252	491
LG2	33249300	33249660	360
LG2	33249786	33250341	555
LG2	33250608	33250686	78
LG2	33253329	33254413	1084
LG2	33255563	33255810	247
LG2	33255845	33256565	720
LG2	33257636	33258642	1006
LG2	33260256	33261132	876
LG2	33263176	33264064	888
LG2	33266354	33266965	611
LG2	33267220	33267752	532
LG2	33268766	33269013	247
LG2	33269351	33269617	266
LG2	33271025	33271939	914
LG2	33273910	33274615	705
LG2	33276090	33276968	878
LG2	33278784	33279167	383
LG2	33279517	33279830	313
LG2	33281639	33282392	753
LG2	33284120	33285432	1312
LG2	33288733	33288947	214
LG2	33289831	33290278	447
LG2	33291093	33291139	46
LG2	33291178	33291475	297
LG2	33292656	33293444	788
LG2	33293485	33293934	449
LG2	33294663	33295136	473
LG2	33295366	33295474	108
LG2	33295629	33295937	308
LG2	33296188	33296411	223
LG2	33296509	33296541	32
LG2	33296592	33296785	193
LG2	33296847	33297507	660
LG2	33300177	33300279	102
LG2	33300483	33300565	82
LG2	33300825	33301137	312
LG2	33302566	33302808	242
LG2	33302903	33303009	106
LG2	33303108	33303276	168
LG2	33303292	33303467	175
LG2	33303557	33303848	291
LG2	33303926	33304330	404
LG2	33305726	33305907	181
LG2	33306430	33306626	196
LG2	33306775	33307127	352
LG2	33307143	33307503	360
LG2	33309532	33310491	959
LG2	33311283	33311669	386
LG2	33312139	33312222	83
LG2	33315163	33316098	935
LG2	33316168	33317070	902
LG2	33317116	33317417	301
LG2	33319112	33319272	160
LG2	33319465	33319692	227
LG2	33320858	33320984	126
LG2	33321156	33321688	532
LG2	33321833	33322127	294
LG2	33322178	33322615	437
LG2	33322885	33323661	776
LG2	33324583	33324703	120
LG2	33325956	33326476	520
LG2	33328830	33330345	1515
LG2	33330916	33332122	1206
LG2	33333991	33334141	150
LG2	33334350	33334987	637
LG2	33335201	33336102	901
LG2	33336195	33336796	601
LG2	33337510	33337761	251
LG2	33337813	33341084	3271
LG2	33341153	33341416	263
LG2	33342772	33343023	251
LG2	33343210	33343311	101
LG2	33343769	33343982	213
LG2	33344005	33344193	188
LG2	33347621	33348576	955
LG2	33348644	33348804	160
LG2	33349511	33349681	170
LG2	33351662	33351848	186
LG2	33351881	33352319	438
LG2	33355003	33355315	312
LG2	33355629	33357638	2009
LG2	33359430	33359746	316
LG2	33361713	33362095	382
LG2	33363121	33363338	217
LG2	33363729	33363855	126
LG2	33367628	33367769	141
LG2	33370638	33370933	295
LG2	33373165	33373469	304
LG2	33374078	33374515	437
LG2	33374722	33374844	122
LG2	33375365	33375846	481
LG2	33376424	33376578	154
LG2	33376624	33376710	86
LG2	33376783	33376868	85
LG2	33376870	33377283	413
LG2	33377460	33377492	32
LG2	33377514	33377614	100
LG2	33377688	33377865	177
LG2	33377916	33378015	99
LG2	33378886	33379742	856
LG2	33381163	33381368	205
LG2	33381509	33381601	92
LG2	33383287	33383785	498
LG2	33383879	33384066	187
LG2	33384155	33384370	215
LG2	33384443	33384732	289
LG2	33386898	33388070	1172
LG2	33389299	33389754	455
LG2	33389755	33389855	100
LG2	33390018	33390354	336
LG2	33390426	33390675	249
LG2	33390998	33391229	231
LG2	33394581	33394778	197
LG2	33395050	33395572	522
LG2	33395757	33395955	198
LG2	33396017	33396489	472
LG2	33397740	33398191	451
LG2	33399113	33399176	63
LG2	33408379	33408534	155
LG2	33408769	33409105	336
LG2	33409322	33409410	88
LG2	33412629	33413290	661
LG2	33416015	33416417	402
LG2	33416615	33416726	111
LG2	33416742	33416775	33
LG2	33416776	33417480	704
LG2	33422504	33422664	160
LG2	33423035	33423141	106
LG2	33423302	33423887	585
LG2	33424527	33424728	201
LG2	33424776	33425372	596
LG2	33425393	33425976	583
LG2	33426721	33426843	122
LG2	33426928	33427411	483
LG2	33427508	33427969	461
LG2	33429496	33430277	781
LG2	33430388	33430706	318
LG2	33430719	33430773	54
LG2	33433294	33433934	640
LG2	33434120	33434641	521
LG2	33434660	33434802	142
LG2	33434813	33435794	981
LG2	33436391	33436591	200
LG2	33436684	33436844	160
LG2	33437201	33437650	449
LG2	33438920	33439269	349
LG2	33439588	33439992	404
LG2	33440958	33441400	442
LG2	33441486	33441647	161
LG2	33441913	33442099	186
LG2	33442251	33442680	429
LG2	33444408	33444590	182
LG2	33445448	33445507	59
LG2	33445608	33446065	457
LG2	33448390	33449019	629
LG2	33449108	33449218	110
LG2	33449349	33449641	292
LG2	33449768	33450034	266
LG2	33451526	33452315	789
LG2	33453119	33453180	61
LG2	33453828	33453974	146
LG2	33454166	33454312	146
LG2	33454496	33454978	482
LG2	33455080	33455182	102
LG2	33455918	33456278	360
LG2	33456402	33457128	726
LG2	33457655	33457815	160
LG2	33458184	33458388	204
LG2	33459496	33459654	158
LG2	33459768	33460398	630
LG2	33462061	33462623	562
LG2	33462986	33462996	10
LG2	33463309	33463681	372
LG2	33463839	33464249	410
LG2	33464503	33464985	482
LG2	33467505	33467605	100
LG2	33467825	33468167	342
LG2	33469442	33469577	135
LG2	33469776	33469888	112
LG2	33473308	33473436	128
LG2	33473665	33474191	526
LG2	33474345	33474536	191
LG2	33475626	33475906	280
LG2	33476350	33476440	90
LG2	33476900	33477104	204
LG2	33477473	33477684	211
LG2	33478287	33478815	528
LG2	33478861	33478969	108
LG2	33479131	33479217	86
LG2	33479590	33480199	609
LG2	33482304	33482978	674
LG2	33485425	33485493	68
LG2	33485505	33486465	960
LG2	33488408	33488496	88
LG2	33489196	33489559	363
LG2	33489664	33489733	69
LG2	33489734	33490095	361
LG2	33496514	33497128	614
LG2	33497413	33497810	397
LG2	33506519	33506588	69
LG2	33518089	33518574	485
LG2	33518607	33520915	2308
LG2	33522733	33522898	165
LG2	33524199	33524256	57
LG2	33524622	33524967	345
LG2	33525530	33525761	231
LG2	33526382	33526543	161
LG2	33526735	33527558	823
LG2	33529330	33529871	541
LG2	33531103	33531673	570
LG2	33531951	33532112	161
LG2	33533974	33534207	233
LG2	33542931	33542992	61
LG2	33542997	33543582	585
LG2	33543643	33543830	187
LG2	33545304	33545993	689
LG2	33546050	33546311	261
LG2	33547229	33548615	1386
LG2	33548618	33548762	144
LG2	33549231	33549421	190
LG2	33551370	33551463	93
LG2	33551550	33551630	80
LG2	33553290	33553445	155
LG2	33553470	33553597	127
LG2	33554824	33555034	210
LG2	33555118	33555533	415
LG2	33556897	33557274	377
LG2	33559194	33560423	1229
LG2	33563151	33563744	593
LG2	33567686	33568331	645
LG2	33568618	33568766	148
LG2	33572441	33572541	100
LG2	33573333	33573372	39
LG2	33573499	33573914	415
LG2	33575992	33576589	597
LG2	33578165	33578710	545
LG2	33582234	33582304	70
LG2	33582323	33582630	307
LG2	33586658	33587237	579
LG2	33588406	33588656	250
LG2	33591981	33592539	558
LG2	33594594	33596099	1505
LG2	33597686	33598047	361
LG2	33598183	33598428	245
LG2	33598462	33598621	159
LG2	33599306	33599385	79
LG2	33599470	33599702	232
LG2	33601997	33602684	687
LG2	33603035	33603265	230
LG2	33607179	33607680	501
LG2	33607937	33608630	693
LG2	33610344	33611071	727
LG2	33611314	33611562	248
LG2	33613160	33613751	591
LG2	33616616	33617368	752
LG2	33623230	33624212	982
LG2	33624626	33624729	103
LG2	33624898	33625218	320
LG2	33627131	33628283	1152
LG2	33630398	33630793	395
LG2	33630898	33631831	933
LG2	33634919	33635287	368
LG2	33637480	33637693	213
LG2	33639841	33640221	380
LG2	33641885	33642399	514
LG2	33644435	33644885	450
LG2	33644930	33645033	103
LG2	33649426	33649961	535
LG2	33650979	33651439	460
LG2	33653565	33653942	377
LG2	33654059	33654351	292
LG2	33659325	33660003	678
LG2	33662215	33662671	456
LG2	33665130	33665728	598
LG2	33671486	33672954	1468
LG2	33673362	33673454	92
LG2	33677147	33677764	617
LG2	33678026	33678314	288
LG2	33679292	33679551	259
LG2	33679661	33680497	836
LG2	33684335	33684582	247
LG2	33687750	33688460	710
LG2	33689774	33689899	125
LG2	33690644	33690767	123
LG2	33693888	33694440	552
LG2	33694607	33695208	601
LG2	33695578	33695747	169
LG2	33695843	33695883	40
LG2	33696587	33696918	331
LG2	33696997	33697345	348
LG2	33697366	33697416	50
LG2	33697473	33697787	314
LG2	33700251	33701142	891
LG2	33701335	33701763	428
LG2	33703456	33704345	889
LG2	33705083	33705242	159
LG2	33707610	33708096	486
LG2	33710854	33711001	147
LG2	33714847	33715249	402
LG2	33715339	33715600	261
LG2	33717657	33717777	120
LG2	33719125	33719271	146
LG2	33719328	33719588	260
LG2	33719863	33720008	145
LG2	33720080	33720434	354
LG2	33720490	33720793	303
LG2	33727833	33728599	766
LG2	33728787	33729419	632
LG2	33731789	33732642	853
LG2	33734941	33735572	631
LG2	33736431	33737442	1011
LG2	33738276	33738401	125
LG2	33738542	33739325	783
LG2	33740091	33740484	393
LG2	33741612	33742190	578
LG2	33744667	33745178	511
LG2	33748136	33749212	1076
LG2	33751132	33751605	473
LG2	33758145	33758312	167
LG2	33758994	33759102	108
LG2	33760874	33761148	274
LG2	33761445	33761732	287
LG2	33763036	33764077	1041
LG2	33765711	33766300	589
LG2	33766595	33767052	457
LG2	33768836	33768998	162
LG2	33769525	33769767	242
LG2	33771614	33771815	201
LG2	33772761	33772838	77
LG2	33774158	33774391	233
LG2	33774435	33774587	152
LG2	33777156	33778148	992
LG2	33778318	33778611	293
LG2	33783604	33783932	328
LG2	33783977	33784437	460
LG2	33787031	33787587	556
LG2	33787653	33787947	294
LG2	33789632	33790404	772
LG2	33791291	33791432	141
LG2	33792781	33793451	670
LG2	33796369	33796842	473
LG2	33796990	33797788	798
LG2	33797806	33798294	488
LG2	33799208	33799918	710
LG2	33802590	33802653	63
LG2	33802654	33802807	153
LG2	33804064	33804422	358
LG2	33805313	33805721	408
LG2	33806120	33806576	456
LG2	33806675	33806900	225
LG2	33807755	33808476	721
LG2	33810070	33810525	455
LG2	33813764	33814024	260
LG2	33820088	33820397	309
LG2	33822261	33822828	567
LG2	33826342	33826800	458
LG2	33832561	33833465	904
LG2	33833529	33834180	651
LG2	33835491	33835938	447
LG2	33838219	33839244	1025
LG2	33842199	33842268	69
LG2	33842372	33843277	905
LG2	33844994	33845303	309
LG2	33846118	33846524	406
LG2	33848435	33849552	1117
LG2	33851368	33851825	457
LG2	33851851	33852115	264
LG2	33854593	33854906	313
LG2	33858229	33858867	638
LG2	33858951	33859372	421
LG2	33862287	33862361	74
LG2	33863483	33864382	899
LG2	33868330	33868670	340
LG2	33870000	33870355	355
LG2	33873340	33874473	1133
LG2	33874518	33874678	160
LG2	33875921	33876302	381
LG2	33881786	33882463	677
LG2	33884657	33885123	466
LG2	33887300	33888050	750
LG2	33889500	33889732	232
LG2	33891228	33891423	195
LG2	33891691	33891825	134
LG2	33893622	33893790	168
LG2	33895124	33895616	492
LG2	33898479	33898698	219
LG2	33899208	33899748	540
LG2	33900397	33900744	347
LG2	33901857	33902634	777
LG2	33905639	33905847	208
LG2	33908161	33908353	192
LG2	33908420	33908932	512
LG2	33909149	33909539	390
LG2	33911290	33911920	630
LG2	33912593	33913295	702
LG2	33913881	33914253	372
LG2	33915082	33915467	385
LG2	33915488	33915871	383
LG2	33917566	33918742	1176
LG2	33919674	33919786	112
LG2	33921799	33922367	568
LG2	33923941	33925139	1198
LG2	33926575	33927263	688
LG2	33928073	33928189	116
LG2	33929043	33929883	840
LG2	33935317	33936088	771
LG2	33936141	33936763	622
LG2	33937771	33937863	92
LG2	33938396	33938776	380
LG2	33939324	33939578	254
LG2	33940203	33940348	145
LG2	33941087	33942028	941
LG2	33942591	33943082	491
LG2	33947415	33947687	272
LG2	33948739	33949035	296
LG2	33956424	33956506	82
LG2	33956663	33957009	346
LG2	33957025	33957971	946
LG2	33961254	33961390	136
LG2	33962153	33962523	370
LG2	33964153	33964349	196
LG2	33964473	33965272	799
LG2	33970330	33970564	234
LG2	33972032	33973087	1055
LG2	33974916	33975186	270
LG2	33975248	33975474	226
LG2	33976308	33977061	753
LG2	33979820	33981034	1214
LG2	33981148	33982276	1128
LG2	33982579	33982873	294
LG2	33983565	33984100	535
LG2	33986016	33986315	299
LG2	33986324	33986706	382
LG2	33986835	33986847	12
LG2	33986968	33987085	117
LG2	33988811	33988879	68
LG2	33990270	33990286	16
LG2	33991371	33991598	227
LG2	33994606	33994688	82
LG2	33994710	33995187	477
LG2	34002688	34003077	389
LG2	34003136	34003257	121
LG2	34004139	34004545	406
LG2	34004610	34005450	840
LG2	34007511	34007688	177
LG2	34008978	34009211	233
LG2	34009518	34010005	487
LG2	34010707	34011099	392
LG2	34011112	34011333	221
LG2	34015897	34016454	557
LG2	34017136	34018048	912
LG2	34020079	34021156	1077
LG2	34021205	34021424	219
LG2	34030742	34032088	1346
LG2	34048707	34048802	95
LG2	34049511	34050002	491
LG2	34052452	34053022	570
LG2	34055901	34056123	222
LG2	34056760	34057212	452
LG2	34057397	34057692	295
LG2	34057763	34057952	189
LG2	34057971	34058156	185
LG2	34058191	34058230	39
LG2	34060206	34060830	624
LG2	34067519	34067832	313
LG2	34072525	34073092	567
LG2	34073093	34073298	205
LG2	34093140	34094065	925
LG2	34097401	34097640	239
LG2	34098516	34098701	185
LG2	34098914	34098985	71
LG2	34099160	34099450	290
LG2	34100189	34101031	842
LG2	34101208	34101291	83
LG2	34107547	34107619	72
LG2	34110044	34110749	705
LG2	34113237	34113315	78
LG2	34114555	34115124	569
LG2	34116118	34116374	256
LG2	34117469	34117741	272
LG2	34119379	34119780	401
LG2	34121277	34121316	39
LG2	34121402	34121627	225
LG2	34123821	34123906	85
LG2	34123907	34123927	20
LG2	34126675	34127034	359
LG2	34127307	34127358	51
LG2	34132981	34133695	714
LG2	34139834	34140483	649
LG2	34141085	34141152	67
LG2	34141414	34141690	276
LG2	34142766	34142909	143
LG2	34144281	34145364	1083
LG2	34146862	34147362	500
LG2	34149423	34150669	1246
LG2	34154689	34154881	192
LG2	34155053	34155313	260
LG2	34156179	34156281	102
LG2	34157402	34157768	366
LG2	34160283	34160493	210
LG2	34160681	34161244	563
LG2	34161392	34161690	298
LG2	34161784	34161921	137
LG2	34162003	34162187	184
LG2	34163953	34164115	162
LG2	34164330	34164420	90
LG2	34164833	34164978	145
LG2	34165372	34165469	97
LG2	34166499	34166680	181
LG2	34166834	34166967	133
LG2	34168723	34168953	230
LG2	34168985	34169112	127
LG2	34169339	34169840	501
LG2	34170187	34170571	384
LG2	34170686	34170833	147
LG2	34170928	34171433	505
LG2	34172650	34172927	277
LG2	34172999	34173076	77
LG2	34173192	34173447	255
LG2	34173587	34173838	251
LG2	34177599	34177964	365
LG2	34178088	34178334	246
LG2	34178362	34178887	525
LG2	34178999	34179006	7
LG2	34180886	34181361	475
LG2	34181555	34181831	276
LG2	34181892	34182360	468
LG2	34182497	34182623	126
LG2	34182656	34182798	142
LG2	34182881	34183019	138
LG2	34183993	34184200	207
LG2	34184420	34184577	157
LG2	34184985	34185171	186
LG2	34186499	34186670	171
LG2	34186861	34187347	486
LG2	34187455	34187634	179
LG2	34188439	34188635	196
LG2	34188713	34189092	379
LG2	34190223	34190367	144
LG2	34190461	34190670	209
LG2	34190728	34191127	399
LG2	34193661	34194060	399
LG2	34194061	34194310	249
LG2	34194510	34194799	289
LG2	34196309	34196526	217
LG2	34196577	34196703	126
LG2	34197490	34197747	257
LG2	34197779	34198164	385
LG2	34198365	34199888	1523
LG2	34200747	34201369	622
LG2	34201454	34201661	207
LG2	34202214	34202357	143
LG2	34203510	34204194	684
LG2	34205527	34206241	714
LG2	34206813	34207180	367
LG2	34208877	34209251	374
LG2	34211056	34211816	760
LG2	34213017	34213203	186
LG2	34213257	34214400	1143
LG2	34214551	34214967	416
LG2	34215060	34215223	163
LG2	34215716	34216616	900
LG2	34219887	34219965	78
LG2	34220259	34220579	320
LG2	34220587	34220636	49
LG2	34220731	34220927	196
LG2	34220966	34221190	224
LG2	34221345	34221514	169
LG2	34221660	34222319	659
LG2	34222370	34222804	434
LG2	34222825	34223075	250
LG2	34223290	34223416	126
LG2	34224377	34224584	207
LG2	34225718	34226117	399
LG2	34226161	34226655	494
LG2	34226776	34226958	182
LG2	34228052	34228181	129
LG2	34229908	34230107	199
LG2	34230856	34230918	62
LG2	34231524	34231910	386
LG2	34234317	34234564	247
LG2	34239498	34240562	1064
LG2	34243963	34244088	125
LG2	34244423	34245070	647
LG2	34245252	34245466	214
LG2	34246144	34246335	191
LG2	34246604	34246685	81
LG2	34246723	34246919	196
LG2	34246993	34247313	320
LG2	34247621	34247725	104
LG2	34247833	34247962	129
LG2	34248095	34248148	53
LG2	34248222	34248493	271
LG2	34248554	34248715	161
LG2	34249110	34249221	111
LG2	34249665	34249968	303
LG2	34250010	34250230	220
LG2	34250389	34250582	193
LG2	34250661	34250822	161
LG2	34250991	34251233	242
LG2	34251329	34251390	61
LG2	34251533	34251601	68
LG2	34253391	34254188	797
LG2	34254473	34254630	157
LG2	34254809	34254954	145
LG2	34255032	34255200	168
LG2	34255443	34255586	143
LG2	34255683	34255796	113
LG2	34255994	34256151	157
LG2	34256322	34256486	164
LG2	34257073	34257201	128
LG2	34257332	34257741	409
LG2	34257808	34258301	493
LG2	34258330	34258425	95
LG2	34258496	34258681	185
LG2	34259324	34259540	216
LG2	34259704	34259896	192
LG2	34259973	34260210	237
LG2	34261114	34261271	157
LG2	34263228	34263362	134
LG2	34263425	34263568	143
LG2	34266112	34266299	187
LG2	34266575	34266722	147
LG2	34266773	34266951	178
LG2	34267073	34267251	178
LG2	34267275	34267953	678
LG2	34268651	34268764	113
LG2	34269178	34269374	196
LG2	34269628	34269769	141
LG2	34269928	34270309	381
LG2	34270491	34270550	59
LG2	34270714	34270862	148
LG2	34271370	34271648	278
LG2	34272686	34272877	191
LG2	34273288	34273587	299
LG2	34273649	34273901	252
LG2	34273942	34274324	382
LG2	34277047	34277325	278
LG2	34278299	34278528	229
LG2	34278894	34279062	168
LG2	34279102	34279293	191
LG2	34279486	34279598	112
LG2	34285487	34285644	157
LG2	34295347	34295506	159
LG2	34299253	34299539	286
LG2	34300142	34300328	186
LG2	34300417	34300557	140
LG2	34301660	34301706	46
LG2	34301765	34301899	134
LG2	34303921	34304140	219
LG2	34306309	34306533	224
LG2	34307688	34307975	287
LG2	34310193	34310343	150
LG2	34317138	34317322	184
LG2	34317476	34317601	125
LG2	34320522	34320660	138
LG2	34320988	34321118	130
LG2	34321258	34321383	125
LG2	34321437	34321654	217
LG2	34321683	34321789	106
LG2	34323340	34323549	209
LG2	34323601	34323733	132
LG2	34325230	34325864	634
LG2	34325865	34326200	335
LG2	34326389	34326501	112
LG2	34326502	34326722	220
LG2	34327130	34327268	138
LG2	34327400	34327716	316
LG2	34327774	34327946	172
LG2	34328004	34328172	168
LG2	34328375	34328494	119
LG2	34328587	34328885	298
LG2	34330083	34330220	137
LG2	34331078	34331170	92
LG2	34331285	34331408	123
LG2	34331478	34331581	103
LG2	34332148	34332287	139
LG2	34332378	34332662	284
LG2	34333988	34334470	482
LG2	34334898	34334990	92
LG2	34336459	34336550	91
LG2	34336643	34336868	225
LG2	34336905	34336983	78
LG2	34340876	34341041	165
LG2	34342106	34342248	142
LG2	34342729	34342947	218
LG2	34343519	34343664	145
LG2	34343909	34344149	240
LG2	34352894	34353058	164
LG2	34353380	34353503	123
LG2	34356586	34356784	198
LG2	34357753	34357880	127
LG2	34359648	34359888	240
LG2	34365166	34365258	92
LG2	34365333	34365442	109
LG2	34366665	34366785	120
LG2	34400172	34400347	175
LG2	34400708	34401061	353
LG2	34403874	34404329	455
LG2	34417550	34417729	179
LG2	34424089	34424291	202
LG2	34427967	34428077	110
LG2	34431814	34432126	312
LG2	34437831	34437906	75
LG2	34450301	34451099	798
LG2	34452987	34453528	541
LG2	34455666	34455796	130
LG2	34460757	34461390	633
LG2	34464780	34465220	440
LG2	34465236	34465982	746
LG2	34467701	34467806	105
LG2	34467993	34468524	531
LG2	34468546	34468760	214
LG2	34472565	34473153	588
LG2	34501540	34501853	313
LG2	34505610	34506250	640
LG2	34508084	34508217	133
LG2	34509771	34510087	316
LG2	34515594	34515666	72
LG2	34517354	34518064	710
LG2	34518157	34518260	103
LG2	34524649	34525053	404
LG2	34525174	34525490	316
LG2	34526790	34527396	606
LG2	34531623	34531918	295
LG2	34534729	34535006	277
LG2	34538046	34538387	341
LG2	34538392	34538838	446
LG2	34548629	34549012	383
LG2	34555339	34555718	379
LG2	34558182	34558717	535
LG2	34559374	34559589	215
LG2	34562029	34562524	495
LG2	34564792	34565005	213
LG2	34566563	34566917	354
LG2	34569201	34569560	359
LG2	34573447	34573866	419
LG2	34575183	34575923	740
LG2	34577037	34577216	179
LG2	34577986	34578044	58
LG2	34581739	34581865	126
LG2	34583825	34584376	551
LG2	34592284	34592874	590
LG2	34594221	34594522	301
LG2	34594541	34594856	315
LG2	34597636	34598107	471
LG2	34602334	34602750	416
LG2	34603129	34603286	157
LG2	34603776	34603834	58
LG2	34603847	34603980	133
LG2	34606297	34606631	334
LG2	34617799	34617924	125
LG2	34618061	34618093	32
LG2	34620625	34621121	496
LG2	34635223	34635666	443
LG2	34639031	34639341	310
LG2	34641304	34641523	219
LG2	34653246	34653463	217
LG2	34655046	34655373	327
LG2	34656537	34656800	263
LG2	34660776	34661387	611
LG2	34666372	34666489	117
LG2	34670493	34670662	169
LG2	34670696	34671198	502
LG2	34680358	34680647	289
LG2	34683897	34684121	224
LG2	34684202	34684982	780
LG2	34687221	34687560	339
LG2	34687730	34687853	123
LG2	34688148	34688422	274
LG2	34693367	34693871	504
LG2	34694509	34694622	113
LG2	34696653	34697004	351
LG2	34697023	34697325	302
LG2	34697501	34697694	193
LG2	34697942	34698181	239
LG2	34700421	34701168	747
LG2	34701552	34701662	110
LG2	34702044	34702681	637
LG2	34703141	34703340	199
LG2	34705238	34705372	134
LG2	34710573	34711282	709
LG2	34712299	34712485	186
LG2	34715615	34716153	538
LG2	34753827	34754219	392
LG2	34758076	34758128	52
LG2	34780663	34780864	201
LG2	34796585	34796952	367
LG2	34855572	34855786	214
LG2	34862799	34862919	120
LG2	34868131	34868501	370
LG2	34935326	34935396	70
LG2	34998167	34998236	69
LG2	35006345	35006427	82
LG2	35014766	35015002	236
LG2	35015324	35016005	681
LG2	35024159	35024268	109
LG2	35024374	35027145	2771
LG2	35027909	35028143	234
LG2	35028280	35029211	931
LG2	35029347	35029550	203
LG2	35039540	35040164	624
LG2	35055533	35055670	137
LG2	35063090	35063205	115
LG2	35101180	35101499	319
LG2	35101689	35102171	482
LG2	35102172	35102738	566
LG2	35102854	35106094	3240
LG2	35106103	35109291	3188
LG2	35109542	35110145	603
LG2	35130290	35130492	202
LG2	35130538	35131048	510
LG2	35147750	35148652	902
LG2	35149589	35150380	791
LG2	35150778	35150899	121
LG2	35151704	35151934	230
LG2	35152376	35152598	222
LG2	35155640	35155678	38
LG2	35155882	35156153	271
LG2	35165328	35165451	123
LG2	35165487	35165522	35
LG2	35172297	35172974	677
LG2	35175311	35175781	470
LG2	35178552	35178739	187
LG2	35178753	35179002	249
LG2	35182311	35182509	198
LG2	35186209	35186623	414
LG2	35186629	35187253	624
LG2	35193822	35194710	888
LG2	35200114	35200513	399
LG2	35203242	35203360	118
LG2	35207510	35207620	110
LG2	35215653	35215707	54
LG2	35225083	35225392	309
LG2	35226190	35226887	697
LG2	35229139	35229630	491
LG2	35232007	35232199	192
LG2	35233446	35233756	310
LG2	35237245	35237698	453
LG2	35239161	35239767	606
LG2	35244275	35244552	277
LG2	35244672	35245210	538
LG2	35245212	35245467	255
LG2	35245856	35246028	172
LG2	35246642	35247448	806
LG2	35249395	35249457	62
LG2	35249468	35250309	841
LG2	35251505	35251838	333
LG2	35255523	35255846	323
LG2	35256265	35256616	351
LG2	35262737	35262933	196
LG2	35263679	35263801	122
LG2	35266257	35266950	693
LG2	35268237	35268872	635
LG2	35272080	35272809	729
LG2	35275385	35275687	302
LG2	35280614	35280958	344
LG2	35285614	35286176	562
LG2	35287683	35288381	698
LG2	35291037	35291640	603
LG2	35295082	35295652	570
LG2	35297832	35298085	253
LG2	35298115	35298560	445
LG2	35309937	35310370	433
LG2	35311029	35311486	457
LG2	35311897	35311972	75
LG2	35311985	35312126	141
LG2	35315534	35315705	171
LG2	35319549	35319964	415
LG2	35320104	35320213	109
LG2	35321175	35321330	155
LG2	35323047	35323871	824
LG2	35323900	35324128	228
LG2	35325577	35325651	74
LG2	35327108	35327623	515
LG2	35330929	35331501	572
LG2	35334603	35334822	219
LG2	35337366	35337605	239
LG2	35338008	35338100	92
LG2	35338204	35338423	219
LG2	35340503	35340852	349
LG2	35341180	35341386	206
LG2	35345394	35345876	482
LG2	35345904	35345959	55
LG2	35347930	35348614	684
LG2	35349698	35349836	138
LG2	35351689	35352089	400
LG2	35354246	35354530	284
LG2	35356548	35356857	309
LG2	35359211	35359792	581
LG2	35361715	35361930	215
LG2	35362908	35363068	160
LG2	35363119	35363583	464
LG2	35372455	35372511	56
LG2	35372594	35373106	512
LG2	35375229	35376203	974
LG2	35379325	35379705	380
LG2	35388571	35389510	939
LG2	35389705	35390550	845
LG2	35391453	35392068	615
LG2	35394089	35394186	97
LG2	35394196	35394323	127
LG2	35394341	35394354	13
LG2	35396564	35396687	123
LG2	35400528	35400635	107
LG2	35401335	35401904	569
LG2	35402566	35402954	388
LG2	35403272	35403468	196
LG2	35405940	35406467	527
LG2	35408842	35409190	348
LG2	35410314	35410383	69
LG2	35411517	35412321	804
LG2	35413322	35413479	157
LG2	35413482	35413721	239
LG2	35413814	35414281	467
LG2	35414401	35414710	309
LG2	35415834	35417070	1236
LG2	35426349	35426407	58
LG2	35427277	35427364	87
LG2	35429072	35429294	222
LG2	35429384	35429634	250
LG2	35430514	35430688	174
LG2	35431028	35431330	302
LG2	35432168	35432271	103
LG2	35433432	35433801	369
LG2	35437906	35438016	110
LG2	35439618	35440036	418
LG2	35440150	35440177	27
LG2	35440369	35440640	271
LG2	35442799	35442943	144
LG2	35445865	35448106	2241
LG2	35448145	35452255	4110
LG2	35452299	35454273	1974
LG2	35454636	35454843	207
LG2	35456404	35456678	274
LG2	35462069	35462218	149
LG2	35462278	35462530	252
LG2	35463706	35464185	479
LG2	35464779	35464990	211
LG2	35478153	35478689	536
LG2	35484363	35484609	246
LG2	35485897	35486249	352
LG2	35487657	35487875	218
LG2	35497854	35497996	142
LG2	35498081	35498211	130
LG2	35498231	35498323	92
LG2	35500498	35500585	87
LG2	35500690	35501093	403
LG2	35501993	35502561	568
LG2	35505104	35505366	262
LG2	35517728	35518094	366
LG2	35518149	35518387	238
LG2	35528435	35528797	362
LG2	35533120	35533574	454
LG2	35536321	35537006	685
LG2	35537910	35538652	742
LG2	35538666	35538901	235
LG2	35541348	35541668	320
LG2	35541671	35541787	116
LG2	35548290	35548622	332
LG2	35551694	35551990	296
LG2	35552094	35553193	1099
LG2	35553416	35553714	298
LG2	35553823	35553960	137
LG2	35562728	35562986	258
LG2	35579360	35579633	273
LG2	35579993	35580189	196
LG2	35582614	35582874	260
LG2	35591788	35592235	447
LG2	35596668	35597037	369
LG2	35599246	35599854	608
LG2	35602974	35603249	275
LG2	35604484	35604621	137
LG2	35604665	35604912	247
LG2	35604941	35604974	33
LG2	35605142	35605345	203
LG2	35605538	35605638	100
LG2	35606341	35606473	132
LG2	35615607	35615974	367
LG2	35619313	35619379	66
LG2	35622987	35623479	492
LG2	35624608	35624718	110
LG2	35633443	35634032	589
LG2	35635371	35636004	633
LG2	35638826	35639015	189
LG2	35642514	35642855	341
LG2	35644270	35644437	167
LG2	35660728	35661282	554
LG2	35682021	35682111	90
LG2	35712717	35713473	756
LG2	35717674	35717905	231
LG2	35725285	35725519	234
LG2	35732142	35732725	583
LG2	35737585	35739240	1655
LG2	35745047	35745233	186
LG2	35747004	35747125	121
LG2	35751879	35752020	141
LG2	35757176	35757364	188
LG2	35765568	35766016	448
LG2	35779955	35780246	291
LG2	35784057	35784643	586
LG2	35793892	35794149	257
LG2	35794220	35794397	177
LG2	35799464	35799637	173
LG2	35799640	35799675	35
LG2	35815344	35815981	637
LG2	35820973	35821144	171
LG2	35827559	35827835	276
LG2	35831651	35832099	448
LG2	35833531	35833639	108
LG2	35833932	35834019	87
LG2	35834044	35834095	51
LG2	35834144	35834271	127
LG2	35865236	35865495	259
LG2	35865579	35865582	3
LG2	35865621	35865742	121
LG2	35872587	35873027	440
LG2	35874761	35875056	295
LG2	35877066	35877241	175
LG2	35879338	35879578	240
LG2	35881683	35881879	196
LG2	35884922	35885376	454
LG2	35887637	35887848	211
LG2	35888746	35888864	118
LG2	35889336	35889434	98
LG2	35889515	35889618	103
LG2	35889621	35889914	293
LG2	35889926	35890228	302
LG2	35890288	35890587	299
LG2	35891024	35891949	925
LG2	35893497	35894304	807
LG2	35898801	35899117	316
LG2	35908579	35908804	225
LG2	35910033	35910737	704
LG2	35911133	35911359	226
LG2	35911411	35911616	205
LG2	35911688	35912262	574
LG2	35934901	35934988	87
LG2	35939288	35939534	246
LG2	35964984	35965125	141
LG2	35992123	35992302	179
LG2	35993266	35993517	251
LG2	35993608	35993704	96
LG2	35993949	35994281	332
LG2	35994823	35995851	1028
LG2	35996536	35996682	146
LG2	36008712	36008845	133
LG2	36009331	36009445	114
LG2	36010720	36010856	136
LG2	36010923	36011146	223
LG2	36011214	36011391	177
LG2	36011874	36012016	142
LG2	36013120	36013362	242
LG2	36013427	36013600	173
LG2	36014638	36014971	333
LG2	36038470	36038576	106
LG2	36039636	36039952	316
LG2	36043846	36044238	392
LG2	36045756	36045814	58
LG2	36051073	36051179	106
LG2	36051185	36051416	231
LG2	36051556	36052450	894
LG2	36052786	36053355	569
LG2	36053423	36054910	1487
LG2	36054936	36055226	290
LG2	36066761	36066909	148
LG2	36094819	36097499	2680
LG2	36118176	36118274	98
LG2	36118826	36119201	375
LG2	36119202	36119281	79
LG2	36129054	36129145	91
LG2	36147664	36147848	184
LG2	36149965	36150078	113
LG2	36150400	36150526	126
LG2	36150862	36150924	62
LG2	36150992	36151204	212
LG2	36166654	36166760	106
LG2	36175707	36175787	80
LG2	36176101	36176246	145
LG2	36179429	36180946	1517
LG2	36181089	36181303	214
LG2	36181471	36181570	99
LG2	36189740	36189951	211
LG2	36190196	36190399	203
LG2	36194016	36194193	177
LG2	36199434	36199644	210
LG2	36200349	36200500	151
LG2	36200800	36200995	195
LG2	36204465	36204551	86
LG2	36204615	36204794	179
LG2	36206252	36206412	160
LG2	36206701	36206770	69
LG2	36206894	36207056	162
LG2	36207691	36207821	130
LG2	36207872	36207997	125
LG2	36211542	36211691	149
LG2	36211973	36212076	103
LG2	36228196	36229065	869
LG2	36238748	36238910	162
LG2	36241117	36241412	295
LG2	36242106	36242189	83
LG2	36242618	36242741	123
LG2	36242756	36242990	234
LG2	36249473	36249683	210
LG2	36263406	36263790	384
LG2	36266178	36266304	126
LG2	36268816	36268882	66
LG2	36278229	36278323	94
LG2	36278935	36279082	147
LG2	36279692	36279815	123
LG2	36281535	36281666	131
LG2	36282736	36282886	150
LG2	36282953	36283198	245
LG2	36285444	36285710	266
LG2	36285786	36286013	227
LG2	36286144	36286299	155
LG2	36286638	36286803	165
LG2	36286890	36287102	212
LG2	36287275	36287398	123
LG2	36287509	36287712	203
LG2	36287817	36288114	297
LG2	36288876	36288998	122
LG2	36289068	36289146	78
LG2	36289679	36289958	279
LG2	36290167	36290231	64
LG2	36290583	36290632	49
LG2	36291382	36291461	79
LG2	36291750	36292329	579
LG2	36300518	36300932	414
LG2	36325326	36325370	44
LG2	36328338	36328482	144
LG2	36335196	36335296	100
LG2	36336957	36337140	183
LG2	36344246	36344526	280
LG2	36344569	36344729	160
LG2	36345289	36345700	411
LG2	36369250	36369330	80
LG2	36381501	36381644	143
LG2	36381763	36381858	95
LG2	36384014	36384095	81
LG2	36386952	36387167	215
LG2	36389038	36389115	77
LG2	36389776	36389888	112
LG2	36405688	36405836	148
LG2	36405894	36406116	222
LG2	36418309	36418508	199
LG2	36418646	36418820	174
LG2	36439476	36439531	55
LG2	36439686	36439859	173
LG2	36439953	36442397	2444
LG2	36445311	36445513	202
LG2	36445546	36445608	62
LG2	36447781	36447885	104
LG2	36453234	36453451	217
LG2	36462956	36463178	222
LG2	36465054	36465201	147
LG2	36465236	36465295	59
LG2	36468225	36468306	81
LG2	36468308	36468503	195
LG2	36468512	36469062	550
LG2	36469121	36469219	98
LG2	36469285	36469419	134
LG2	36480062	36480120	58
